    -5.9298469    -5.8953793    -5.8392065    -5.7631027    -5.6693061    -5.5603266    -5.4387565    -5.3071086    -5.1676935    -5.0225404    -4.8733598    -4.7215372    -4.5681515    -4.4140072    -4.2596742    -4.1055279    -3.9517887    -3.7985564    -3.6458395    -3.4935800    -3.3416729    -3.1899818    -3.0383507    -2.8866135    -2.7346003    -2.5821438    -2.4290826    -2.2752651    -2.1205524    -1.9648212    -1.8079665    -1.6499049    -1.4905778    -1.3299552    -1.1680400    -1.0048727    -0.8405372    -0.6751659    -0.5089467    -0.3421289    -0.1750300    -0.0080420     0.1583624     0.3236261     0.4871033     0.6480596     0.8056737     0.9590434     1.1071960     1.2491037     1.3837046     1.5099293     1.6267331     1.7331318     1.8282405     1.9113123     1.9817740     2.0392541     2.0836007     2.1148839     2.1333820     2.1395492     2.1339680     2.1172915     2.0901822     2.0532590     2.0070616     1.9520423     1.8885879     1.8170711     1.7379228     1.6517094     1.5591983     1.4613959     1.3595469     1.2550932     1.1495992     1.0446593     0.9418015     0.8424049     0.7476388     0.6584290     0.5754476     0.4991234     0.4296643     0.3670887     0.3112583     0.2619110     0.2186920     0.1811806     0.1489139     0.1214064     0.0981666     0.0787103     0.0625707     0.0493068     0.0385089     0.0298027     0.0228513     0.0173559
    -5.8953793    -5.8618829    -5.8072386    -5.7331011    -5.6415695    -5.5350132    -5.4158989    -5.2866378    -5.1494677    -5.0063727    -4.8590419    -4.7088578    -4.5569090    -4.4040175    -4.2507744    -4.0975776    -3.9446691    -3.7921683    -3.6401012    -3.4884244    -3.3370456    -3.1858383    -3.0346548    -2.8833354    -2.7317156    -2.5796319    -2.4269258    -2.2734482    -2.1190618    -1.9636443    -1.8070918    -1.6493211    -1.4902740    -1.3299204    -1.1682631    -1.0053427    -0.8412425    -0.6760948    -0.5100869    -0.3434679    -0.1765548    -0.0097395     0.1565062     0.3216249     0.4849716     0.6458119     0.8033247     0.9566080     1.1046891     1.2465402     1.3810992     1.5072967     1.6240876     1.7304872     1.8256103     1.9087094     1.9792105     2.0367416     2.0811496     2.1125040     2.1310819     2.1373364     2.1318492     2.1152721     2.0882666     2.0514503     2.0053621     1.9504530     1.8871089     1.8157018     1.7366616     1.6505538     1.5581451     1.4604415     1.3586869     1.2543227     1.1489131     1.0440521     0.9412674     0.8419381     0.7472335     0.6580793     0.5751480     0.4988684     0.4294488     0.3669079     0.3111076     0.2617865     0.2185898     0.1810974     0.1488466     0.1213524     0.0981237     0.0786765     0.0625443     0.0492863     0.0384932     0.0297907     0.0228423     0.0173492
    -5.8392065    -5.8072386    -5.7550055    -5.6839810    -5.5960506    -5.4933662    -5.3781961    -5.2527891    -5.1192631    -4.9795257    -4.8352267    -4.6877393    -4.5381640    -4.3873483    -4.2359158    -4.0842995    -3.9327758    -3.7814958    -3.6305138    -3.4798108    -3.3293145    -3.1789156    -3.0284798    -2.8778584    -2.7268953    -2.5754337    -2.4233204    -2.2704099    -2.1165677    -1.9616737    -1.8056251    -1.6483396    -1.4897593    -1.3298543    -1.1686274    -1.0061186    -0.8424110    -0.6776362    -0.5119810    -0.3456937    -0.1790908    -0.0125635     0.1534169     0.3182938     0.4814224     0.6420688     0.7994124     0.9525512     1.1005126     1.2422688     1.3767575     1.5029091     1.6196779     1.7260787     1.8212254     1.9043696     1.9749361     2.0325516     2.0770618     2.1085345     2.1272451     2.1336452     2.1283145     2.1119029     2.0850702     2.0484321     2.0025257     1.9478005     1.8846405     1.8134162     1.7345561     1.6486244     1.5563868     1.4588478     1.3572507     1.2530360     1.1477672     1.0430377     0.9403752     0.8411582     0.7465562     0.6574951     0.5746474     0.4984423     0.4290887     0.3666057     0.3108559     0.2615783     0.2184189     0.1809582     0.1487341     0.1212623     0.0980520     0.0786199     0.0625000     0.0492520     0.0384668     0.0297707     0.0228272     0.0173379
    -5.7631027    -5.7331011    -5.6839810    -5.6169954    -5.5337664    -5.4361723    -5.3262271    -5.2059654    -5.0773420    -4.9421550    -4.8019930    -4.6582083    -4.5119099    -4.3639734    -4.2150621    -4.0656534    -3.9160686    -3.7665009    -3.6170424    -3.4677073    -3.3184513    -3.1691882    -3.0198028    -2.8701615    -2.7201203    -2.5695318    -2.4182500    -2.2661347    -2.1130556    -1.9588952    -1.8035528    -1.6469472    -1.4890211    -1.3297449    -1.1691211    -1.0071893    -0.8440320    -0.6797800    -0.5146193    -0.3487972    -0.1826295    -0.0165063     0.1491018     0.3136390     0.4764612     0.6368352     0.7939407     0.9468760     1.0946688     1.2362911     1.3706806     1.4967669     1.6135038     1.7199053     1.8150840     1.8982904     1.9689477     2.0266808     2.0713334     2.1029711     2.1218672     2.1284706     2.1233586     2.1071785     2.0805875     2.0441989     1.9985472     1.9440793     1.8811771     1.8102089     1.7316013     1.6459166     1.5539186     1.4566105     1.3552343     1.2512292     1.1461579     1.0416131     0.9391219     0.8400626     0.7456047     0.6566741     0.5739438     0.4978434     0.4285825     0.3661809     0.3105019     0.2612855     0.2181786     0.1807624     0.1485759     0.1211354     0.0979511     0.0785403     0.0624378     0.0492038     0.0384297     0.0297425     0.0228059     0.0173219
    -5.6693061    -5.6415695    -5.5960506    -5.5337664    -5.4560521    -5.3644820    -5.2607796    -5.1467267    -5.0240783    -4.8944901    -4.7594643    -4.6203143    -4.4781473    -4.3338638    -4.1881681    -4.0415870    -3.8944936    -3.7471314    -3.5996385    -3.4520698    -3.3044160    -3.1566202    -3.0085914    -2.8602153    -2.7113637    -2.5619011    -2.4116911    -2.2606006    -2.1085043    -1.9552888    -1.8008556    -1.6451254    -1.4880417    -1.3295750    -1.1697276    -1.0085388    -0.8460902    -0.6825116    -0.5179880    -0.3527656    -0.1871589    -0.0215569     0.1435709     0.3076697     0.4700963     0.6301182     0.7869158     0.9395877     1.0871619     1.2286102     1.3628701     1.4888707     1.6055649     1.7119656     1.8071842     1.8904691     1.9612418     2.0191248     2.0639593     2.0958083     2.1149419     2.1218060     2.1169746     2.1010918     2.0748114     2.0387433     1.9934188     1.9392819     1.8767114     1.8060729     1.7277902     1.6424234     1.5507341     1.4537236     1.3526319     1.2488971     1.1440804     1.0397737     0.9375033     0.8386475     0.7443755     0.6556133     0.5730345     0.4970694     0.4279281     0.3656316     0.3100441     0.2609068     0.2178677     0.1805091     0.1483711     0.1209712     0.0978205     0.0784373     0.0623572     0.0491413     0.0383817     0.0297059     0.0227783     0.0173013
    -5.5603266    -5.5350132    -5.4933662    -5.4361723    -5.3644820    -5.2795598    -5.1828244    -5.0757824    -4.9599608    -4.8368437    -4.7078194    -4.5741396    -4.4368931    -4.2969947    -4.1551846    -4.0120390    -3.8679855    -3.7233227    -3.5782409    -3.4328418    -3.2871571    -3.1411649    -2.9948031    -2.8479812    -2.7005899    -2.5525088    -2.4036131    -2.2537785    -2.1028864    -1.9508280    -1.7975083    -1.6428498    -1.4867972    -1.3293215    -1.1704249    -1.0101459    -0.8485653    -0.6858117    -0.5220688    -0.3575815    -0.1926627    -0.0277001     0.1368381     0.3003985     0.4623388     0.6219277     0.7783461     0.9306933     1.0779974     1.2192303     1.3533290     1.4792222     1.5958617     1.7022589     1.7975237     1.8809024     1.9518140     2.0098783     2.0549335     2.0870390     2.1064616     2.1136432     2.1091539     2.0936338     2.0677324     2.0320558     1.9871313     1.9333990     1.8712342     1.8009990     1.7231141     1.6381365     1.5468252     1.4501792     1.3494364     1.2460327     1.1415283     1.0375136     0.9355144     0.8369082     0.7428643     0.6543090     0.5719163     0.4961172     0.4271230     0.3649556     0.3094807     0.2604407     0.2174849     0.1801972     0.1481189     0.1207689     0.0976596     0.0783103     0.0622579     0.0490642     0.0383225     0.0296608     0.0227442     0.0172758
    -5.4387565    -5.4158989    -5.3781961    -5.3262271    -5.2607796    -5.1828244    -5.0934814    -4.9939763    -4.8855921    -4.7696186    -4.6473037    -4.5198118    -4.3881914    -4.2533542    -4.1160654    -3.9769442    -3.8364706    -3.6949996    -3.5527767    -3.4099548    -3.2666117    -3.1227647    -2.9783855    -2.8334111    -2.6877547    -2.5413137    -2.3939773    -2.2456320    -2.0961671    -1.9454797    -1.7934787    -1.6400894    -1.4852579    -1.3289558    -1.1711851    -1.0119838    -0.8514315    -0.6896556    -0.5268383    -0.3632226    -0.1991201    -0.0349166     0.1289213     0.2918416     0.4532036     0.6122768     0.7682431     0.9202025     1.0671833     1.2081576     1.3420621     1.4678243     1.5843953     1.6907849     1.7861008     1.8695871     1.9406598     1.9989356     2.0442491     2.0766557     2.0964178     2.1039730     2.0998866     2.0847940     2.0593398     2.0241254     1.9796734     1.9264194     1.8647343     1.7949763     1.7175622     1.6330456     1.5421823     1.4459682     1.3456389     1.2426281     1.1384941     1.0348260     0.9331486     0.8348389     0.7410660     0.6527565     0.5705850     0.4949834     0.4261640     0.3641503     0.3088093     0.2598850     0.2170285     0.1798252     0.1478180     0.1205275     0.0974675     0.0781587     0.0621393     0.0489722     0.0382517     0.0296068     0.0227035     0.0172454
    -5.3071086    -5.2866378    -5.2527891    -5.2059654    -5.1467267    -5.0757824    -4.9939763    -4.9022637    -4.8016816    -4.6933111    -4.5782384    -4.4575154    -4.3321250    -4.2029542    -4.0707759    -3.9362398    -3.7998716    -3.6620792    -3.5231632    -3.3833297    -3.2427053    -3.1013510    -2.9592753    -2.8164467    -2.6728042    -2.5282657    -2.3827368    -2.2361166    -2.0883041    -1.9392032    -1.7887278    -1.6368065    -1.4833872    -1.3284424    -1.1719741    -1.0140195    -0.8546571    -0.6940130    -0.5322674    -0.3696616    -0.2065052    -0.0431821     0.1198430     0.2820199     0.4427093     0.6011822     0.7566215     0.9081280     1.0547306     1.1954011     1.3290759     1.4546819     1.5711688     1.6775446     1.7729148     1.8565207     1.9277752     1.9862913     2.0318992     2.0646501     2.0848012     2.0927852     2.0891618     2.0745609     2.0496216     2.0149398     1.9710326     1.9183305     1.8571994     1.7879926     1.7111227     1.6271392     1.5367941     1.4410800     1.3412295     1.2386738     1.1349691     1.0317028     0.9303986     0.8324329     0.7389745     0.6509505     0.5690358     0.4936636     0.4250475     0.3632124     0.3080271     0.2592375     0.2164965     0.1793914     0.1474672     0.1202459     0.0972433     0.0779818     0.0620008     0.0488647     0.0381691     0.0295438     0.0226559     0.0172098
    -5.1676935    -5.1494677    -5.1192631    -5.0773420    -5.0240783    -4.9599608    -4.8855921    -4.8016816    -4.7090302    -4.6085082    -4.5010260    -4.3875015    -4.2688274    -4.1458415    -4.0193024    -3.8898733    -3.7581131    -3.6244749    -3.4893102    -3.3528775    -3.2153533    -3.0768440    -2.9373985    -2.7970195    -2.6556745    -2.5133051    -2.3698354    -2.2251792    -2.0792466    -1.9319500    -1.7832089    -1.6329560    -1.4811415    -1.3277390    -1.1727507    -1.0162133    -0.8582039    -0.6988470    -0.5383209    -0.3768650    -0.2147863    -0.0524668     0.1096311     0.2709589     0.4308795     0.5886653     0.7435004     0.8944867     1.0406533     1.1809725     1.3143801     1.4398022     1.5561870     1.6625407     1.7579663     1.8417019     1.9131570     1.9719402     2.0178772     2.0510140     2.0716024     2.0800691     2.0769677     2.0629220     2.0385647     2.0044854     1.9611951     1.9091183     1.8486153     1.7800340     1.7037821     1.6204041     1.5306480     1.4355026     1.3361969     1.2341593     1.1309434     1.0281350     0.9272562     0.8296827     0.7365832     0.6488848     0.5672634     0.4921532     0.4237693     0.3621384     0.3071312     0.2584956     0.2158867     0.1788941     0.1470647     0.1199228     0.0969861     0.0777787     0.0618417     0.0487413     0.0380741     0.0294714     0.0226012     0.0171688
    -5.0225404    -5.0063727    -4.9795257    -4.9421550    -4.8944901    -4.8368437    -4.7696186    -4.6933111    -4.6085082    -4.5158775    -4.4161495    -4.3100940    -4.1984922    -4.0821081    -3.9616626    -3.8378110    -3.7111285    -3.5821011    -3.4511234    -3.3185018    -3.1844611    -3.0491537    -2.9126701    -2.7750498    -2.6362912    -2.4963621    -2.3552072    -2.2127573    -2.0689352    -1.9236628    -1.7768668    -1.6284844    -1.4784689    -1.3267954    -1.1734664    -1.0185180    -0.8620262    -0.7041137    -0.5449568    -0.3847923    -0.2239252    -0.0627346     0.0983193     0.2586903     0.4177434     0.5747526     0.7289038     0.8792998     1.0249703     1.1648879     1.2979879     1.4231957     1.5394579     1.6457787     1.7412581     1.8251312     1.8968033     1.9558785     2.0021773     2.0357399     2.0568122     2.0658141     2.0632927     2.0498645     2.0261555     1.9927480     1.9501462     1.8987680     1.8389672     1.7710858     1.6955257     1.6128262     1.5237305     1.4292229     1.3305287     1.2290729     1.1264062     1.0241124     0.9237121     0.8265799     0.7338843     0.6465527     0.5652617     0.4904468     0.4223248     0.3609242     0.3061179     0.2576562     0.2151967     0.1783311     0.1466090     0.1195569     0.0966946     0.0775484     0.0616614     0.0486012     0.0379663     0.0293892     0.0225390     0.0171223
    -4.8733598    -4.8590419    -4.8352267    -4.8019930    -4.7594643    -4.7078194    -4.6473037    -4.5782384    -4.5010260    -4.4161495    -4.3241658    -4.2256906    -4.1213791    -4.0119008    -3.8979151    -3.7800470    -3.6588677    -3.5348798    -3.4085091    -3.2801019    -3.1499268    -3.0181803    -2.8849946    -2.7504470    -2.6145689    -2.4773559    -2.3387760    -2.1987783    -2.0573002    -1.9142749    -1.7696370    -1.6233294    -1.4753090    -1.3255528    -1.1740641    -1.0208783    -0.8660705    -0.7097615    -0.5521251    -0.3933960    -0.2338762    -0.0739422     0.0859484     0.2452522     0.4033362     0.5594768     0.7128614     0.8625939     1.0077051     1.1471677     1.2799169     1.4048770     1.5209930     1.6272670     1.7227961     1.8068116     1.8787146     1.9381040     1.9847950     2.0188213     2.0404221     2.0500102     2.0481251     2.0353757     2.0123801     1.9797129     1.9378708     1.8872640     1.8282394     1.7611323     1.6863380     1.6043904     1.5160268     1.4222269     1.3242116     1.2234020     1.1213459     1.0196244     0.9197564     0.8231155     0.7308698     0.6439469     0.5630243     0.4885388     0.4207090     0.3595655     0.3049837     0.2567163     0.2144236     0.1777002     0.1460981     0.1191464     0.0963675     0.0772899     0.0614588     0.0484439     0.0378452     0.0292968     0.0224692     0.0170700
    -4.7215372    -4.7088578    -4.6877393    -4.6582083    -4.6203143    -4.5741396    -4.5198118    -4.4575154    -4.3875015    -4.3100940    -4.2256906    -4.1347572    -4.0378158    -3.9354269    -3.8281685    -3.7166130    -3.6013058    -3.4827473    -3.3613791    -3.2375761    -3.1116429    -2.9838157    -2.8542665    -2.7231097    -2.5904108    -2.4561946    -2.3204540    -2.1831585    -2.0442618    -1.9037093    -1.7614452    -1.6174189    -1.4715918    -1.3239432    -1.1744775    -1.0232299    -0.8702743    -0.7157297    -0.5597676    -0.4026199    -0.2445856    -0.0860385     0.0725670     0.2306902     0.3877008     0.5428774     0.6954094     0.8444022     0.9888875     1.1278384     1.2601899     1.3848654     1.5008084     1.6070184     1.7025895     1.7867493     1.8588940     1.9186174     1.9657281     2.0002535     2.0224253     2.0326484     2.0314542     2.0194433     1.9972250     1.9653657     1.9243534     1.8745904     1.8164157     1.7501571     1.6762030     1.5950806     1.5075216     1.4144998     1.3172313     1.2171333     1.1157498     1.0146592     0.9153783     0.8192797     0.7275308     0.6410594     0.5605440     0.4864228     0.4189163     0.3580575     0.3037243     0.2556723     0.2135646     0.1769988     0.1455299     0.1186898     0.0960035     0.0770022     0.0612333     0.0482687     0.0377102     0.0291937     0.0223912     0.0170116
    -4.5681515    -4.5569090    -4.5381640    -4.5119099    -4.4781473    -4.4368931    -4.3881914    -4.3321250    -4.2688274    -4.1984922    -4.1213791    -4.0378158    -3.9481935    -3.8529565    -3.7525868    -3.6475854    -3.5384513    -3.4256623    -3.3096580    -3.1908274    -3.0695007    -2.9459463    -2.8203714    -2.6929260    -2.5637088    -2.4327745    -2.3001422    -2.1658030    -2.0297284    -1.8918779    -1.7522062    -1.6106703    -1.4672369    -1.3218884    -1.1746304    -1.0254986    -0.8745655    -0.7219483    -0.5678164    -0.4123985    -0.2559906    -0.0989633     0.0582323     0.2150586     0.3708881     0.5250020     0.6765919     0.8247650     0.9685541     1.1069327     1.2388359     1.3631861     1.4789253     1.5850505     1.6806526     1.7649549     1.8373488     1.8974222     1.9449775     1.9800344     2.0028169     2.0137215     2.0132708     2.0020560     1.9806776     1.9496922     1.9095790     1.8607314     1.8034798     1.7381437     1.6651041     1.5848808     1.4981987     1.4060261     1.3095733     1.2102528     1.1096049     1.0092047     0.9105668     0.8150623     0.7238580     0.6378820     0.5578135     0.4840924     0.4169412     0.3563953     0.3023356     0.2545206     0.2126166     0.1762244     0.1449023     0.1181852     0.0956011     0.0766839     0.0609837     0.0480746     0.0375607     0.0290795     0.0223048     0.0169468
    -4.4140072    -4.4040175    -4.3873483    -4.3639734    -4.3338638    -4.2969947    -4.2533542    -4.2029542    -4.1458415    -4.0821081    -4.0119008    -3.9354269    -3.8529565    -3.7648183    -3.6713914    -3.5730915    -3.4703534    -3.3636130    -3.2532893    -3.1397689    -3.0233940    -2.9044553    -2.7831885    -2.6597747    -2.5343439    -2.4069802    -2.2777290    -2.1466044    -2.0135967    -1.8786808    -1.7418231    -1.6029895    -1.4621527    -1.3192989    -1.1744358    -1.0275993    -0.8788612    -0.7283370    -0.5761934    -0.4226562    -0.2680184    -0.1126467     0.0430111     0.1984207     0.3529580     0.5059069     0.6564615     0.8037309     0.9467494     1.0844912     1.2158912     1.3398713     1.4553717     1.5613869     1.6570046     1.7414437     1.8140904     1.8745265     1.9225473     1.9581650     1.9815950     1.9932248     1.9935675     1.9832045     1.9627263     1.9326795     1.8935335     1.8456718     1.7894157     1.7250758     1.6530246     1.5737742     1.4880422     1.3967900     1.3012222     1.2027461     1.1028975     1.0032482     0.9053101     0.8104525     0.7198417     0.6344058     0.5548250     0.4815406     0.4147774     0.3545736     0.3008129     0.2532572     0.2115762     0.1753743     0.1442129     0.1176307     0.0951587     0.0763339     0.0607091     0.0478611     0.0373960     0.0289538     0.0222096     0.0168754
    -4.2596742    -4.2507744    -4.2359158    -4.2150621    -4.1881681    -4.1551846    -4.1160654    -4.0707759    -4.0193024    -3.9616626    -3.8979151    -3.8281685    -3.7525868    -3.6713914    -3.5848585    -3.4933111    -3.3971072    -3.2966245    -3.1922432    -3.0843303    -2.9732250    -2.8592277    -2.7425931    -2.6235273    -2.5021873    -2.3786847    -2.2530909    -2.1254427    -1.9957505    -1.8640052    -1.7301865    -1.5942701    -1.4562355    -1.3160737    -1.1737948    -1.0294355    -0.8830672    -0.7348036    -0.5848091    -0.4333065    -0.2805849    -0.1270078     0.0269809     0.1808507     0.3339808     0.4856585     0.6350804     0.7813580     0.9235270     1.0605628     1.1914002     1.3149606     1.4301825     1.5360582     1.6316715     1.7162372     1.7891358     1.8499429     1.8984465     1.9346504     1.9587611     1.9711566     1.9723397     1.9628816     1.9433617     1.9143161     1.8762036     1.8293972     1.7742081     1.7109374     1.6399484     1.5617445     1.4770356     1.3867757     1.2921629     1.1945986     1.0956140     0.9967768     0.8995961     0.8054394     0.7154719     0.6306219     0.5515703     0.4787603     0.4124188     0.3525869     0.2991515     0.2518781     0.2104400     0.1744453     0.1434594     0.1170243     0.0946747     0.0759508     0.0604084     0.0476271     0.0372156     0.0288158     0.0221052     0.0167970
    -4.1055279    -4.0975776    -4.0842995    -4.0656534    -4.0415870    -4.0120390    -3.9769442    -3.9362398    -3.8898733    -3.8378110    -3.7800470    -3.7166130    -3.6475854    -3.5730915    -3.4933111    -3.4084746    -3.3188563    -3.2247635    -3.1265227    -3.0244649    -2.9189101    -2.8101544    -2.6984605    -2.5840501    -2.4671017    -2.3477507    -2.2260920    -2.1021851    -1.9760602    -1.8477253    -1.7171739    -1.5843925    -1.4493685    -1.3120985    -1.1725957    -1.0308980    -0.8870768    -0.7412442    -0.5935621    -0.4442504    -0.2935946    -0.1419542     0.0102308     0.1624339     0.3140381     0.4643341     0.6125216     0.7577145     0.8989506     1.0352062     1.1654167     1.2885027     1.4034014     1.5091026     1.6046866     1.6893636     1.7625086     1.8236904     1.8726892     1.9095005     1.9343212     1.9475191     1.9495863     1.9410829     1.9225768     1.8945929     1.8575782     1.8118948     1.7578430     1.6957135     1.6258598     1.5487759     1.4651631     1.3759675     1.2823799     1.1857956     1.0877403     0.9897774     0.8934128     0.8000117     0.7107384     0.6265209     0.5480412     0.4757441     0.4098589     0.3504295     0.2973466     0.2503791     0.2092045     0.1734347     0.1426392     0.1163640     0.0941474     0.0755332     0.0600805     0.0473718     0.0370186     0.0286652     0.0219910     0.0167114
    -3.9517887    -3.9446691    -3.9327758    -3.9160686    -3.8944936    -3.8679855    -3.8364706    -3.7998716    -3.7581131    -3.7111285    -3.6588677    -3.6013058    -3.5384513    -3.4703534    -3.3971072    -3.3188563    -3.2357906    -3.1481407    -3.0561686    -2.9601551    -2.8603860    -2.7571387    -2.6506703    -2.5412082    -2.4289442    -2.3140316    -2.1965856    -2.0766863    -1.9543831    -1.8297013    -1.7026486    -1.5732232    -1.4414213    -1.3072457    -1.1707134    -1.0318643    -0.8907699    -0.7475411    -0.6023377    -0.4553762    -0.3069387    -0.1573805    -0.0071374     0.1432683     0.2932236     0.4420230     0.5888697     0.7328803     0.8730947     1.0084908     1.1380044     1.2605560     1.3750812     1.4805674     1.5760916     1.6608591     1.7342394     1.7957942     1.8452959     1.8827308     1.9082862     1.9223190     1.9253102     1.9178078     1.9003679     1.8735031     1.8376483     1.7931536     1.7403078     1.6793904     1.6107442     1.5348533     1.4524094     1.3643500     1.2718584     1.1763226     1.0792625     0.9822369     0.8867478     0.7941582     0.7056308     0.6220936     0.5442294     0.4724845     0.4070910     0.3480958     0.2953931     0.2487560     0.2078660     0.1723393     0.1417498     0.1156476     0.0935750     0.0750797     0.0597242     0.0470943     0.0368044     0.0285013     0.0218668     0.0166181
    -3.7985564    -3.7921683    -3.7814958    -3.7665009    -3.7471314    -3.7233227    -3.6949996    -3.6620792    -3.6244749    -3.5821011    -3.5348798    -3.4827473    -3.4256623    -3.3636130    -3.2966245    -3.2247635    -3.1481407    -3.0669097    -2.9812617    -2.8914174    -2.7976156    -2.7001010    -2.5991120    -2.4948696    -2.3875688    -2.2773737    -2.1644147    -2.0487888    -1.9305632    -1.8097794    -1.6864597    -1.5606142    -1.4322488    -1.3013730    -1.1680085    -1.0321976    -0.8940123    -0.7535630    -0.6110071    -0.4665582    -0.3204946    -0.1731676    -0.0250084     0.1234650     0.2716441     0.4188275     0.5642220     0.7069474     0.8460461     0.9804976     1.1092388     1.2311897     1.3452850     1.4505097     1.5459373     1.6307687     1.7043671     1.7662875     1.8162940     1.8543636     1.8806732     1.8955687     1.8995191     1.8930601     1.8767350     1.8510436     1.8164078     1.7731653     1.7215922     1.6619561     1.5945885     1.5199626     1.4387600     1.3519089     1.2605838     1.1661654     1.0701672     0.9741424     0.8795892     0.7878676     0.7001389     0.6173306     0.5401263     0.4689741     0.4041086     0.3455799     0.2932861     0.2470044     0.2064207     0.1711560     0.1407885     0.1148729     0.0929558     0.0745888     0.0593384     0.0467937     0.0365722     0.0283236     0.0217320     0.0165168
    -3.6458395    -3.6401012    -3.6305138    -3.6170424    -3.5996385    -3.5782409    -3.5527767    -3.5231632    -3.4893102    -3.4511234    -3.4085091    -3.3613791    -3.3096580    -3.2532893    -3.1922432    -3.1265227    -3.0561686    -2.9812617    -2.9019221    -2.8183048    -2.7305925    -2.6389855    -2.5436906    -2.4449100    -2.3428313    -2.2376200    -2.1294146    -2.0183248    -1.9044320    -1.7877923    -1.6684418    -1.5464028    -1.4216909    -1.2943231    -1.1643263    -1.0317459    -0.8966550    -0.7591634    -0.6194268    -0.4776559    -0.3341253    -0.1891820    -0.0432526     0.1031496     0.2494207     0.3948637     0.5386895     0.6800214     0.8179045     0.9513205     1.0792073     1.2004850     1.3140875     1.4189975     1.5142853     1.5991469     1.6729400     1.7352122     1.7857191     1.8244283     1.8515060     1.8672864     1.8722263     1.8668484     1.8516826     1.8272151     1.7938543     1.7519243     1.7016883     1.6434009     1.5773815     1.5040917     1.4242020     1.3386306     1.2485427     1.1553109     1.0604413     0.9654816     0.8719252     0.7811291     0.6942526     0.6122228     0.5357238     0.4652055     0.4009050     0.3428761     0.2910205     0.2451200     0.2048652     0.1698818     0.1397528     0.1140378     0.0922879     0.0740591     0.0589219     0.0464690     0.0363213     0.0281314     0.0215862     0.0164072
    -3.4935800    -3.4884244    -3.4798108    -3.4677073    -3.4520698    -3.4328418    -3.4099548    -3.3833297    -3.3528775    -3.3185018    -3.2801019    -3.2375761    -3.1908274    -3.1397689    -3.0843303    -3.0244649    -2.9601551    -2.8914174    -2.8183048    -2.7409063    -2.6593434    -2.5737636    -2.4843313    -2.3912183    -2.2945932    -2.1946130    -2.0914160    -1.9851177    -1.8758095    -1.7635593    -1.6484153    -1.5304111    -1.4095721    -1.2859230    -1.1594965    -1.0303416    -0.8985329    -0.7641803    -0.6274378    -0.4885134    -0.3476782    -0.2052747    -0.0617250     0.0824627     0.2266893     0.3702626     0.5123978     0.6522221     0.7887838     0.9210668     1.0480106     1.1685358     1.2815755     1.3861105     1.4812079     1.5660593     1.6400163     1.7026193     1.7536155     1.7929626     1.8208158     1.8374975     1.8434516     1.8391872     1.8252204     1.8020230     1.7699893     1.7294290     1.6805914     1.6237178     1.5591142     1.4872300     1.4087239     1.3245031     1.2357227     1.1437465     1.0500727     0.9562426     0.8637446     0.7739320     0.6879621     0.6067611     0.5310136     0.4611713     0.3974739     0.3399786     0.2885914     0.2430985     0.2031956     0.1685133     0.1386400     0.1131401     0.0915697     0.0734892     0.0584734     0.0461192     0.0360509     0.0279243     0.0214289     0.0162889
    -3.3416729    -3.3370456    -3.3293145    -3.3184513    -3.3044160    -3.2871571    -3.2666117    -3.2427053    -3.2153533    -3.1844611    -3.1499268    -3.1116429    -3.0695007    -3.0233940    -2.9732250    -2.9189101    -2.8603860    -2.7976156    -2.7305925    -2.6593434    -2.5839283    -2.5044371    -2.4209844    -2.3337015    -2.2427275    -2.1482000    -2.0502480    -1.9489852    -1.8445066    -1.7368880    -1.6261868    -1.5124465    -1.3957014    -1.2759840    -1.1533329    -1.0278011    -0.8994652    -0.7684355    -0.6348648    -0.4989587    -0.3609846    -0.2212808    -0.0802646     0.0615608     0.2036017     0.3451708     0.4854878     0.6236844     0.7588123     0.8898583     1.0157637     1.1354497     1.2478492     1.3519412     1.4467900     1.5315827     1.6056651     1.6685704     1.7200372     1.7600133     1.7886426     1.8062352     1.8132217     1.8100974     1.7973638     1.7754779     1.7448188     1.7056816     1.6583006     1.6029029     1.5397805     1.4693696     1.3923164     1.3095159     1.2221129     1.1314609     1.0390501     0.9464145     0.8550369     0.7662665     0.6812581     0.6009370     0.5259881     0.4568646     0.3938090     0.3368820     0.2859938     0.2409357     0.2014083     0.1670478     0.1374476     0.1121777     0.0907992     0.0728775     0.0579919     0.0457434     0.0357602     0.0277015     0.0212597     0.0161616
    -3.1899818    -3.1858383    -3.1789156    -3.1691882    -3.1566202    -3.1411649    -3.1227647    -3.1013510    -3.0768440    -3.0491537    -3.0181803    -2.9838157    -2.9459463    -2.9044553    -2.8592277    -2.8101544    -2.7571387    -2.7001010    -2.6389855    -2.5737636    -2.5044371    -2.4310383    -2.3536278    -2.2722892    -2.1871230    -2.0982379    -2.0057434    -1.9097427    -1.8103278    -1.7075761    -1.6015508    -1.4923023    -1.3798727    -1.2643015    -1.1456329    -1.0239240    -0.8992542    -0.7717342    -0.6415160    -0.5088030    -0.3738592    -0.2370187    -0.0986940     0.0406170     0.1803259     0.3197508     0.4581165     0.5945590     0.7281343     0.8578321     0.9825960     1.1013486     1.2130225     1.3165955     1.4111291     1.4958063     1.5699673     1.6331381     1.6850487     1.7256368     1.7550350     1.7735408     1.7815713     1.7796072     1.7681350     1.7475962     1.7183545     1.6806891     1.6348190     1.5809560     1.5193775     1.4505054     1.3749723     1.2936610     1.2077040     1.1184446     1.0273637     0.9359874     0.8457924     0.7581233     0.6741320     0.5947424     0.5206397     0.4522786     0.3899042     0.3335809     0.2832233     0.2386277     0.1995000     0.1654821     0.1361731     0.1111484     0.0899748     0.0722227     0.0574762     0.0453408     0.0354486     0.0274625     0.0210782     0.0160249
    -3.0383507    -3.0346548    -3.0284798    -3.0198028    -3.0085914    -2.9948031    -2.9783855    -2.9592753    -2.9373985    -2.9126701    -2.8849946    -2.8542665    -2.8203714    -2.7831885    -2.7425931    -2.6984605    -2.6506703    -2.5991120    -2.5436906    -2.4843313    -2.4209844    -2.3536278    -2.2822675    -2.2069364    -2.1276892    -2.0445976    -1.9577427    -1.8672081    -1.7730743    -1.6754143    -1.5742913    -1.4697594    -1.3618657    -1.2506554    -1.1361778    -1.0184939    -0.8976856    -0.7738647    -0.6471826    -0.5178406    -0.3860997    -0.2522899    -0.1168188     0.0198210     0.1570468     0.2941821     0.4304571     0.5650129     0.6969097     0.8251410     0.9486528     1.0663695     1.1772240     1.2801933     1.3743364     1.4588325     1.5330163     1.5964069     1.6487257     1.6899003     1.7200519     1.7394652     1.7485433     1.7477523     1.7375630     1.7184010     1.6906137     1.6544639     1.6101544     1.5578811     1.4979058     1.4306352     1.3566877     1.2769322     1.1924890     1.1046897     1.0150051     0.9249527     0.8360026     0.7494942     0.6665759     0.5881701     0.5149618     0.4474072     0.3857540     0.3300703     0.2802754     0.2361705     0.1974673     0.1638134     0.1348140     0.1100504     0.0890949     0.0715234     0.0569252     0.0449104     0.0351154     0.0272068     0.0208838     0.0158785
    -2.8866135    -2.8833354    -2.8778584    -2.8701615    -2.8602153    -2.8479812    -2.8334111    -2.8164467    -2.7970195    -2.7750498    -2.7504470    -2.7231097    -2.6929260    -2.6597747    -2.6235273    -2.5840501    -2.5412082    -2.4948696    -2.4449100    -2.3912183    -2.3337015    -2.2722892    -2.2069364    -2.1376242    -2.0643590    -1.9871691    -1.9060994    -1.8212058    -1.7325489    -1.6401896    -1.5441851    -1.4445881    -1.3414475    -1.2348117    -1.1247337    -1.0112780    -0.8945286    -0.7745984    -0.6516386    -0.5258488    -0.3974868    -0.2668788    -0.1344276    -0.0006201     0.1339662     0.2686610     0.4027000     0.5352298     0.6653152     0.7919538     0.9140950     1.0306650     1.1405976     1.2428693     1.3365373     1.4207771     1.4949185     1.5584737     1.6111557     1.6528821     1.6837625     1.7040688     1.7141901     1.7145770     1.7056848     1.6879223     1.6616201     1.6270241     1.5843200     1.5336869     1.4753703     1.4097608     1.3374615     1.2593267     1.1764632     1.0901902     1.0019676     0.9133035     0.8256604     0.7403720     0.6585829     0.5812133     0.5089482     0.4422447     0.3813533     0.3263458     0.2771460     0.2335606     0.1953071     0.1620392     0.1333682     0.1088816     0.0881578     0.0707783     0.0563378     0.0444513     0.0347598     0.0269338     0.0206761     0.0157221
    -2.7346003    -2.7317156    -2.7268953    -2.7201203    -2.7113637    -2.7005899    -2.6877547    -2.6728042    -2.6556745    -2.6362912    -2.6145689    -2.5904108    -2.5637088    -2.5343439    -2.5021873    -2.4671017    -2.4289442    -2.3875688    -2.3428313    -2.2945932    -2.2427275    -2.1871230    -2.1276892    -2.0643590    -1.9970900    -1.9258641    -1.8506846    -1.7715723    -1.6885605    -1.6016899    -1.5110050    -1.4165511    -1.3183745    -1.2165234    -1.1110525    -1.0020282    -0.8895364    -0.7736906    -0.6546418    -0.5325879    -0.4077841    -0.2805527    -0.1512915    -0.0204824     0.1113032     0.2434008     0.3750524     0.5054101     0.6335440     0.7584562     0.8790997     0.9944033     1.1033023     1.2047733     1.2978717     1.3817702     1.4557938     1.5194483     1.5724384     1.6146719     1.6462470     1.6674226     1.6785734     1.6801348     1.6725457     1.6561979     1.6314047     1.5983942     1.5573345     1.5083872     1.4517803     1.3878878     1.3172962     1.2408445     1.1596247     1.0749428     0.9882467     0.9010345     0.8147602     0.7307510     0.6501472     0.5738667     0.5025936     0.4367862     0.3766976     0.3224031     0.2738315     0.2307949     0.1930167     0.1601570     0.1318336     0.1076404     0.0871621     0.0699862     0.0557130     0.0439628     0.0343811     0.0266431     0.0204549     0.0155553
    -2.5821438    -2.5796319    -2.5754337    -2.5695318    -2.5619011    -2.5525088    -2.5413137    -2.5282657    -2.5133051    -2.4963621    -2.4773559    -2.4561946    -2.4327745    -2.4069802    -2.3786847    -2.3477507    -2.3140316    -2.2773737    -2.2376200    -2.1946130    -2.1482000    -2.0982379    -2.0445976    -1.9871691    -1.9258641    -1.8606180    -1.7913900    -1.7181605    -1.6409289    -1.5597088    -1.4745244    -1.3854074    -1.2923957    -1.1955334    -1.0948737    -0.9904830    -0.8824474    -0.7708808    -0.6559336    -0.5378020    -0.4167387    -0.2930620    -0.1671653    -0.0395250     0.0892935     0.2186319     0.3477383     0.4757710     0.6018058     0.7248497     0.8438600     0.9577687     1.0655130     1.1660700     1.2584943     1.3419561     1.4157760     1.4794538     1.5326863     1.5753718     1.6075971     1.6296082     1.6417653     1.6444884     1.6381996     1.6232736     1.6000055     1.5686054     1.5292230     1.4820013     1.4271504     1.3650263     1.2961985     1.2214891     1.1419746     1.0589468     0.9738404     0.8881426     0.8032979     0.7206268     0.6412644     0.5661255     0.4958936     0.4310276     0.3717829     0.3182388     0.2703288     0.2278704     0.1905935     0.1581646     0.1302083     0.1063252     0.0861065     0.0691460     0.0550500     0.0434441     0.0339790     0.0263340     0.0202196     0.0153778
    -2.4290826    -2.4269258    -2.4233204    -2.4182500    -2.4116911    -2.4036131    -2.3939773    -2.3827368    -2.3698354    -2.3552072    -2.3387760    -2.3204540    -2.3001422    -2.2777290    -2.2530909    -2.2260920    -2.1965856    -2.1644147    -2.1294146    -2.0914160    -2.0502480    -2.0057434    -1.9577427    -1.9060994    -1.8506846    -1.7913900    -1.7281302    -1.6608434    -1.5894901    -1.5140506    -1.4345222    -1.3509165    -1.2632567    -1.1715777    -1.0759272    -0.9763687    -0.8729869    -0.7658945    -0.6552406    -0.5412198    -0.4240819    -0.3041415    -0.1817875    -0.0574908     0.0681892     0.1946006     0.3209980     0.4465460     0.5703266     0.6913524     0.8085853     0.9209612     1.0274198     1.1269395     1.2185747     1.3014934     1.3750127     1.4386267     1.4920250     1.5350963     1.5679164     1.5907185     1.6038485     1.6077105     1.6027101     1.5892039     1.5674689     1.5376963     1.5000169     1.4545545     1.4015003     1.3411914     1.2741790     1.2012678     1.1235175     1.0422042     0.9587490     0.8746266     0.7912718     0.7099969     0.6319314     0.5579867     0.4888449     0.4249656     0.3666063     0.3138500     0.2666351     0.2247848     0.1880354     0.1560602     0.1284907     0.1049346     0.0849898     0.0682568     0.0543479     0.0428946     0.0335527     0.0260063     0.0199700     0.0151895
    -2.2752651    -2.2734482    -2.2704099    -2.2661347    -2.2606006    -2.2537785    -2.2456320    -2.2361166    -2.2251792    -2.2127573    -2.1987783    -2.1831585    -2.1658030    -2.1466044    -2.1254427    -2.1021851    -2.0766863    -2.0487888    -2.0183248    -1.9851177    -1.9489852    -1.9097427    -1.8672081    -1.8212058    -1.7715723    -1.7181605    -1.6608434    -1.5995166    -1.5340997    -1.4645353    -1.3907885    -1.3128438    -1.2307041    -1.1443893    -1.0539368    -0.9594033    -0.8608693    -0.7584448    -0.6522763    -0.5425560    -0.4295307    -0.3135112    -0.1948816    -0.0741075     0.0482579     0.1715689     0.2950872     0.4179840     0.5393479     0.6581975     0.7735000     0.8841958     0.9892279     1.0875766     1.1782966     1.2605549     1.3336653     1.3971171     1.4505927     1.4939722     1.5273204     1.5508578     1.5649163     1.5698841     1.5661498     1.5540521     1.5338493     1.5057132     1.4697549     1.4260786     1.3748554     1.3164031     1.2512534     1.1801921     1.1042613     1.0247205     0.9429756     0.8604883     0.7786820     0.6988605     0.6221469     0.5494485     0.4814456     0.4185980     0.3611655     0.3092346     0.2627484     0.2215362     0.1853407     0.1538422     0.1266795     0.1034674     0.0838110     0.0673176     0.0536060     0.0423136     0.0331018     0.0256595     0.0197057     0.0149900
