     0.0181178     0.0354655     0.0513547     0.0652445     0.0767811     0.0858069     0.0923431     0.0965538     0.0987021     0.0991061     0.0981017     0.0960140     0.0931389     0.0897330     0.0860096     0.0821399     0.0782562     0.0744572     0.0708132     0.0673716     0.0641613     0.0611970     0.0584827     0.0560143     0.0537819     0.0517717     0.0499669     0.0483493     0.0468994     0.0455976     0.0444244     0.0433605     0.0423872     0.0414867     0.0406420     0.0398373     0.0390576     0.0382891     0.0375195     0.0367373     0.0359326     0.0350967     0.0342222     0.0333031     0.0323349     0.0313145     0.0302402     0.0291118     0.0279305     0.0266990     0.0254212     0.0241026     0.0227496     0.0213700     0.0199724     0.0185665     0.0171622     0.0157701     0.0144008     0.0130646     0.0117715     0.0105307     0.0093501     0.0082365     0.0071951     0.0062298     0.0053425     0.0045339     0.0038030     0.0031478     0.0025656     0.0020526     0.0016048     0.0012181     0.0008878     0.0006096     0.0003790     0.0001913     0.0000422    -0.0000729    -0.0001583    -0.0002183    -0.0002569    -0.0002780    -0.0002849    -0.0002809    -0.0002688    -0.0002509    -0.0002294    -0.0002058    -0.0001816    -0.0001578    -0.0001352    -0.0001142    -0.0000952    -0.0000783    -0.0000636    -0.0000511    -0.0000405    -0.0000317
     0.0354655     0.0694594     0.1006612     0.1280251     0.1508552     0.1688267     0.1819564     0.1905390     0.1950653     0.1961397     0.1944084     0.1905029     0.1850032     0.1784156     0.1711642     0.1635913     0.1559635     0.1484808     0.1412872     0.1344801     0.1281205     0.1222404     0.1168499     0.1119429     0.1075012     0.1034983     0.0999019     0.0966762     0.0937834     0.0911845     0.0888409     0.0867145     0.0847684     0.0829670     0.0812768     0.0796658     0.0781046     0.0765659     0.0750245     0.0734580     0.0718465     0.0701725     0.0684214     0.0665814     0.0646433     0.0626009     0.0604510     0.0581930     0.0558295     0.0533656     0.0508095     0.0481718     0.0454656     0.0427065     0.0399116     0.0371002     0.0342922     0.0315088     0.0287710     0.0260997     0.0235147     0.0210342     0.0186742     0.0164484     0.0143672     0.0124380     0.0106650     0.0090491     0.0075887     0.0062799     0.0051168     0.0040921     0.0031980     0.0024256     0.0017663     0.0012110     0.0007506     0.0003763     0.0000788    -0.0001506    -0.0003208    -0.0004402    -0.0005169    -0.0005584    -0.0005719    -0.0005636    -0.0005390    -0.0005030    -0.0004597    -0.0004124    -0.0003638    -0.0003161    -0.0002707    -0.0002286    -0.0001906    -0.0001568    -0.0001274    -0.0001023    -0.0000811    -0.0000635
     0.0513547     0.1006612     0.1460712     0.1861013     0.2197392     0.2464780     0.2662863     0.2795284     0.2868578     0.2891051     0.2871768     0.2819745     0.2743370     0.2650064     0.2546112     0.2436643     0.2325693     0.2216327     0.2110775     0.2010575     0.1916710     0.1829726     0.1749829     0.1676973     0.1610928     0.1551326     0.1497712     0.1449571     0.1406351     0.1367486     0.1332406     0.1300549     0.1271370     0.1244341     0.1218963     0.1194764     0.1171303     0.1148172     0.1125000     0.1101449     0.1077223     0.1052061     0.1025745     0.0998097     0.0968983     0.0938309     0.0906025     0.0872126     0.0836649     0.0799672     0.0761316     0.0721742     0.0681146     0.0639760     0.0597843     0.0555681     0.0513577     0.0471844     0.0430800     0.0390757     0.0352009     0.0314832     0.0279467     0.0246114     0.0214932     0.0186031     0.0159471     0.0135270     0.0113402     0.0093805     0.0076393     0.0061057     0.0047676     0.0036122     0.0026260     0.0017958     0.0011077     0.0005484     0.0001044    -0.0002379    -0.0004915    -0.0006690    -0.0007827    -0.0008439    -0.0008631    -0.0008496    -0.0008120    -0.0007574    -0.0006918    -0.0006205    -0.0005473    -0.0004753    -0.0004070    -0.0003437    -0.0002864    -0.0002356    -0.0001915    -0.0001537    -0.0001218    -0.0000955
     0.0652445     0.1280251     0.1861013     0.2376450     0.2813667     0.3165668     0.3431146     0.3613680     0.3720578     0.3761589     0.3747683     0.3690029     0.3599231     0.3484830     0.3355042     0.3216669     0.3075146     0.2934657     0.2798301     0.2668261     0.2545972     0.2432277     0.2327553     0.2231826     0.2144859     0.2066226     0.1995370     0.1931645     0.1874349     0.1822754     0.1776123     0.1733725     0.1694846     0.1658795     0.1624916     0.1592586     0.1561225     0.1530295     0.1499302     0.1467803     0.1435402     0.1401756     0.1366576     0.1329626     0.1290727     0.1249756     0.1206648     0.1161394     0.1114046     0.1064708     0.1013541     0.0960759     0.0906625     0.0851445     0.0795568     0.0739372     0.0683261     0.0627653     0.0572970     0.0519626     0.0468017     0.0418505     0.0371413     0.0327007     0.0285498     0.0247031     0.0211688     0.0179489     0.0150399     0.0124338     0.0101187     0.0080802     0.0063021     0.0047672     0.0034577     0.0023557     0.0014430     0.0007015     0.0001133    -0.0003395    -0.0006744    -0.0009084    -0.0010574    -0.0011368    -0.0011605    -0.0011409    -0.0010893    -0.0010152    -0.0009268    -0.0008308    -0.0007325    -0.0006360    -0.0005444    -0.0004596    -0.0003829    -0.0003150    -0.0002559    -0.0002053    -0.0001628    -0.0001275
     0.0767811     0.1508552     0.2197392     0.2813667     0.3342253     0.3774236     0.4106865     0.4342887     0.4489457     0.4556824     0.4557013     0.4502657     0.4406062     0.4278557     0.4130093     0.3969070     0.3802320     0.3635206     0.3471773     0.3314945     0.3166705     0.3028281     0.2900305     0.2782943     0.2676018     0.2579095     0.2491556     0.2412661     0.2341587     0.2277468     0.2219419     0.2166554     0.2118004     0.2072927     0.2030515     0.1990005     0.1950679     0.1911875     0.1872982     0.1833451     0.1792793     0.1750582     0.1706460     0.1660134     0.1611383     0.1560054     0.1506067     0.1449414     0.1390156     0.1328427     0.1264428     0.1198425     0.1130748     0.1061778     0.0991951     0.0921739     0.0851646     0.0782193     0.0713906     0.0647305     0.0582879     0.0521084     0.0462318     0.0406915     0.0355137     0.0307164     0.0263097     0.0222959     0.0186707     0.0154239     0.0125405     0.0100025     0.0077896     0.0058801     0.0042519     0.0028824     0.0017490     0.0008291     0.0001000    -0.0004603    -0.0008738    -0.0011617    -0.0013440    -0.0014397    -0.0014661    -0.0014390    -0.0013722    -0.0012777    -0.0011655    -0.0010442    -0.0009201    -0.0007986    -0.0006832    -0.0005766    -0.0004803    -0.0003950    -0.0003208    -0.0002574    -0.0002040    -0.0001598
     0.0858069     0.1688267     0.2464780     0.3165668     0.3774236     0.4279822     0.4677950     0.4969900     0.5161806     0.5263466     0.5287041     0.5245830     0.5153213     0.5021852     0.4863153     0.4686965     0.4501474     0.4313246     0.4127350     0.3947540     0.3776452     0.3615805     0.3466576     0.3329161     0.3203513     0.3089251     0.2985754     0.2892227     0.2807766     0.2731396     0.2662107     0.2598879     0.2540705     0.2486602     0.2435625     0.2386876     0.2339510     0.2292743     0.2245853     0.2198190     0.2149173     0.2098297     0.2045137     0.1989345     0.1930659     0.1868898     0.1803967     0.1735857     0.1664644     0.1590488     0.1513630     0.1434391     0.1353164     0.1270409     0.1186646     0.1102440     0.1018396     0.0935137     0.0853295     0.0773488     0.0696305     0.0622289     0.0551917     0.0485588     0.0423614     0.0366209     0.0313492     0.0265492     0.0222152     0.0183348     0.0148903     0.0118596     0.0092183     0.0069405     0.0049993     0.0033678     0.0020186     0.0009248     0.0000591    -0.0006049    -0.0010937    -0.0014324    -0.0016453    -0.0017550    -0.0017822    -0.0017457    -0.0016622    -0.0015459    -0.0014089    -0.0012612    -0.0011107    -0.0009635    -0.0008240    -0.0006951    -0.0005788    -0.0004759    -0.0003864    -0.0003100    -0.0002456    -0.0001924
     0.0923431     0.1819564     0.2662863     0.3431146     0.4106865     0.4677950     0.5138151     0.5486872     0.5728544     0.5871663     0.5927635     0.5909582     0.5831240     0.5706051     0.5546485     0.5363603     0.5166834     0.4963926     0.4761012     0.4562761     0.4372562     0.4192728     0.4024687     0.3869159     0.3726313     0.3595897     0.3477345     0.3369866     0.3272513     0.3184241     0.3103945     0.3030496     0.2962767     0.2899651     0.2840079     0.2783029     0.2727537     0.2672705     0.2617707     0.2561795     0.2504300     0.2444644     0.2382333     0.2316970     0.2248251     0.2175969     0.2100016     0.2020383     0.1937160     0.1850535     0.1760789     0.1668296     0.1573515     0.1476981     0.1379299     0.1281129     0.1183173     0.1086157     0.0990815     0.0897867     0.0807998     0.0721839     0.0639942     0.0562773     0.0490691     0.0423944     0.0362669     0.0306895     0.0256557     0.0211507     0.0171534     0.0136382     0.0105764     0.0079376     0.0056905     0.0038033     0.0022445     0.0009822    -0.0000149    -0.0007782    -0.0013381    -0.0017241    -0.0019643    -0.0020850    -0.0021106    -0.0020626    -0.0019606    -0.0018210    -0.0016579    -0.0014828    -0.0013049    -0.0011312    -0.0009669    -0.0008153    -0.0006786    -0.0005577    -0.0004527    -0.0003631    -0.0002877    -0.0002252
     0.0965538     0.1905390     0.2795284     0.3613680     0.4342887     0.4969900     0.5486872     0.5891197     0.6185182     0.6375380     0.6471664     0.6486175     0.6432255     0.6323489     0.6172923     0.5992494     0.5792674     0.5582302     0.5368573     0.5157117     0.4952162     0.4756715     0.4572759     0.4401439     0.4243231     0.4098094     0.3965591     0.3844992     0.3735364     0.3635629     0.3544625     0.3461141     0.3383956     0.3311859     0.3243670     0.3178257     0.3114549     0.3051542     0.2988312     0.2924019     0.2857914     0.2789344     0.2717756     0.2642701     0.2563838     0.2480935     0.2393872     0.2302641     0.2207347     0.2108205     0.2005538     0.1899773     0.1791433     0.1681129     0.1569551     0.1457452     0.1345630     0.1234915     0.1126141     0.1020129     0.0917659     0.0819446     0.0726122     0.0638214     0.0556128     0.0480145     0.0410418     0.0346978     0.0289747     0.0238553     0.0193153     0.0153252     0.0118521     0.0088609     0.0063160     0.0041809     0.0024194     0.0009952    -0.0001277    -0.0009848    -0.0016110    -0.0020400    -0.0023038    -0.0024324    -0.0024533    -0.0023915    -0.0022687    -0.0021040    -0.0019132    -0.0017095    -0.0015032    -0.0013022    -0.0011124    -0.0009375    -0.0007800    -0.0006408    -0.0005200    -0.0004168    -0.0003302    -0.0002584
     0.0987021     0.1950653     0.2868578     0.3720578     0.4489457     0.5161806     0.5728544     0.6185182     0.6531774     0.6772551     0.6915284     0.6970443     0.6950260     0.6867798     0.6736114     0.6567587     0.6373435     0.6163418     0.5945714     0.5726923     0.5512158     0.5305203     0.5108693     0.4924295     0.4752892     0.4594740     0.4449608     0.4316899     0.4195746     0.4085093     0.3983757     0.3890483     0.3803980     0.3722957     0.3646143     0.3572313     0.3500297     0.3429000     0.3357405     0.3284590     0.3209728     0.3132099     0.3051092     0.2966211     0.2877081     0.2783445     0.2685175     0.2582263     0.2474830     0.2363121     0.2247498     0.2128441     0.2006539     0.1882478     0.1757032     0.1631045     0.1505413     0.1381066     0.1258941     0.1139954     0.1024980     0.0914821     0.0810182     0.0711651     0.0619681     0.0534585     0.0456530     0.0385547     0.0321543     0.0264324     0.0213612     0.0169073     0.0130333     0.0096999     0.0068665     0.0044922     0.0025361     0.0009573    -0.0002845    -0.0012294    -0.0019165    -0.0023836    -0.0026666    -0.0027993    -0.0028124    -0.0027338    -0.0025879    -0.0023960    -0.0021759    -0.0019420    -0.0017061    -0.0014769    -0.0012607    -0.0010619    -0.0008830    -0.0007251    -0.0005882    -0.0004714    -0.0003732    -0.0002920
     0.0991061     0.1961397     0.2891051     0.3761589     0.4556824     0.5263466     0.5871663     0.6375380     0.6772551     0.7064993     0.7258055     0.7360040     0.7381461     0.7334220     0.7230791     0.7083490     0.6903891     0.6702411     0.6488057     0.6268331     0.6049239     0.5835391     0.5630150     0.5435798     0.5253715     0.5084546     0.4928350     0.4784734     0.4652963     0.4532055     0.4420857     0.4318105     0.4222473     0.4132614     0.4047191     0.3964900     0.3884491     0.3804786     0.3724689     0.3643201     0.3559426     0.3472581     0.3382003     0.3287153     0.3187621     0.3083133     0.2973548     0.2858866     0.2739223     0.2614890     0.2486274     0.2353908     0.2218444     0.2080643     0.1941363     0.1801538     0.1662162     0.1524262     0.1388875     0.1257017     0.1129653     0.1007668     0.0891842     0.0782821     0.0681105     0.0587035     0.0500792     0.0422405     0.0351767     0.0288657     0.0232764     0.0183712     0.0141084     0.0104439     0.0073326     0.0047289     0.0025873     0.0008624    -0.0004908    -0.0015166    -0.0022584    -0.0027582    -0.0030557    -0.0031881    -0.0031897    -0.0030912    -0.0029195    -0.0026982    -0.0024467    -0.0021811    -0.0019142    -0.0016556    -0.0014122    -0.0011888    -0.0009880    -0.0008109    -0.0006575    -0.0005267    -0.0004169    -0.0003261
     0.0981017     0.1944084     0.2871768     0.3747683     0.4557013     0.5287041     0.5927635     0.6471664     0.6915284     0.7258055     0.7502850     0.7655538     0.7724481     0.7719883     0.7653059     0.7535726     0.7379357     0.7194671     0.6991265     0.6777400     0.6559917     0.6344256     0.6134554     0.5933780     0.5743895     0.5566019     0.5400584     0.5247479     0.5106172     0.4975814     0.4855332     0.4743498     0.4638988     0.4540429     0.4446442     0.4355667     0.4266789     0.4178564     0.4089826     0.3999511     0.3906660     0.3810436     0.3710125     0.3605152     0.3495076     0.3379606     0.3258596     0.3132048     0.3000118     0.2863106     0.2721461     0.2575769     0.2426745     0.2275227     0.2122153     0.1968550     0.1815504     0.1664143     0.1515600     0.1370987     0.1231360     0.1097687     0.0970818     0.0851459     0.0740152     0.0637264     0.0542991     0.0457357     0.0380240     0.0311390     0.0250461     0.0197036     0.0150653     0.0110824     0.0077050     0.0048830     0.0025660     0.0007042    -0.0007518    -0.0018509    -0.0026407    -0.0031670    -0.0034736    -0.0036012    -0.0035872    -0.0034652    -0.0032647    -0.0030113    -0.0027264    -0.0024273    -0.0021280    -0.0018388    -0.0015673    -0.0013184    -0.0010950    -0.0008983    -0.0007280    -0.0005829    -0.0004612    -0.0003606
     0.0960140     0.1905029     0.2819745     0.3690029     0.4502657     0.5245830     0.5909582     0.6486175     0.6970443     0.7360040     0.7655538     0.7860352     0.7980470     0.8024012     0.8000655     0.7920997     0.7795922     0.7636033     0.7451190     0.7250193     0.7040585     0.6828583     0.6619100     0.6415831     0.6221387     0.6037439     0.5864872     0.5703936     0.5554369     0.5415525     0.5286465     0.5166044     0.5052982     0.4945916     0.4843452     0.4744197     0.4646795     0.4549948     0.4452436     0.4353140     0.4251048     0.4145274     0.4035064     0.3919807     0.3799040     0.3672454     0.3539900     0.3401389     0.3257093     0.3107345     0.2952635     0.2793603     0.2631028     0.2465821     0.2299004     0.2131690     0.1965062     0.1800342     0.1638761     0.1481526     0.1329781     0.1184574     0.1046825     0.0917295     0.0796569     0.0685039     0.0582911     0.0490205     0.0406779     0.0332357     0.0266554     0.0208912     0.0158921     0.0116048     0.0079744     0.0049461     0.0024650     0.0004766    -0.0010730    -0.0022369    -0.0030671    -0.0036133    -0.0039231    -0.0040407    -0.0040066    -0.0038573    -0.0036248    -0.0033366    -0.0030158    -0.0026813    -0.0023479    -0.0020268    -0.0017261    -0.0014509    -0.0012043    -0.0009874    -0.0007997    -0.0006401    -0.0005062    -0.0003957
     0.0931389     0.1850032     0.2743370     0.3599231     0.4406062     0.5153213     0.5831240     0.6432255     0.6950260     0.7381461     0.7724481     0.7980470     0.8153038     0.8248031     0.8273148     0.8237429     0.8150698     0.8022990     0.7864048     0.7682909     0.7487610     0.7285022     0.7080782     0.6879314     0.6683911     0.6496856     0.6319560     0.6152704     0.5996373     0.5850185     0.5713398     0.5585003     0.5463806     0.5348495     0.5237693     0.5130004     0.5024048     0.4918495     0.4812087     0.4703661     0.4592164     0.4476671     0.4356392     0.4230688     0.4099076     0.3961237     0.3817019     0.3666444     0.3509704     0.3347165     0.3179357     0.3006975     0.2830864     0.2652005     0.2471502     0.2290558     0.2110446     0.1932485     0.1758001     0.1588292     0.1424589     0.1268020     0.1119571     0.0980057     0.0850103     0.0730125     0.0620336     0.0520749     0.0431205     0.0351395     0.0280897     0.0219208     0.0165772     0.0120007     0.0081317     0.0049105     0.0022775     0.0001737    -0.0014593    -0.0026790    -0.0035413    -0.0041001    -0.0044067    -0.0045087    -0.0044497    -0.0042689    -0.0040008    -0.0036748    -0.0033157    -0.0029437    -0.0025745    -0.0022201    -0.0018889    -0.0015866    -0.0013160    -0.0010782    -0.0008729    -0.0006983    -0.0005520    -0.0004313
     0.0897330     0.1784156     0.2650064     0.3484830     0.4278557     0.5021852     0.5706051     0.6323489     0.6867798     0.7334220     0.7719883     0.8024012     0.8248031     0.8395526     0.8472044     0.8484764     0.8442048     0.8352934     0.8226629     0.8072051     0.7897458     0.7710177     0.7516453     0.7321387     0.7128955     0.6942084     0.6762763     0.6592170     0.6430804     0.6278615     0.6135117     0.5999494     0.5870690     0.5747482     0.5628548     0.5512517     0.5398015     0.5283699     0.5168291     0.5050599     0.4929541     0.4804161     0.4673645     0.4537331     0.4394721     0.4245490     0.4089489     0.3926750     0.3757490     0.3582105     0.3401172     0.3215437     0.3025810     0.2833345     0.2639226     0.2444743     0.2251260     0.2060190     0.1872952     0.1690934     0.1515453     0.1347712     0.1188761     0.1039470     0.0900498     0.0772285     0.0655047     0.0548792     0.0453336     0.0368339     0.0293341     0.0227791     0.0171088     0.0122598     0.0081678     0.0047681     0.0019965    -0.0002105    -0.0019159    -0.0031813    -0.0040669    -0.0046305    -0.0049270    -0.0050073    -0.0049181    -0.0047014    -0.0043938    -0.0040268    -0.0036267    -0.0032149    -0.0028080    -0.0024188    -0.0020561    -0.0017255    -0.0014302    -0.0011711    -0.0009475    -0.0007575    -0.0005986    -0.0004675
     0.0860096     0.1711642     0.2546112     0.3355042     0.4130093     0.4863153     0.5546485     0.6172923     0.6736114     0.7230791     0.7653059     0.8000655     0.8273148     0.8472044     0.8600762     0.8664466     0.8669777     0.8624366     0.8536508     0.8414622     0.8266848     0.8100717     0.7922897     0.7739056     0.7553804     0.7370709     0.7192364     0.7020496     0.6856075     0.6699444     0.6550438     0.6408489     0.6272730     0.6142074     0.6015294     0.5891078     0.5768085     0.5644985     0.5520499     0.5393423     0.5262660     0.5127237     0.4986320     0.4839237     0.4685479     0.4524720     0.4356817     0.4181819     0.3999964     0.3811686     0.3617605     0.3418522     0.3215410     0.3009395     0.2801742     0.2593825     0.2387099     0.2183068     0.1983243     0.1789100     0.1602038     0.1423333     0.1254100     0.1095257     0.0947498     0.0811281     0.0686828     0.0574133     0.0472991     0.0383028     0.0303740     0.0234533     0.0174754     0.0123720     0.0080737     0.0045112     0.0016155    -0.0006817    -0.0024475    -0.0037480    -0.0046474    -0.0052073    -0.0054862    -0.0055384    -0.0054135    -0.0051561    -0.0048049    -0.0043934    -0.0039494    -0.0034954    -0.0030490    -0.0026234    -0.0022277    -0.0018679    -0.0015470    -0.0012659    -0.0010235    -0.0008179    -0.0006460    -0.0005043
     0.0821399     0.1635913     0.2436643     0.3216669     0.3969070     0.4686965     0.5363603     0.5992494     0.6567587     0.7083490     0.7535726     0.7920997     0.8237429     0.8484764     0.8664466     0.8779706     0.8835226     0.8837075     0.8792257     0.8708319     0.8592935     0.8453524     0.8296942     0.8129250     0.7955588     0.7780114     0.7606026     0.7435618     0.7270379     0.7111099     0.6957990     0.6810790     0.6668873     0.6531338     0.6397094     0.6264926     0.6133557     0.6001699     0.5868092     0.5731542     0.5590952     0.5445341     0.5293874     0.5135869     0.4970820     0.4798403     0.4618487     0.4431137     0.4236622     0.4035410     0.3828167     0.3615750     0.3399194     0.3179698     0.2958606     0.2737375     0.2517550     0.2300723     0.2088495     0.1882429     0.1684003     0.1494565     0.1315289     0.1147140     0.0990845     0.0846878     0.0715461     0.0596577     0.0489993     0.0395300     0.0311952     0.0239305     0.0176656     0.0123272     0.0078409     0.0041324     0.0011279    -0.0012453    -0.0030589    -0.0043830    -0.0052860    -0.0058332    -0.0060867    -0.0061039    -0.0059373    -0.0056340    -0.0052350    -0.0047754    -0.0042844    -0.0037857    -0.0032977    -0.0028339    -0.0024040    -0.0020139    -0.0016666    -0.0013627    -0.0011011    -0.0008794    -0.0006942    -0.0005417
     0.0782562     0.1559635     0.2325693     0.3075146     0.3802320     0.4501474     0.5166834     0.5792674     0.6373435     0.6903891     0.7379357     0.7795922     0.8150698     0.8442048     0.8669777     0.8835226     0.8941279     0.8992241     0.8993604     0.8951734     0.8873493     0.8765864     0.8635595     0.8488921     0.8331346     0.8167525     0.8001207     0.7835254     0.7671690     0.7511795     0.7356205     0.7205020     0.7057905     0.6914197     0.6772984     0.6633188     0.6493634     0.6353101     0.6210377     0.6064299     0.5913785     0.5757867     0.5595715     0.5426652     0.5250180     0.5065984     0.4873951     0.4674168     0.4466935     0.4252758     0.4032350     0.3806623     0.3576678     0.3343785     0.3109363     0.2874956     0.2642192     0.2412754     0.2188328     0.1970561     0.1761008     0.1561087     0.1372029     0.1194842     0.1030283     0.0878839     0.0740731     0.0615926     0.0504163     0.0404996     0.0317833     0.0241980     0.0176684     0.0121159     0.0074610     0.0036243     0.0005275    -0.0019067    -0.0037545    -0.0050901    -0.0059858    -0.0065108    -0.0067305    -0.0067054    -0.0064909    -0.0061364    -0.0056849    -0.0051734    -0.0046323    -0.0040862    -0.0035544    -0.0030508    -0.0025852    -0.0021636    -0.0017890    -0.0014617    -0.0011803    -0.0009421    -0.0007433    -0.0005797
     0.0744572     0.1484808     0.2216327     0.2934657     0.3635206     0.4313246     0.4963926     0.5582302     0.6163418     0.6702411     0.7194671     0.7636033     0.8022990     0.8352934     0.8624366     0.8837075     0.8992241     0.9092440     0.9141543     0.9144511     0.9107107     0.9035556     0.8936199     0.8815168     0.8678127     0.8530071     0.8375209     0.8216923     0.8057768     0.7899531     0.7743310     0.7589609     0.7438438     0.7289416     0.7141859     0.6994870     0.6847408     0.6698356     0.6546578     0.6390963     0.6230468     0.6064152     0.5891203     0.5710965     0.5522954     0.5326874     0.5122634     0.4910349     0.4690352     0.4463191     0.4229629     0.3990633     0.3747368     0.3501176     0.3253552     0.3006122     0.2760600     0.2518754     0.2282355     0.2053131     0.1832711     0.1622580     0.1424022     0.1238087     0.1065556     0.0906931     0.0762425     0.0631988     0.0515330     0.0411962     0.0321246     0.0242439     0.0174732     0.0117287     0.0069258     0.0029801    -0.0001915    -0.0026709    -0.0045384    -0.0058727    -0.0067498    -0.0072424    -0.0074194    -0.0073444    -0.0070754    -0.0066640    -0.0061554    -0.0055879    -0.0049933    -0.0043972    -0.0038193    -0.0032740    -0.0027713    -0.0023171    -0.0019142    -0.0015628    -0.0012611    -0.0010059    -0.0007932    -0.0006183
     0.0708132     0.1412872     0.2110775     0.2798301     0.3471773     0.4127350     0.4761012     0.5368573     0.5945714     0.6488057     0.6991265     0.7451190     0.7864048     0.8226629     0.8536508     0.8792257     0.8993604     0.9141543     0.9238337     0.9287442     0.9293314     0.9261154     0.9196596     0.9105390     0.8993103     0.8864874     0.8725231     0.8577985     0.8426180     0.8272100     0.8117323     0.7962790     0.7808898     0.7655593     0.7502467     0.7348842     0.7193855     0.7036527     0.6875827     0.6710725     0.6540238     0.6363471     0.6179648     0.5988144     0.5788500     0.5580450     0.5363931     0.5139091     0.4906301     0.4666155     0.4419464     0.4167255     0.3910757     0.3651382     0.3390703     0.3130425     0.2872346     0.2618316     0.2370191     0.2129775     0.1898771     0.1678724     0.1470972     0.1276600     0.1096415     0.0930924     0.0780335     0.0644576     0.0523323     0.0416046     0.0322058     0.0240562     0.0170696     0.0111568     0.0062278     0.0021933    -0.0010346    -0.0035424    -0.0054146    -0.0067340    -0.0075804    -0.0080301    -0.0081552    -0.0080223    -0.0076918    -0.0072178    -0.0066470    -0.0060194    -0.0053679    -0.0047189    -0.0040925    -0.0035037    -0.0029624    -0.0024744    -0.0020424    -0.0016661    -0.0013435    -0.0010710    -0.0008440    -0.0006575
     0.0673716     0.1344801     0.2010575     0.2668261     0.3314945     0.3947540     0.4562761     0.5157117     0.5726923     0.6268331     0.6777400     0.7250193     0.7682909     0.8072051     0.8414622     0.8708319     0.8951734     0.9144511     0.9287442     0.9382489     0.9432708     0.9442084     0.9415297     0.9357437     0.9273709     0.9169161     0.9048455     0.8915697     0.8774333     0.8627106     0.8476062     0.8322596     0.8167520     0.8011150     0.7853390     0.7693831     0.7531823     0.7366564     0.7197161     0.7022692     0.6842260     0.6655037     0.6460302     0.6257474     0.6046134     0.5826053     0.5597205     0.5359779     0.5114187     0.4861072     0.4601298     0.4335952     0.4066327     0.3793907     0.3520340     0.3247410     0.2976996     0.2711031     0.2451449     0.2200131     0.1958848     0.1729205     0.1512586     0.1310114     0.1122613     0.0950595     0.0794259     0.0653507     0.0527980     0.0417105     0.0320142     0.0236240     0.0164481     0.0103918     0.0053598     0.0012578    -0.0020070    -0.0045255    -0.0063865    -0.0076768    -0.0084799    -0.0088758    -0.0089393    -0.0087401    -0.0083411    -0.0077983    -0.0071603    -0.0064683    -0.0057563    -0.0050514    -0.0043743    -0.0037400    -0.0031585    -0.0026355    -0.0021734    -0.0017716    -0.0014275    -0.0011371    -0.0008956    -0.0006973
     0.0641613     0.1281205     0.1916710     0.2545972     0.3166705     0.3776452     0.4372562     0.4952162     0.5512158     0.6049239     0.6559917     0.7040585     0.7487610     0.7897458     0.8266848     0.8592935     0.8873493     0.9107107     0.9293314     0.9432708     0.9526957     0.9578744     0.9591615     0.9569768     0.9517792     0.9440395     0.9342151     0.9227288     0.9099529     0.8961994     0.8817159     0.8666863     0.8512347     0.8354322     0.8193045     0.8028409     0.7860023     0.7687295     0.7509506     0.7325874     0.7135616     0.6937993     0.6732358     0.6518191     0.6295128     0.6062988     0.5821790     0.5571772     0.5313394     0.5047350     0.4774561     0.4496177     0.4213555     0.3928249     0.3641985     0.3356622     0.3074120     0.2796492     0.2525747     0.2263841     0.2012609     0.1773712     0.1548581     0.1338367     0.1143911     0.0965728     0.0804001     0.0658606     0.0529147     0.0415001     0.0315377     0.0229367     0.0155995     0.0094259     0.0043152     0.0001680    -0.0031132    -0.0056239    -0.0074572    -0.0087037    -0.0094505    -0.0097808    -0.0097729    -0.0094988    -0.0090239    -0.0084060    -0.0076955    -0.0069347    -0.0061586    -0.0053949    -0.0046646    -0.0039829    -0.0033597    -0.0028005    -0.0023072    -0.0018791    -0.0015130    -0.0012044    -0.0009480    -0.0007377
     0.0611970     0.1222404     0.1829726     0.2432277     0.3028281     0.3615805     0.4192728     0.4756715     0.5305203     0.5835391     0.6344256     0.6828583     0.7285022     0.7710177     0.8100717     0.8453524     0.8765864     0.9035556     0.9261154     0.9442084     0.9578744     0.9672524     0.9725756     0.9741582     0.9723757     0.9676410     0.9603797     0.9510061     0.9399037     0.9274105     0.9138095     0.8993251     0.8841233     0.8683161     0.8519669     0.8350986     0.8177016     0.7997416     0.7811675     0.7619185     0.7419303     0.7211406     0.6994944     0.6769476     0.6534708     0.6290519     0.6036987     0.5774403     0.5503284     0.5224379     0.4938672     0.4647372     0.4351908     0.4053903     0.3755156     0.3457606     0.3163289     0.2874294     0.2592708     0.2320552     0.2059727     0.1811945     0.1578678     0.1361105     0.1160080     0.0976114     0.0809375     0.0659708     0.0526676     0.0409606     0.0307652     0.0219846     0.0145157     0.0082522     0.0030883    -0.0010808    -0.0043573    -0.0068410    -0.0086293    -0.0098165    -0.0104935    -0.0107466    -0.0106569    -0.0102990    -0.0097405    -0.0090412    -0.0082527    -0.0074187    -0.0065748    -0.0057492    -0.0049633    -0.0042322    -0.0035657    -0.0029691    -0.0024439    -0.0019887    -0.0016000    -0.0012728    -0.0010012    -0.0007786
     0.0584827     0.1168499     0.1749829     0.2327553     0.2900305     0.3466576     0.4024687     0.4572759     0.5108693     0.5630150     0.6134554     0.6619100     0.7080782     0.7516453     0.7922897     0.8296942     0.8635595     0.8936199     0.9196596     0.9415297     0.9591615     0.9725756     0.9818850     0.9872906     0.9890692     0.9875558     0.9831215     0.9761507     0.9670189     0.9560743     0.9436244     0.9299269     0.9151862     0.8995539     0.8831323     0.8659806     0.8481213     0.8295487     0.8102360     0.7901430     0.7692224     0.7474266     0.7247122     0.7010454     0.6764052     0.6507874     0.6242064     0.5966979     0.5683198     0.5391535     0.5093034     0.4788974     0.4480851     0.4170361     0.3859376     0.3549911     0.3244079     0.2944043     0.2651960     0.2369922     0.2099885     0.1843613     0.1602613     0.1378088     0.1170902     0.0981559     0.0810208     0.0656660     0.0520433     0.0400802     0.0296864     0.0207592     0.0131892     0.0068646     0.0016738    -0.0024929    -0.0057425    -0.0081794    -0.0099048    -0.0110170    -0.0116101    -0.0117738    -0.0115917    -0.0111410    -0.0104913    -0.0097039    -0.0088320    -0.0079202    -0.0070047    -0.0061143    -0.0052703    -0.0044879    -0.0037766    -0.0031413    -0.0025831    -0.0021002    -0.0016884    -0.0013422    -0.0010550    -0.0008200
     0.0560143     0.1119429     0.1676973     0.2231826     0.2782943     0.3329161     0.3869159     0.4401439     0.4924295     0.5435798     0.5933780     0.6415831     0.6879314     0.7321387     0.7739056     0.8129250     0.8488921     0.8815168     0.9105390     0.9357437     0.9569768     0.9741582     0.9872906     0.9964628     1.0018459     1.0036824     1.0022705     0.9979435     0.9910486     0.9819265     0.9708944     0.9582327     0.9441774     0.9289164     0.9125901     0.8952943     0.8770865     0.8579922     0.8380121     0.8171298     0.7953185     0.7725475     0.7487881     0.7240187     0.6982290     0.6714237     0.6436257     0.6148782     0.5852461     0.5548177     0.5237046     0.4920414     0.4599848     0.4277118     0.3954170     0.3633093     0.3316074     0.3005350     0.2703148     0.2411621     0.2132782     0.1868439     0.1620133     0.1389089     0.1176173     0.0981882     0.0806339     0.0649320     0.0510295     0.0388485     0.0282925     0.0192528     0.0116138     0.0052578     0.0000676    -0.0040715    -0.0072715    -0.0096410    -0.0112852    -0.0123061    -0.0128011    -0.0128628    -0.0125775    -0.0120248    -0.0112759    -0.0103939    -0.0094331    -0.0084389    -0.0074482    -0.0064898    -0.0055853    -0.0047497    -0.0039921    -0.0033169    -0.0027249    -0.0022135    -0.0017781    -0.0014125    -0.0011095    -0.0008619
     0.0537819     0.1075012     0.1610928     0.2144859     0.2676018     0.3203513     0.3726313     0.4243231     0.4752892     0.5253715     0.5743895     0.6221387     0.6683911     0.7128955     0.7553804     0.7955588     0.8331346     0.8678127     0.8993103     0.9273709     0.9517792     0.9723757     0.9890692     1.0018459     1.0107719     1.0159912     1.0177155     1.0162094     1.0117724     1.0047185     0.9953575     0.9839792     0.9708411     0.9561610     0.9401137     0.9228313     0.9044068     0.8848989     0.8643386     0.8427362     0.8200884     0.7963846     0.7716133     0.7457675     0.7188495     0.6908752     0.6618769     0.6319066     0.6010375     0.5693655     0.5370096     0.5041118     0.4708362     0.4373672     0.4039069     0.3706715     0.3378871     0.3057844     0.2745927     0.2445333     0.2158128     0.1886162     0.1631005     0.1393898     0.1175708     0.0976919     0.0797626     0.0637565     0.0496156     0.0372563     0.0265759     0.0174592     0.0097844     0.0034278    -0.0017334    -0.0058191    -0.0089460    -0.0112269    -0.0127712    -0.0136841    -0.0140665    -0.0140135    -0.0136142    -0.0129500    -0.0120941    -0.0111108    -0.0100556    -0.0089744    -0.0079047    -0.0068754    -0.0059080    -0.0050172    -0.0042118    -0.0034958    -0.0028690    -0.0023285    -0.0018690    -0.0014835    -0.0011646    -0.0009041
     0.0517717     0.1034983     0.1551326     0.2066226     0.2579095     0.3089251     0.3595897     0.4098094     0.4594740     0.5084546     0.5566019     0.6037439     0.6496856     0.6942084     0.7370709     0.7780114     0.8167525     0.8530071     0.8864874     0.9169161     0.9440395     0.9676410     0.9875558     1.0036824     1.0159912     1.0245283     1.0294130     1.0308290     1.0290112     1.0242288     1.0167666     1.0069074     0.9949176     0.9810354     0.9654641     0.9483686     0.9298766     0.9100807     0.8890443     0.8668069     0.8433913     0.8188099     0.7930711     0.7661851     0.7381691     0.7090517     0.6788767     0.6477062     0.6156227     0.5827304     0.5491567     0.5150513     0.4805861     0.4459530     0.4113616     0.3770356     0.3432081     0.3101167     0.2779971     0.2470763     0.2175658     0.1896544     0.1635015     0.1392325     0.1169340     0.0966524     0.0783942     0.0621288     0.0477927     0.0352963     0.0245305     0.0153735     0.0076972     0.0013718    -0.0037312    -0.0077370    -0.0107668    -0.0129377    -0.0143628    -0.0151509    -0.0154058    -0.0152253    -0.0147009    -0.0139159    -0.0129450    -0.0118539    -0.0106987    -0.0095261    -0.0083737    -0.0072706    -0.0062380    -0.0052902    -0.0044356    -0.0036775    -0.0030152    -0.0024449    -0.0019608    -0.0015553    -0.0012201    -0.0009466
     0.0499669     0.0999019     0.1497712     0.1995370     0.2491556     0.2985754     0.3477345     0.3965591     0.4449608     0.4928350     0.5400584     0.5864872     0.6319560     0.6762763     0.7192364     0.7606026     0.8001207     0.8375209     0.8725231     0.9048455     0.9342151     0.9603797     0.9831215     1.0022705     1.0177155     1.0294130     1.0373908     1.0417462     1.0426381     1.0402753     1.0349002     1.0267722     1.0161514     1.0032841     0.9883934     0.9716713     0.9532769     0.9333361     0.9119449     0.8891741     0.8650749     0.8396853     0.8130362     0.7851576     0.7560839     0.7258585     0.6945386     0.6621976     0.6289285     0.5948452     0.5600839     0.5248029     0.4891819     0.4534209     0.4177369     0.3823610     0.3475334     0.3134984     0.2804978     0.2487640     0.2185129     0.1899368     0.1631974     0.1384207     0.1156926     0.0950576     0.0765187     0.0600404     0.0455538     0.0329630     0.0221521     0.0129927     0.0053501    -0.0009117    -0.0059268    -0.0098255    -0.0127337    -0.0147727    -0.0160593    -0.0167054    -0.0168179    -0.0164971    -0.0158366    -0.0149213    -0.0138276    -0.0126220    -0.0113615    -0.0100931    -0.0088545    -0.0076747    -0.0065746    -0.0055681    -0.0046629    -0.0038617    -0.0031631    -0.0025626    -0.0020535    -0.0016276    -0.0012760    -0.0009893
     0.0483493     0.0966762     0.1449571     0.1931645     0.2412661     0.2892227     0.3369866     0.3844992     0.4316899     0.4784734     0.5247479     0.5703936     0.6152704     0.6592170     0.7020496     0.7435618     0.7835254     0.8216923     0.8577985     0.8915697     0.9227288     0.9510061     0.9761507     0.9979435     1.0162094     1.0308290     1.0417462     1.0489728     1.0525866     1.0527251     1.0495740     1.0433529     1.0342999     1.0226555     1.0086508     0.9924965     0.9743778     0.9544507     0.9328433     0.9096579     0.8849759     0.8588629     0.8313749     0.8025641     0.7724844     0.7411964     0.7087722     0.6752985     0.6408802     0.6056418     0.5697292     0.5333099     0.4965721     0.4597239     0.4229901     0.3866092     0.3508284     0.3158985     0.2820671     0.2495717     0.2186325     0.1894447     0.1621719     0.1369403     0.1138351     0.0928979     0.0741281     0.0574852     0.0428943     0.0302529     0.0194383     0.0103152     0.0027424    -0.0034225    -0.0083193    -0.0120834    -0.0148452    -0.0167302    -0.0178587    -0.0183459    -0.0183010    -0.0178271    -0.0170194    -0.0159647    -0.0147404    -0.0134140    -0.0120428    -0.0106742    -0.0093460    -0.0080868    -0.0069171    -0.0058503    -0.0048933    -0.0040481    -0.0033125    -0.0026812    -0.0021468    -0.0017003    -0.0013320    -0.0010321
