    -0.0135850    -0.0267415    -0.0390743    -0.0502501    -0.0600171    -0.0682132    -0.0747648    -0.0796768    -0.0830173    -0.0849002    -0.0854685    -0.0848792    -0.0832920    -0.0808607    -0.0777276    -0.0740206    -0.0698522    -0.0653194    -0.0605046    -0.0554773    -0.0502956    -0.0450077    -0.0396541    -0.0342683    -0.0288790    -0.0235105    -0.0181844    -0.0129202    -0.0077363    -0.0026502     0.0023204     0.0071573     0.0118416     0.0163532     0.0206706     0.0247710     0.0286302     0.0322227     0.0355219     0.0385006     0.0411315     0.0433880     0.0452446     0.0466784     0.0476699     0.0482040     0.0482718     0.0478711     0.0470079     0.0456974     0.0439645     0.0418441     0.0393811     0.0366297     0.0336521     0.0305167     0.0272958     0.0240630     0.0208896     0.0178420     0.0149787     0.0123473     0.0099832     0.0079079     0.0061293     0.0046428     0.0034321     0.0024726     0.0017334     0.0011806     0.0007800     0.0004990     0.0003086     0.0001841     0.0001058     0.0000584     0.0000309     0.0000157     0.0000076     0.0000035     0.0000015     0.0000006     0.0000002     0.0000001     0.0000000     0.0000000     0.0000000     0.0000000     0.0000000     0.0000000     0.0000000     0.0000000     0.0000000     0.0000000     0.0000000     0.0000000     0.0000000     0.0000000     0.0000000     0.0000000
    -0.0267415    -0.0526539    -0.0769712    -0.0990442    -0.1183776    -0.1346481    -0.1477020    -0.1575382    -0.1642792    -0.1681395    -0.1693924    -0.1683417    -0.1652985    -0.1605644    -0.1544202    -0.1471196    -0.1388862    -0.1299136    -0.1203671    -0.1103862    -0.1000878    -0.0895694    -0.0789125    -0.0681852    -0.0574454    -0.0467427    -0.0361208    -0.0256192    -0.0152749    -0.0051237     0.0047987     0.0144557     0.0238093     0.0328189     0.0414415     0.0496314     0.0573398     0.0645157     0.0711059     0.0770559     0.0823110     0.0868177     0.0905254     0.0933880     0.0953664     0.0964306     0.0965625     0.0957578     0.0940286     0.0914051     0.0879371     0.0836944     0.0787669     0.0732628     0.0673065     0.0610348     0.0545925     0.0481262     0.0417791     0.0356838     0.0299570     0.0246943     0.0199659     0.0158153     0.0122583     0.0092852     0.0068640     0.0049450     0.0034666     0.0023612     0.0015600     0.0009980     0.0006171     0.0003682     0.0002115     0.0001168     0.0000618     0.0000313     0.0000151     0.0000070     0.0000030     0.0000013     0.0000005     0.0000002     0.0000001     0.0000000     0.0000000     0.0000000     0.0000000     0.0000000     0.0000000     0.0000000     0.0000000     0.0000000     0.0000000     0.0000000     0.0000000     0.0000000     0.0000000     0.0000000
    -0.0390743    -0.0769712    -0.1125992    -0.1450256    -0.1735295    -0.1976283    -0.2170777    -0.2318502    -0.2420987    -0.2481120    -0.2502701    -0.2490030    -0.2447575    -0.2379710    -0.2290549    -0.2183833    -0.2062888    -0.1930607    -0.1789473    -0.1641592    -0.1488736    -0.1332388    -0.1173791    -0.1013988    -0.0853863    -0.0694179    -0.0535606    -0.0378751    -0.0224179    -0.0072438     0.0075928     0.0220365     0.0360292     0.0495098     0.0624133     0.0746705     0.0862083     0.0969496     0.1068144     0.1157207     0.1235865     0.1303312     0.1358788     0.1401601     0.1431162     0.1447024     0.1448910     0.1436758     0.1410748     0.1371333     0.1319258     0.1255572     0.1181619     0.1099025     0.1009654     0.0915558     0.0818907     0.0721902     0.0626686     0.0535251     0.0449346     0.0370403     0.0299478     0.0237219     0.0183866     0.0139271     0.0102954     0.0074170     0.0051996     0.0035415     0.0023398     0.0014969     0.0009256     0.0005522     0.0003173     0.0001751     0.0000927     0.0000470     0.0000227     0.0000105     0.0000046     0.0000019     0.0000007     0.0000003     0.0000001     0.0000000     0.0000000     0.0000000     0.0000000     0.0000000     0.0000000     0.0000000     0.0000000     0.0000000     0.0000000     0.0000000     0.0000000     0.0000000     0.0000000     0.0000000
    -0.0502501    -0.0990442    -0.1450256    -0.1870236    -0.2241175    -0.2556707    -0.2813363    -0.3010361    -0.3149207    -0.3233188    -0.3266837    -0.3255427    -0.3204544    -0.3119745    -0.3006322    -0.2869144    -0.2712577    -0.2540455    -0.2356090    -0.2162311    -0.1961510    -0.1755701    -0.1546576    -0.1335564    -0.1123878    -0.0912564    -0.0702545    -0.0494653    -0.0289665    -0.0088328     0.0108617     0.0300415     0.0486281     0.0665390     0.0836868     0.0999784     0.1153155     0.1295950     0.1427098     0.1545501     0.1650062     0.1739705     0.1813412     0.1870260     0.1909463     0.1930420     0.1932764     0.1916410     0.1881595     0.1828924     0.1759389     0.1674386     0.1575710     0.1465523     0.1346312     0.1220812     0.1091913     0.0962550     0.0835581     0.0713657     0.0599111     0.0493851     0.0399283     0.0316273     0.0245138     0.0185681     0.0137260     0.0098884     0.0069321     0.0047215     0.0031194     0.0019956     0.0012340     0.0007362     0.0004230     0.0002335     0.0001236     0.0000626     0.0000303     0.0000139     0.0000061     0.0000025     0.0000010     0.0000004     0.0000001     0.0000000     0.0000000     0.0000000     0.0000000     0.0000000     0.0000000     0.0000000     0.0000000     0.0000000     0.0000000     0.0000000     0.0000000     0.0000000     0.0000000     0.0000000
    -0.0600171    -0.1183776    -0.1735295    -0.2241175    -0.2690532    -0.3075573    -0.3391713    -0.3637411    -0.3813802    -0.3924174    -0.3973398    -0.3967361    -0.3912465    -0.3815213    -0.3681902    -0.3518410    -0.3330076    -0.3121636    -0.2897225    -0.2660400    -0.2414193    -0.2161173    -0.1903511    -0.1643047    -0.1381349    -0.1119774    -0.0859519    -0.0601661    -0.0347207    -0.0097119     0.0147650     0.0386134     0.0617336     0.0840205     0.1053635     0.1256452     0.1447417     0.1625232     0.1788549     0.1935993     0.2066186     0.2177778     0.2269493     0.2340173     0.2388835     0.2414723     0.2417378     0.2396690     0.2352956     0.2286927     0.2199845     0.2093451     0.1969987     0.1832156     0.1683063     0.1526124     0.1364952     0.1203212     0.1044474     0.0892053     0.0748861     0.0617282     0.0499072     0.0395311     0.0306395     0.0232078     0.0171557     0.0123591     0.0086641     0.0059012     0.0038987     0.0024942     0.0015423     0.0009202     0.0005286     0.0002918     0.0001545     0.0000782     0.0000378     0.0000174     0.0000076     0.0000032     0.0000012     0.0000005     0.0000002     0.0000001     0.0000000     0.0000000     0.0000000     0.0000000     0.0000000     0.0000000     0.0000000     0.0000000     0.0000000     0.0000000     0.0000000     0.0000000     0.0000000     0.0000000
    -0.0682132    -0.1346481    -0.1976283    -0.2556707    -0.3075573    -0.3523832    -0.3895747    -0.4188821    -0.4403487    -0.4542635    -0.4611055    -0.4614844    -0.4560868    -0.4456286    -0.4308176    -0.4123271    -0.3907773    -0.3667266    -0.3406679    -0.3130297    -0.2841807    -0.2544356    -0.2240623    -0.1932889    -0.1623111    -0.1312983    -0.1004003    -0.0697521    -0.0394791    -0.0097012     0.0194636     0.0478963     0.0754741     0.1020689     0.1275458     0.1517621     0.1745678     0.1958057     0.2153131     0.2329241     0.2484724     0.2617956     0.2727398     0.2811657     0.2869548     0.2900162     0.2902944     0.2877758     0.2824959     0.2745447     0.2640707     0.2512829     0.2364499     0.2198957     0.2019928     0.1831509     0.1638031     0.1443890     0.1253367     0.1070437     0.0898593     0.0740691     0.0598838     0.0474328     0.0367634     0.0278460     0.0205841     0.0148289     0.0103954     0.0070803     0.0046777     0.0029925     0.0018505     0.0011040     0.0006342     0.0003501     0.0001853     0.0000939     0.0000454     0.0000209     0.0000091     0.0000038     0.0000015     0.0000005     0.0000002     0.0000001     0.0000000     0.0000000     0.0000000     0.0000000     0.0000000     0.0000000     0.0000000     0.0000000     0.0000000     0.0000000     0.0000000     0.0000000     0.0000000     0.0000000
    -0.0747648    -0.1477020    -0.2170777    -0.2813363    -0.3391713    -0.3895747    -0.4318629    -0.4656781    -0.4909675    -0.5079449    -0.5170401    -0.5188433    -0.5140486    -0.5034045    -0.4876703    -0.4675840    -0.4438386    -0.4170678    -0.3878392    -0.3566524    -0.3239417    -0.2900818    -0.2553939    -0.2201536    -0.1845983    -0.1489347    -0.1133455    -0.0779957    -0.0430382    -0.0086187     0.0251203     0.0580353     0.0899794     0.1208000     0.1503367     0.1784208     0.2048751     0.2295146     0.2521480     0.2725804     0.2906167     0.3060665     0.3187497     0.3285030     0.3351874     0.3386966     0.3389652     0.3359771     0.3297734     0.3204586     0.3082057     0.2932582     0.2759290     0.2565959     0.2356930     0.2136980     0.1911157     0.1684586     0.1462258     0.1248806     0.1048301     0.0864074     0.0698578     0.0553320     0.0428852     0.0324824     0.0240111     0.0172975     0.0121258     0.0082588     0.0054562     0.0034905     0.0021584     0.0012877     0.0007398     0.0004084     0.0002162     0.0001095     0.0000529     0.0000244     0.0000107     0.0000044     0.0000017     0.0000006     0.0000002     0.0000001     0.0000000     0.0000000     0.0000000     0.0000000     0.0000000     0.0000000     0.0000000     0.0000000     0.0000000     0.0000000     0.0000000     0.0000000     0.0000000     0.0000000
    -0.0796768    -0.1575382    -0.2318502    -0.3010361    -0.3637411    -0.4188821    -0.4656781    -0.5036610    -0.5326659    -0.5528036    -0.5644203    -0.5680471    -0.5643479    -0.5540676    -0.5379869    -0.5168839    -0.4915060    -0.4625498    -0.4306496    -0.3963718    -0.3602156    -0.3226160    -0.2839496    -0.2445424    -0.2046768    -0.1646000    -0.1245309    -0.0846674    -0.0451927    -0.0062807     0.0318992     0.0691772     0.1053807     0.1403307     0.1738404     0.2057139     0.2357459     0.2637227     0.2894238     0.3126245     0.3331008     0.3506336     0.3650162     0.3760609     0.3836084     0.3875363     0.3877694     0.3842888     0.3771409     0.3664447     0.3523975     0.3352770     0.3154405     0.2933193     0.2694090     0.2442549     0.2184336     0.1925302     0.1671145     0.1427156     0.1197982     0.0987424     0.0798285     0.0632283     0.0490043     0.0371166     0.0274363     0.0197647     0.0138552     0.0094366     0.0062343     0.0039883     0.0024662     0.0014713     0.0008452     0.0004666     0.0002470     0.0001251     0.0000605     0.0000279     0.0000122     0.0000050     0.0000020     0.0000007     0.0000003     0.0000001     0.0000000     0.0000000     0.0000000     0.0000000     0.0000000     0.0000000     0.0000000     0.0000000     0.0000000     0.0000000     0.0000000     0.0000000     0.0000000     0.0000000
    -0.0830173    -0.1642792    -0.2420987    -0.3149207    -0.3813802    -0.4403487    -0.4909675    -0.5326659    -0.5651616    -0.5884461    -0.6027551    -0.6085284    -0.6063633    -0.5969662    -0.5811061    -0.5595737    -0.5331486    -0.5025735    -0.4685380    -0.4316687    -0.3925256    -0.3516033    -0.3093351    -0.2660992    -0.2222259    -0.1780059    -0.1336977    -0.0895352    -0.0457347    -0.0025011     0.0399667     0.0814708     0.1218106     0.1607794     0.1981623     0.2337351     0.2672632     0.2985034     0.3272049     0.3531132     0.3759741     0.3955398     0.4115762     0.4238713     0.4322447     0.4365580     0.4367258     0.4327262     0.4246107     0.4125127     0.3966535     0.3773450     0.3549886     0.3300687     0.3031425     0.2748226     0.2457571     0.2166036     0.1880023     0.1605480     0.1347627     0.1110736     0.0897954     0.0711209     0.0551203     0.0417482     0.0308594     0.0222303     0.0155834     0.0106135     0.0070118     0.0044856     0.0027737     0.0016547     0.0009506     0.0005248     0.0002778     0.0001407     0.0000680     0.0000313     0.0000137     0.0000057     0.0000022     0.0000008     0.0000003     0.0000001     0.0000000     0.0000000     0.0000000     0.0000000     0.0000000     0.0000000     0.0000000     0.0000000     0.0000000     0.0000000     0.0000000     0.0000000     0.0000000     0.0000000
    -0.0849002    -0.1681395    -0.2481120    -0.3233188    -0.3924174    -0.4542635    -0.5079449    -0.5528036    -0.5884461    -0.6147390    -0.6317920    -0.6399295    -0.6396522    -0.6315951    -0.6164833    -0.5950904    -0.5682024    -0.5365882    -0.5009773    -0.4620460    -0.4204090    -0.3766176    -0.3311605    -0.2844692    -0.2369243    -0.1888625    -0.1405848    -0.0923645    -0.0444538     0.0029085     0.0494915     0.0950667     0.1394035     0.1822658     0.2234090     0.2625788     0.2995107     0.3339304     0.3655565     0.3941032     0.4192860     0.4408278     0.4584666     0.4719655     0.4811228     0.4857838     0.4858526     0.4813041     0.4721946     0.4586718     0.4409807     0.4194673     0.3945766     0.3668464     0.3368946     0.3054015     0.2730861     0.2406782     0.2088886     0.1783770     0.1497229     0.1234001     0.0997576     0.0790093     0.0612325     0.0463766     0.0342801     0.0246941     0.0173103     0.0117895     0.0077885     0.0049825     0.0030809     0.0018380     0.0010559     0.0005829     0.0003085     0.0001563     0.0000756     0.0000348     0.0000152     0.0000063     0.0000025     0.0000009     0.0000003     0.0000001     0.0000000     0.0000000     0.0000000     0.0000000     0.0000000     0.0000000     0.0000000     0.0000000     0.0000000     0.0000000     0.0000000     0.0000000     0.0000000     0.0000000
    -0.0854685    -0.1693924    -0.2502701    -0.3266837    -0.3973398    -0.4611055    -0.5170401    -0.5644203    -0.6027551    -0.6317920    -0.6515108    -0.6621059    -0.6639600    -0.6576096    -0.6437058    -0.6229756    -0.5961843    -0.5641032    -0.5274835    -0.4870369    -0.4434234    -0.3972446    -0.3490424    -0.2993008    -0.2484513    -0.1968787    -0.1449295    -0.0929184    -0.0411373     0.0101388     0.0606443     0.1101175     0.1582957     0.2049112     0.2496880     0.2923406     0.3325725     0.3700780     0.4045434     0.4356513     0.4630860     0.4865401     0.5057236     0.5203742     0.5302686     0.5352351     0.5351673     0.5300365     0.5199037     0.5049304     0.4853853     0.4616481     0.4342073     0.4036537     0.3706660     0.3359914     0.3004198     0.2647532     0.2297720     0.1962012     0.1646773     0.1357206     0.1097142     0.0868926     0.0673404     0.0510015     0.0376978     0.0271556     0.0190354     0.0129643     0.0085645     0.0054788     0.0033878     0.0020211     0.0011610     0.0006409     0.0003393     0.0001718     0.0000831     0.0000383     0.0000167     0.0000069     0.0000027     0.0000010     0.0000003     0.0000001     0.0000000     0.0000000     0.0000000     0.0000000     0.0000000     0.0000000     0.0000000     0.0000000     0.0000000     0.0000000     0.0000000     0.0000000     0.0000000     0.0000000
    -0.0848792    -0.1683417    -0.2490030    -0.3255427    -0.3967361    -0.4614844    -0.5188433    -0.5680471    -0.6085284    -0.6399295    -0.6621059    -0.6751194    -0.6792225    -0.6748334    -0.6625048    -0.6428897    -0.6167054    -0.5847007    -0.5476266    -0.5062132    -0.4611525    -0.4130879    -0.3626084    -0.3102481    -0.2564887    -0.2017642    -0.1464676    -0.0909585    -0.0355700     0.0193832     0.0735983     0.1267780     0.1786251     0.2288382     0.2771083     0.3231165     0.3665336     0.4070205     0.4442307     0.4778140     0.5074226     0.5327185     0.5533828     0.5691273     0.5797066     0.5849321     0.5846861     0.5789360     0.5677474     0.5512954     0.5298720     0.5038903     0.4738822     0.4404910     0.4044560     0.3665911     0.3277568     0.2888265     0.2506508     0.2140190     0.1796244     0.1480336     0.1196636     0.0947695     0.0734428     0.0556219     0.0411121     0.0296144     0.0207586     0.0141376     0.0093396     0.0059745     0.0036943     0.0022039     0.0012660     0.0006989     0.0003699     0.0001874     0.0000906     0.0000417     0.0000182     0.0000076     0.0000030     0.0000011     0.0000004     0.0000001     0.0000000     0.0000000     0.0000000     0.0000000     0.0000000     0.0000000     0.0000000     0.0000000     0.0000000     0.0000000     0.0000000     0.0000000     0.0000000     0.0000000
    -0.0832920    -0.1652985    -0.2447575    -0.3204544    -0.3912465    -0.4560868    -0.5140486    -0.5643479    -0.6063633    -0.6396522    -0.6639600    -0.6792225    -0.6855597    -0.6832610    -0.6727632    -0.6546226    -0.6294838    -0.5980478    -0.5610423    -0.5191954    -0.4732153    -0.4237746    -0.3715016    -0.3169748    -0.2607236    -0.2032302    -0.1449355    -0.0862448    -0.0275352     0.0308367     0.0885284     0.1452045     0.2005311     0.2541708     0.3057794     0.3550034     0.4014789     0.4448323     0.4846830     0.5206471     0.5523437     0.5794035     0.6014782     0.6182530     0.6294600     0.6348932     0.6344232     0.6280135     0.6157337     0.5977721     0.5744439     0.5461952     0.5136012     0.4773572     0.4382627     0.3971982     0.3550941     0.3128955     0.2715220     0.2318275     0.1945617     0.1603370     0.1296042     0.1026386     0.0795386     0.0602369     0.0445221     0.0320701     0.0224795     0.0153094     0.0101135     0.0064695     0.0040003     0.0023864     0.0013709     0.0007567     0.0004006     0.0002029     0.0000981     0.0000452     0.0000198     0.0000082     0.0000032     0.0000012     0.0000004     0.0000001     0.0000000     0.0000000     0.0000000     0.0000000     0.0000000     0.0000000     0.0000000     0.0000000     0.0000000     0.0000000     0.0000000     0.0000000     0.0000000     0.0000000
    -0.0808607    -0.1605644    -0.2379710    -0.3119745    -0.3815213    -0.4456286    -0.5034045    -0.5540676    -0.5969662    -0.6315951    -0.6576096    -0.6748334    -0.6832610    -0.6830519    -0.6745175    -0.6581017    -0.6343555    -0.6039090    -0.5674435    -0.5256636    -0.4792747    -0.4289639    -0.3753867    -0.3191585    -0.2608512    -0.2009929    -0.1400711    -0.0785377    -0.0168153     0.0446960     0.1056114     0.1655553     0.2241544     0.2810337     0.3358117     0.3880982     0.4374931     0.4835871     0.5259639     0.5642049     0.5978955     0.6266339     0.6500418     0.6677774     0.6795496     0.6851343     0.6843907     0.6772773     0.6638677     0.6443631     0.6191015     0.5885618     0.5533618     0.5142488     0.4720823     0.4278084     0.3824276     0.3369559     0.2923818     0.2496233     0.2094860     0.1726280     0.1395336     0.1104980     0.0856263     0.0648454     0.0479270     0.0345219     0.0241976     0.0164791     0.0108860     0.0069636     0.0043057     0.0025686     0.0014755     0.0008145     0.0004311     0.0002184     0.0001056     0.0000486     0.0000213     0.0000088     0.0000035     0.0000013     0.0000004     0.0000001     0.0000000     0.0000000     0.0000000     0.0000000     0.0000000     0.0000000     0.0000000     0.0000000     0.0000000     0.0000000     0.0000000     0.0000000     0.0000000     0.0000000
    -0.0777276    -0.1544202    -0.2290549    -0.3006322    -0.3681902    -0.4308176    -0.4876703    -0.5379869    -0.5811061    -0.6164833    -0.6437058    -0.6625048    -0.6727632    -0.6745175    -0.6679533    -0.6533934    -0.6312808    -0.6021560    -0.5666320    -0.5253687    -0.4790485    -0.4283552    -0.3739576    -0.3164970    -0.2565801    -0.1947761    -0.1316168    -0.0675996    -0.0031931     0.0611579     0.1250246     0.1879889     0.2496366     0.3095523     0.3673155     0.4224975     0.4746604     0.5233574     0.5681356     0.6085403     0.6441222     0.6744462     0.6991032     0.7177237     0.7299930     0.7356686     0.7345971     0.7267325     0.7121515     0.6910681     0.6638425     0.6309861     0.5931591     0.5511602     0.5059084     0.4584153     0.4097510     0.3610017     0.3132246     0.2674012     0.2243928     0.1849029     0.1494486     0.1183451     0.0917039     0.0694457     0.0513257     0.0369690     0.0259122     0.0176465     0.0116569     0.0074566     0.0046105     0.0027504     0.0015799     0.0008721     0.0004616     0.0002338     0.0001130     0.0000520     0.0000228     0.0000094     0.0000037     0.0000014     0.0000005     0.0000002     0.0000000     0.0000000     0.0000000     0.0000000     0.0000000     0.0000000     0.0000000     0.0000000     0.0000000     0.0000000     0.0000000     0.0000000     0.0000000     0.0000000
    -0.0740206    -0.1471196    -0.2183833    -0.2869144    -0.3518410    -0.4123271    -0.4675840    -0.5168839    -0.5595737    -0.5950904    -0.6229756    -0.6428897    -0.6546226    -0.6581017    -0.6533934    -0.6406994    -0.6203473    -0.5927744    -0.5585081    -0.5181434    -0.4723196    -0.4216986    -0.3669458    -0.3087149    -0.2476376    -0.1843164    -0.1193228    -0.0531975     0.0135463     0.0804183     0.1469451     0.2126644     0.2771190     0.3398516     0.4004006     0.4582970     0.5130633     0.5642141     0.6112580     0.6537033     0.6910648     0.7228734     0.7486882     0.7681114     0.7808041     0.7865047     0.7850472     0.7763800     0.7605831     0.7378824     0.7086604     0.6734603     0.6329844     0.5880822     0.5397318     0.4890100     0.4370556     0.3850248     0.3340431     0.2851548     0.2392767     0.1971569     0.1593453     0.1261766     0.0977687     0.0740360     0.0547165     0.0394102     0.0276227     0.0188109     0.0124259     0.0079483     0.0049144     0.0029316     0.0016840     0.0009296     0.0004920     0.0002492     0.0001205     0.0000555     0.0000243     0.0000101     0.0000039     0.0000015     0.0000005     0.0000002     0.0000000     0.0000000     0.0000000     0.0000000     0.0000000     0.0000000     0.0000000     0.0000000     0.0000000     0.0000000     0.0000000     0.0000000     0.0000000     0.0000000
    -0.0698522    -0.1388862    -0.2062888    -0.2712577    -0.3330076    -0.3907773    -0.4438386    -0.4915060    -0.5331486    -0.5682024    -0.5961843    -0.6167054    -0.6294838    -0.6343555    -0.6312808    -0.6203473    -0.6017670    -0.5758672    -0.5430774    -0.5039114    -0.4589470    -0.4088050    -0.3541299    -0.2955726    -0.2337764    -0.1693681    -0.1029516    -0.0351063     0.0336125     0.1026699     0.1715478     0.2397390     0.3067418     0.3720553     0.4351751     0.4955904     0.5527824     0.6062251     0.6553878     0.6997404     0.7387605     0.7719441     0.7988179     0.8189549     0.8319915     0.8376462     0.8357401     0.8262156     0.8091552     0.7847967     0.7535440     0.7159721     0.6728245     0.6250015     0.5735394     0.5195797     0.4643294     0.4090145     0.3548275     0.3028755     0.2541300     0.2093836     0.1692185     0.1339886     0.1038176     0.0786136     0.0580977     0.0418444     0.0293280     0.0199717     0.0131924     0.0084384     0.0052174     0.0031123     0.0017877     0.0009868     0.0005223     0.0002645     0.0001279     0.0000589     0.0000258     0.0000107     0.0000042     0.0000015     0.0000005     0.0000002     0.0000001     0.0000000     0.0000000     0.0000000     0.0000000     0.0000000     0.0000000     0.0000000     0.0000000     0.0000000     0.0000000     0.0000000     0.0000000     0.0000000
    -0.0653194    -0.1299136    -0.1930607    -0.2540455    -0.3121636    -0.3667266    -0.4170678    -0.4625498    -0.5025735    -0.5365882    -0.5641032    -0.5847007    -0.5980478    -0.6039090    -0.6021560    -0.5927744    -0.5758672    -0.5516519    -0.5204541    -0.4826946    -0.4388744    -0.3895562    -0.3353460    -0.2768748    -0.2147835    -0.1497107    -0.0822835    -0.0131134     0.0572064     0.1280995     0.1990037     0.2693668     0.3386424     0.4062845     0.4717447     0.5344685     0.5938944     0.6494545     0.7005773     0.7466930     0.7872411     0.8216815     0.8495077     0.8702628     0.8835575     0.8890905     0.8866687     0.8762285     0.8578543     0.8317952     0.7984762     0.7585034     0.7126612     0.6618998     0.6073135     0.5501077     0.4915571     0.4329564     0.3755651     0.3205523     0.2689434     0.2215752     0.1790617     0.1417756     0.1098463     0.0831755     0.0614669     0.0442696     0.0310269     0.0211281     0.0139559     0.0089266     0.0055191     0.0032923     0.0018911     0.0010438     0.0005525     0.0002798     0.0001353     0.0000623     0.0000272     0.0000113     0.0000044     0.0000016     0.0000006     0.0000002     0.0000001     0.0000000     0.0000000     0.0000000     0.0000000     0.0000000     0.0000000     0.0000000     0.0000000     0.0000000     0.0000000     0.0000000     0.0000000     0.0000000
    -0.0605046    -0.1203671    -0.1789473    -0.2356090    -0.2897225    -0.3406679    -0.3878392    -0.4306496    -0.4685380    -0.5009773    -0.5274835    -0.5476266    -0.5610423    -0.5674435    -0.5666320    -0.5585081    -0.5430774    -0.5204541    -0.4908594    -0.4546162    -0.4121377    -0.3639144    -0.3104972    -0.2524811    -0.1904886    -0.1251563    -0.0571235     0.0129755     0.0845159     0.1568840     0.2294760     0.3016963     0.3729533     0.4426559     0.5102103     0.5750173     0.6364713     0.6939611     0.7468732     0.7945966     0.8365318     0.8721017     0.9007656     0.9220358     0.9354969     0.9408267     0.9378180     0.9264000     0.9066590     0.8788546     0.8434324     0.8010292     0.7524694     0.6987529     0.6410309     0.5805722     0.5187186     0.4568326     0.3962400     0.3381711     0.2837050     0.2337217     0.1888667     0.1495311     0.1158499     0.0877177     0.0648212     0.0466838     0.0327179     0.0222790     0.0147158     0.0094124     0.0058194     0.0034713     0.0019939     0.0011006     0.0005825     0.0002950     0.0001426     0.0000657     0.0000287     0.0000119     0.0000047     0.0000017     0.0000006     0.0000002     0.0000001     0.0000000     0.0000000     0.0000000     0.0000000     0.0000000     0.0000000     0.0000000     0.0000000     0.0000000     0.0000000     0.0000000     0.0000000     0.0000000
    -0.0554773    -0.1103862    -0.1641592    -0.2162311    -0.2660400    -0.3130297    -0.3566524    -0.3963718    -0.4316687    -0.4620460    -0.4870369    -0.5062132    -0.5191954    -0.5256636    -0.5253687    -0.5181434    -0.5039114    -0.4826946    -0.4546162    -0.4199007    -0.3788690    -0.3319288    -0.2795630    -0.2223151    -0.1607739    -0.0955592    -0.0273091     0.0433299     0.1157099     0.1891859     0.2631173     0.3368669     0.4097996     0.4812793     0.5506664     0.6173163     0.6805783     0.7397966     0.7943143     0.8434786     0.8866496     0.9232121     0.9525904     0.9742653     0.9877947     0.9928347     0.9891632     0.9767022     0.9555386     0.9259426     0.8883796     0.8435162     0.7922166     0.7355292     0.6746618     0.6109456     0.5457884     0.4806201     0.4168319     0.3557146     0.2984000     0.2458108     0.1986235     0.1572472     0.1218220     0.0922355     0.0681570     0.0490845     0.0343993     0.0234232     0.0154711     0.0098954     0.0061178     0.0036493     0.0020961     0.0011570     0.0006124     0.0003101     0.0001499     0.0000690     0.0000302     0.0000125     0.0000049     0.0000018     0.0000006     0.0000002     0.0000001     0.0000000     0.0000000     0.0000000     0.0000000     0.0000000     0.0000000     0.0000000     0.0000000     0.0000000     0.0000000     0.0000000     0.0000000     0.0000000
    -0.0502956    -0.1000878    -0.1488736    -0.1961510    -0.2414193    -0.2841807    -0.3239417    -0.3602156    -0.3925256    -0.4204090    -0.4434234    -0.4611525    -0.4732153    -0.4792747    -0.4790485    -0.4723196    -0.4589470    -0.4388744    -0.4121377    -0.3788690    -0.3392963    -0.2937403    -0.2426065    -0.1863743    -0.1255843    -0.0608249     0.0072806     0.0780862     0.1509313     0.2251477     0.3000636     0.3750049     0.4492951     0.5222545     0.5931984     0.6614363     0.7262716     0.7870034     0.8429304     0.8933566     0.9376009     0.9750094     1.0049701     1.0269318     1.0404246     1.0450828     1.0406685     1.0270956     1.0044518     0.9730164     0.9332745     0.8859216     0.8318610     0.7721889     0.7081687     0.6411930     0.5727350     0.5042908     0.4373161     0.3731612     0.3130100     0.2578273     0.2083197     0.1649139     0.1277548     0.0967229     0.0714700     0.0514684     0.0360688     0.0245593     0.0162210     0.0103748     0.0064141     0.0038259     0.0021975     0.0012129     0.0006420     0.0003251     0.0001572     0.0000724     0.0000317     0.0000131     0.0000051     0.0000019     0.0000007     0.0000002     0.0000001     0.0000000     0.0000000     0.0000000     0.0000000     0.0000000     0.0000000     0.0000000     0.0000000     0.0000000     0.0000000     0.0000000     0.0000000     0.0000000
    -0.0450077    -0.0895694    -0.1332388    -0.1755701    -0.2161173    -0.2544356    -0.2900818    -0.3226160    -0.3516033    -0.3766176    -0.3972446    -0.4130879    -0.4237746    -0.4289639    -0.4283552    -0.4216986    -0.4088050    -0.3895562    -0.3639144    -0.3319288    -0.2937403    -0.2495827    -0.1997793    -0.1447368    -0.0849361    -0.0209207     0.0467153     0.1173391     0.1902892     0.2648843     0.3404291     0.4162182     0.4915381     0.5656678     0.6378790     0.7074357     0.7735957     0.8356122     0.8927388     0.9442358     0.9893799     1.0274773     1.0578794     1.0800021     1.0933470     1.0975257     1.0922843     1.0775279     1.0533438     1.0200206     0.9780617     0.9281912     0.8713503     0.8086822     0.7415049     0.6712715     0.5995194     0.5278099     0.4576619     0.3904846     0.3275128     0.2697526     0.2179402     0.1725193     0.1336392     0.1011729     0.0747548     0.0538318     0.0377237     0.0256852     0.0169643     0.0108498     0.0067076     0.0040009     0.0022980     0.0012683     0.0006713     0.0003400     0.0001644     0.0000757     0.0000331     0.0000137     0.0000054     0.0000020     0.0000007     0.0000002     0.0000001     0.0000000     0.0000000     0.0000000     0.0000000     0.0000000     0.0000000     0.0000000     0.0000000     0.0000000     0.0000000     0.0000000     0.0000000     0.0000000
    -0.0396541    -0.0789125    -0.1173791    -0.1546576    -0.1903511    -0.2240623    -0.2553939    -0.2839496    -0.3093351    -0.3311605    -0.3490424    -0.3626084    -0.3715016    -0.3753867    -0.3739576    -0.3669458    -0.3541299    -0.3353460    -0.3104972    -0.2795630    -0.2426065    -0.1997793    -0.1513230    -0.0975674    -0.0389253     0.0241159     0.0910036     0.1611314     0.2338498     0.3084753     0.3842985     0.4605905     0.5366061     0.6115873     0.6847644     0.7553579     0.8225801     0.8856390     0.9437425     0.9961065     1.0419652     1.0805842     1.1112776     1.1334274     1.1465063     1.1501027     1.1439456     1.1279310     1.1021454     1.0668854     1.0226722     0.9702575     0.9106198     0.8449479     0.7746134     0.7011288     0.6260943     0.5511352     0.4778327     0.4076532     0.3418818     0.2815647     0.2274670     0.1800490     0.1394638     0.1055770     0.0780053     0.0561702     0.0393608     0.0267990     0.0176993     0.0113196     0.0069979     0.0041739     0.0023973     0.0013232     0.0007003     0.0003546     0.0001715     0.0000789     0.0000345     0.0000143     0.0000056     0.0000021     0.0000007     0.0000002     0.0000001     0.0000000     0.0000000     0.0000000     0.0000000     0.0000000     0.0000000     0.0000000     0.0000000     0.0000000     0.0000000     0.0000000     0.0000000     0.0000000
    -0.0342683    -0.0681852    -0.1013988    -0.1335564    -0.1643047    -0.1932889    -0.2201536    -0.2445424    -0.2660992    -0.2844692    -0.2993008    -0.3102481    -0.3169748    -0.3191585    -0.3164970    -0.3087149    -0.2955726    -0.2768748    -0.2524811    -0.2223151    -0.1863743    -0.1447368    -0.0975674    -0.0451191     0.0122674     0.0741684     0.1400834     0.2094446     0.2816265     0.3559555     0.4317191     0.5081734     0.5845493     0.6600568     0.7338893     0.8052259     0.8732356     0.9370812     0.9959259     1.0489410     1.0953175     1.1342803     1.1651052     1.1871402     1.1998285     1.2027342     1.1955692     1.1782194     1.1507697     1.1135241     1.0670209     1.0120383     0.9495908     0.8809119     0.8074255     0.7307018     0.6524028     0.5742162     0.4977841     0.4246290     0.3560848     0.2932370     0.2368787     0.1874859     0.1452155     0.1099252     0.0812139     0.0584780     0.0409764     0.0278980     0.0184245     0.0117831     0.0072842     0.0043446     0.0024953     0.0013772     0.0007289     0.0003691     0.0001784     0.0000822     0.0000359     0.0000149     0.0000058     0.0000022     0.0000007     0.0000002     0.0000001     0.0000000     0.0000000     0.0000000     0.0000000     0.0000000     0.0000000     0.0000000     0.0000000     0.0000000     0.0000000     0.0000000     0.0000000     0.0000000
    -0.0288790    -0.0574454    -0.0853863    -0.1123878    -0.1381349    -0.1623111    -0.1845983    -0.2046768    -0.2222259    -0.2369243    -0.2484513    -0.2564887    -0.2607236    -0.2608512    -0.2565801    -0.2476376    -0.2337764    -0.2147835    -0.1904886    -0.1607739    -0.1255843    -0.0849361    -0.0389253     0.0122674     0.0683733     0.1290358     0.1938142     0.2621889     0.3335698     0.4073053     0.4826909     0.5589783     0.6353828     0.7110898     0.7852608     0.8570378     0.9255489     0.9899139     1.0492517     1.1026897     1.1493758     1.1884939     1.2192814     1.2410517     1.2532180     1.2553198     1.2470510     1.2282871     1.1991103     1.1598315     1.1110049     1.0534342     0.9881687     0.9164854     0.8398586     0.7599153     0.6783772     0.5969931     0.5174640     0.4413672     0.3700841     0.3047382     0.2461498     0.1948100     0.1508786     0.1142054     0.0843718     0.0607490     0.0425660     0.0289791     0.0191379     0.0122389     0.0075658     0.0045124     0.0025916     0.0014303     0.0007570     0.0003834     0.0001853     0.0000853     0.0000373     0.0000155     0.0000061     0.0000022     0.0000008     0.0000003     0.0000001     0.0000000     0.0000000     0.0000000     0.0000000     0.0000000     0.0000000     0.0000000     0.0000000     0.0000000     0.0000000     0.0000000     0.0000000     0.0000000
    -0.0235105    -0.0467427    -0.0694179    -0.0912564    -0.1119774    -0.1312983    -0.1489347    -0.1646000    -0.1780059    -0.1888625    -0.1968787    -0.2017642    -0.2032302    -0.2009929    -0.1947761    -0.1843164    -0.1693681    -0.1497107    -0.1251563    -0.0955592    -0.0608249    -0.0209207     0.0241159     0.0741684     0.1290358     0.1884290     0.2519699     0.3191946     0.3895579     0.4624405     0.5371575     0.6129669     0.6890783     0.7646612     0.8388518     0.9107604     0.9794781     1.0440844     1.1036559     1.1572771     1.2040537     1.2431283     1.2737004     1.2950483     1.3065549     1.3077349     1.2982636     1.2780050     1.2470386     1.2056808     1.1545008     1.0943267     1.0262411     0.9515629     0.8718156     0.7886807     0.7039379     0.6193951     0.5368107     0.4578150     0.3838353     0.3160318     0.2552507     0.2019975     0.1564348     0.1184039     0.0874688     0.0629758     0.0441243     0.0300388     0.0198370     0.0126856     0.0078417     0.0046769     0.0026860     0.0014824     0.0007845     0.0003973     0.0001921     0.0000884     0.0000387     0.0000160     0.0000063     0.0000023     0.0000008     0.0000003     0.0000001     0.0000000     0.0000000     0.0000000     0.0000000     0.0000000     0.0000000     0.0000000     0.0000000     0.0000000     0.0000000     0.0000000     0.0000000     0.0000000
    -0.0181844    -0.0361208    -0.0535606    -0.0702545    -0.0859519    -0.1004003    -0.1133455    -0.1245309    -0.1336977    -0.1405848    -0.1449295    -0.1464676    -0.1449355    -0.1400711    -0.1316168    -0.1193228    -0.1029516    -0.0822835    -0.0571235    -0.0273091     0.0072806     0.0467153     0.0910036     0.1400834     0.1938142     0.2519699     0.3142357     0.3802061     0.4493875     0.5212022     0.5949949     0.6700409     0.7455547     0.8206989     0.8945930     0.9663221     1.0349457     1.0995070     1.1590430     1.2125975     1.2592349     1.2980578     1.3282277     1.3489883     1.3596918     1.3598278     1.3490525     1.3272184     1.2944009     1.2509213     1.1973626     1.1345759     1.0636756     0.9860209     0.9031823     0.8168940     0.7289916     0.6413400     0.5557528     0.4739113     0.3972869     0.3270751     0.2641470     0.2090213     0.1618628     0.1225046     0.0904929     0.0651498     0.0456454     0.0310730     0.0205192     0.0131214     0.0081108     0.0048372     0.0027780     0.0015332     0.0008114     0.0004109     0.0001986     0.0000914     0.0000400     0.0000166     0.0000065     0.0000024     0.0000008     0.0000003     0.0000001     0.0000000     0.0000000     0.0000000     0.0000000     0.0000000     0.0000000     0.0000000     0.0000000     0.0000000     0.0000000     0.0000000     0.0000000     0.0000000
    -0.0129202    -0.0256192    -0.0378751    -0.0494653    -0.0601661    -0.0697521    -0.0779957    -0.0846674    -0.0895352    -0.0923645    -0.0929184    -0.0909585    -0.0862448    -0.0785377    -0.0675996    -0.0531975    -0.0351063    -0.0131134     0.0129755     0.0433299     0.0780862     0.1173391     0.1611314     0.2094446     0.2621889     0.3191946     0.3802061     0.4448766     0.5127672     0.5833481     0.6560022     0.7300321     0.8046674     0.8790741     0.9523640     1.0236052     1.0918320     1.1560564     1.2152804     1.2685094     1.3147690     1.3531232     1.3826962     1.4026977     1.4124495     1.4114160     1.3992341     1.3757438     1.3410161     1.2953761     1.2394193     1.1740184     1.1003181     1.0197155     0.9338264     0.8444350     0.7534306     0.6627326     0.5742075     0.4895852     0.4103794     0.3378192     0.2727989     0.2158498     0.1671384     0.1264889     0.0934306     0.0672611     0.0471223     0.0320771     0.0211814     0.0135444     0.0083720     0.0049929     0.0028673     0.0015824     0.0008374     0.0004241     0.0002050     0.0000944     0.0000413     0.0000171     0.0000067     0.0000025     0.0000009     0.0000003     0.0000001     0.0000000     0.0000000     0.0000000     0.0000000     0.0000000     0.0000000     0.0000000     0.0000000     0.0000000     0.0000000     0.0000000     0.0000000     0.0000000
