    -6.7986563    -6.7617159    -6.7012386    -6.6187587    -6.5162402    -6.3959273    -6.2601928    -6.1114019    -5.9518022    -5.7834455    -5.6081418    -5.4274411    -5.2426353    -5.0547774    -4.8647072    -4.6730824    -4.4804105    -4.2870781    -4.0933777    -3.8995318    -3.7057129    -3.5120599    -3.3186936    -3.1257278    -2.9332805    -2.7414828    -2.5504869    -2.3604739    -2.1716604    -1.9843052    -1.7987151    -1.6152505    -1.4343302    -1.2564352    -1.0821118    -0.9119725    -0.7466956    -0.5870219    -0.4337492    -0.2877229    -0.1498231    -0.0209478     0.0980079     0.2061778     0.3027536     0.3870172     0.4583766     0.5164011     0.5608571     0.5917401     0.6093011     0.6140652     0.6068387     0.5887032     0.5609950     0.5252676     0.4832404     0.4367331     0.3875898     0.3375991     0.2884145     0.2414817     0.1979802     0.1587843     0.1244455     0.0951998     0.0709972     0.0515490     0.0363884     0.0249359     0.0165624     0.0106448     0.0066087     0.0039561     0.0022791     0.0012611     0.0006688     0.0003392     0.0001642     0.0000756     0.0000331     0.0000137     0.0000054     0.0000020     0.0000007     0.0000002     0.0000001     0.0000000     0.0000000     0.0000000     0.0000000     0.0000000     0.0000000     0.0000000     0.0000000     0.0000000     0.0000000     0.0000000     0.0000000     0.0000000
    -6.7617159    -6.7255901    -6.6664037    -6.5856017    -6.4850412    -6.3668553    -6.2333135    -6.0866933    -5.9291751    -5.7627646    -5.5892451    -5.4101556    -5.2267895    -5.0402088    -4.8512676    -4.6606401    -4.4688507    -4.2763023    -4.0833024    -3.8900867    -3.6968389    -3.5037078    -3.3108219    -3.1183020    -2.9262715    -2.7348657    -2.5442406    -2.3545802    -2.1661034    -1.9790709    -1.7937910    -1.6106252    -1.4299932    -1.2523770    -1.0783231    -0.9084447    -0.7434200    -0.5839903    -0.4309533    -0.2851543    -0.1474733    -0.0188083     0.0999462     0.2079241     0.3043173     0.3884083     0.4596052     0.5174777     0.5617926     0.5925454     0.6099875     0.6146439     0.6073208     0.5890997     0.5613165     0.5255244     0.4834421     0.4368886     0.3877073     0.3376861     0.2884772     0.2415257     0.1980102     0.1588040     0.1244579     0.0952072     0.0710013     0.0515511     0.0363893     0.0249361     0.0165623     0.0106447     0.0066086     0.0039560     0.0022790     0.0012610     0.0006687     0.0003392     0.0001641     0.0000756     0.0000331     0.0000137     0.0000054     0.0000020     0.0000007     0.0000002     0.0000001     0.0000000     0.0000000     0.0000000     0.0000000     0.0000000     0.0000000     0.0000000     0.0000000     0.0000000     0.0000000     0.0000000     0.0000000     0.0000000
    -6.7012386    -6.6664037    -6.6092671    -6.5311366    -6.4337040    -6.3189294    -6.1889191    -6.0458106    -5.8916747    -5.7284402    -5.5578440    -5.3814042    -5.2004132    -5.0159456    -4.8288767    -4.6399062    -4.4495853    -4.2583430    -4.0665109    -3.8743461    -3.6820510    -3.4897904    -3.2977061    -3.1059299    -2.9145942    -2.7238419    -2.5338349    -2.3447621    -2.1568463    -1.9703513    -1.7855880    -1.6029199    -1.4227683    -1.2456162    -1.0720114    -0.9025672    -0.7379628    -0.5789395    -0.4262950    -0.2808745    -0.1435581    -0.0152431     0.1031761     0.2108340     0.3069231     0.3907264     0.4616526     0.5192720     0.5633518     0.5938878     0.6111316     0.6156084     0.6081244     0.5897607     0.5618525     0.5259525     0.4837784     0.4371479     0.3879034     0.3378310     0.2885818     0.2415991     0.1980601     0.1588368     0.1244785     0.0952196     0.0710082     0.0515546     0.0363909     0.0249366     0.0165623     0.0106444     0.0066083     0.0039558     0.0022789     0.0012609     0.0006687     0.0003391     0.0001641     0.0000756     0.0000331     0.0000137     0.0000054     0.0000020     0.0000007     0.0000002     0.0000001     0.0000000     0.0000000     0.0000000     0.0000000     0.0000000     0.0000000     0.0000000     0.0000000     0.0000000     0.0000000     0.0000000     0.0000000     0.0000000
    -6.6187587    -6.5856017    -6.5311366    -6.4565011    -6.3631808    -6.2529164    -6.1276041    -5.9891973    -5.8396191    -5.6806915    -5.5140830    -5.3412776    -5.1635603    -4.9820175    -4.7975494    -4.6108872    -4.4226168    -4.2332011    -4.0430041    -3.8523119    -3.6613523    -3.4703120    -3.2793513    -3.0886173    -2.8982551    -2.7084180    -2.5192765    -2.3310262    -2.1438955    -1.9581527    -1.7741121    -1.5921402    -1.4126604    -1.2361575    -1.0631804    -0.8943437    -0.7303270    -0.5718719    -0.4197763    -0.2748855    -0.1380789    -0.0102536     0.1076966     0.2149069     0.3105706     0.3939714     0.4645189     0.5217840     0.5655346     0.5957672     0.6127336     0.6169591     0.6092498     0.5906863     0.5626032     0.5265521     0.4842494     0.4375112     0.3881780     0.3380341     0.2887283     0.2417019     0.1981301     0.1588827     0.1245074     0.0952369     0.0710179     0.0515595     0.0363930     0.0249372     0.0165622     0.0106441     0.0066080     0.0039555     0.0022786     0.0012608     0.0006686     0.0003391     0.0001641     0.0000756     0.0000331     0.0000137     0.0000054     0.0000020     0.0000007     0.0000002     0.0000001     0.0000000     0.0000000     0.0000000     0.0000000     0.0000000     0.0000000     0.0000000     0.0000000     0.0000000     0.0000000     0.0000000     0.0000000     0.0000000
    -6.5162402    -6.4850412    -6.4337040    -6.3631808    -6.2747286    -6.1698417    -6.0501749    -5.9174647    -5.7734550    -5.6198321    -5.4581736    -5.2899120    -5.1163138    -4.9384723    -4.7573109    -4.5735953    -4.3879502    -4.2008788    -4.0127837    -3.8239866    -3.6347466    -3.4452779    -3.2557641    -3.0663719    -2.8772627    -2.6886032    -2.5005746    -2.3133817    -2.1272599    -1.9424833    -1.7593711    -1.5782932    -1.3996760    -1.2240066    -1.0518357    -0.8837789    -0.7205167    -0.5627912    -0.4114005    -0.2671896    -0.1310377    -0.0038414     0.1135064     0.2201418     0.3152589     0.3981426     0.4682035     0.5250134     0.5683410     0.5981837     0.6147935     0.6186960     0.6106970     0.5918768     0.5635688     0.5273234     0.4848553     0.4379786     0.3885314     0.3382954     0.2889169     0.2418344     0.1982203     0.1589419     0.1245447     0.0952592     0.0710304     0.0515659     0.0363958     0.0249381     0.0165621     0.0106437     0.0066075     0.0039551     0.0022784     0.0012606     0.0006685     0.0003390     0.0001641     0.0000756     0.0000331     0.0000137     0.0000054     0.0000020     0.0000007     0.0000002     0.0000001     0.0000000     0.0000000     0.0000000     0.0000000     0.0000000     0.0000000     0.0000000     0.0000000     0.0000000     0.0000000     0.0000000     0.0000000     0.0000000
    -6.3959273    -6.3668553    -6.3189294    -6.2529164    -6.1698417    -6.0709447    -5.9576244    -5.8313807    -5.6937550    -5.5462740    -5.3904005    -5.2274961    -5.0587932    -4.8853812    -4.7082013    -4.5280512    -4.3455956    -4.1613811    -3.9758531    -3.7893736    -3.6022386    -3.4146944    -3.2269525    -3.0392030    -2.8516272    -2.6644080    -2.4777402    -2.2918394    -2.1069502    -1.9233536    -1.7413747    -1.5613879    -1.3838235    -1.2091712    -1.0379838    -0.8708786    -0.7085371    -0.5517018    -0.4011712    -0.2577902    -0.1224374     0.0039912     0.1206037     0.2265372     0.3209870     0.4032394     0.4727059     0.5289599     0.5717709     0.6011372     0.6173114     0.6208192     0.6124663     0.5933322     0.5647495     0.5282666     0.4855963     0.4385502     0.3889636     0.3386151     0.2891477     0.2419964     0.1983306     0.1590144     0.1245904     0.0952865     0.0710457     0.0515737     0.0363992     0.0249391     0.0165621     0.0106432     0.0066069     0.0039546     0.0022780     0.0012603     0.0006683     0.0003389     0.0001640     0.0000756     0.0000331     0.0000137     0.0000054     0.0000020     0.0000007     0.0000002     0.0000001     0.0000000     0.0000000     0.0000000     0.0000000     0.0000000     0.0000000     0.0000000     0.0000000     0.0000000     0.0000000     0.0000000     0.0000000     0.0000000
    -6.2601928    -6.2333135    -6.1889191    -6.1276041    -6.0501749    -5.9576244    -5.8510975    -5.7318519    -5.6012131    -5.4605294    -5.3111285    -5.1542792    -4.9911619    -4.8228464    -4.6502810    -4.4742886    -4.2955708    -4.1147170    -3.9322175    -3.7484776    -3.5638338    -3.3785685    -3.1929249    -3.0071206    -2.8213597    -2.6358445    -2.4507857    -2.2664120    -2.0829786    -1.9007754    -1.7201341    -1.5414350    -1.3651126    -1.1916601    -1.0216328    -0.8556500    -0.6943943    -0.5386092    -0.3890932    -0.2466911    -0.1122812     0.0132416     0.1289864     0.2340914     0.3277536     0.4092605     0.4780254     0.5336229     0.5758238     0.6046274     0.6202870     0.6233286     0.6145575     0.5950527     0.5661452     0.5293816     0.4864724     0.4392261     0.3894747     0.3389932     0.2894205     0.2421880     0.1984610     0.1591001     0.1246444     0.0953188     0.0710638     0.0515829     0.0364032     0.0249404     0.0165620     0.0106426     0.0066063     0.0039541     0.0022776     0.0012601     0.0006682     0.0003389     0.0001640     0.0000755     0.0000330     0.0000137     0.0000054     0.0000020     0.0000007     0.0000002     0.0000001     0.0000000     0.0000000     0.0000000     0.0000000     0.0000000     0.0000000     0.0000000     0.0000000     0.0000000     0.0000000     0.0000000     0.0000000     0.0000000
    -6.1114019    -6.0866933    -6.0458106    -5.9891973    -5.9174647    -5.8313807    -5.7318519    -5.6199002    -5.4966332    -5.3632101    -5.2208065    -5.0705794    -4.9136360    -4.7510089    -4.5836376    -4.4123592    -4.2379048    -4.0609025    -3.8818861    -3.7013051    -3.5195383    -3.3369073    -3.1536902    -2.9701350    -2.7864720    -2.6029254    -2.4197244    -2.2371129    -2.0553586    -1.8747616    -1.6956617    -1.5184460    -1.3435540    -1.1714831    -1.0027916    -0.8381010    -0.6780956    -0.5235195    -0.3751718    -0.2338971    -0.1005729     0.0239065     0.1386516     0.2428022     0.3355567     0.4162046     0.4841607     0.5390014     0.5804990     0.6086538     0.6237200     0.6262238     0.6169705     0.5970379     0.5677557     0.5306683     0.4874834     0.4400062     0.3900646     0.3394295     0.2897355     0.2424092     0.1986116     0.1591990     0.1247067     0.0953561     0.0710846     0.0515936     0.0364079     0.0249418     0.0165618     0.0106419     0.0066055     0.0039534     0.0022771     0.0012598     0.0006680     0.0003387     0.0001639     0.0000755     0.0000330     0.0000137     0.0000054     0.0000020     0.0000007     0.0000002     0.0000001     0.0000000     0.0000000     0.0000000     0.0000000     0.0000000     0.0000000     0.0000000     0.0000000     0.0000000     0.0000000     0.0000000     0.0000000     0.0000000
    -5.9518022    -5.9291751    -5.8916747    -5.8396191    -5.7734550    -5.6937550    -5.6012131    -5.4966332    -5.3809126    -5.2550201    -5.1199691    -4.9767880    -4.8264921    -4.6700561    -4.5083932    -4.3423391    -4.1726427    -3.9999635    -3.8248738    -3.6478655    -3.4693597    -3.2897186    -3.1092572    -2.9282566    -2.7469757    -2.5656635    -2.3845699    -2.2039562    -2.0241042    -1.8453259    -1.6679708    -1.4924334    -1.3191594    -1.1486509    -0.9814699    -0.8182404    -0.6596486    -0.5064397    -0.3594131    -0.2194133    -0.0873173     0.0359819     0.1495960     0.2526666     0.3443940     0.4240695     0.4911102     0.5450940     0.5857952     0.6132152     0.6276093     0.6295041     0.6197044     0.5992872     0.5695805     0.5321262     0.4886289     0.4408899     0.3907328     0.3399237     0.2900921     0.2426596     0.1987821     0.1593109     0.1247771     0.0953982     0.0711082     0.0516055     0.0364131     0.0249434     0.0165617     0.0106411     0.0066046     0.0039526     0.0022766     0.0012594     0.0006678     0.0003386     0.0001639     0.0000755     0.0000330     0.0000137     0.0000054     0.0000020     0.0000007     0.0000002     0.0000001     0.0000000     0.0000000     0.0000000     0.0000000     0.0000000     0.0000000     0.0000000     0.0000000     0.0000000     0.0000000     0.0000000     0.0000000     0.0000000
    -5.7834455    -5.7627646    -5.7284402    -5.6806915    -5.6198321    -5.5462740    -5.4605294    -5.3632101    -5.2550201    -5.1367448    -5.0092324    -4.8733728    -4.7300724    -4.5802297    -4.4247117    -4.2643349    -4.0998514    -3.9319402    -3.7612043    -3.5881731    -3.4133080    -3.2370108    -3.0596345    -2.8814950    -2.7028819    -2.5240711    -2.3453354    -2.1669555    -1.9892295    -1.8124825    -1.6370750    -1.4634102    -1.2919411    -1.1231749    -0.9576781    -0.7960778    -0.6390620    -0.4873775    -0.3418240    -0.2032459    -0.0725195     0.0494632     0.1618156     0.2636812     0.3542623     0.4328526     0.4988713     0.5518986     0.5917105     0.6183101     0.6319535     0.6331680     0.6227579     0.6017994     0.5716184     0.5337543     0.4899080     0.4418765     0.3914787     0.3404753     0.2904900     0.2429389     0.1989720     0.1594356     0.1248555     0.0954450     0.0711343     0.0516188     0.0364188     0.0249450     0.0165614     0.0106402     0.0066036     0.0039518     0.0022760     0.0012590     0.0006675     0.0003385     0.0001638     0.0000754     0.0000330     0.0000137     0.0000054     0.0000020     0.0000007     0.0000002     0.0000001     0.0000000     0.0000000     0.0000000     0.0000000     0.0000000     0.0000000     0.0000000     0.0000000     0.0000000     0.0000000     0.0000000     0.0000000     0.0000000
    -5.6081418    -5.5892451    -5.5578440    -5.5140830    -5.4581736    -5.3904005    -5.3111285    -5.2208065    -5.1199691    -5.0092324    -4.8892853    -4.7608750    -4.6247885    -4.4818314    -4.3328062    -4.1784916    -4.0196255    -3.8568919    -3.6909138    -3.5222499    -3.3513968    -3.1787938    -3.0048311    -2.8298594    -2.6542008    -2.4781596    -2.3020334    -2.1261242    -1.9507480    -1.7762450    -1.6029878    -1.4313897    -1.2619116    -1.0950672    -0.9314275    -0.7716233    -0.6163452    -0.4663413    -0.3224120    -0.1854016    -0.0561858     0.0643448     0.1753054     0.2758414     0.3651577     0.4425503     0.5074409     0.5594121     0.5982421     0.6239357     0.6367502     0.6372133     0.6261292     0.6045727     0.5738679     0.5355511     0.4913192     0.4429648     0.3923012     0.3410831     0.2909283     0.2432463     0.1991809     0.1595725     0.1249415     0.0954962     0.0711628     0.0516331     0.0364249     0.0249467     0.0165611     0.0106391     0.0066024     0.0039508     0.0022753     0.0012586     0.0006673     0.0003383     0.0001637     0.0000754     0.0000330     0.0000137     0.0000053     0.0000020     0.0000007     0.0000002     0.0000001     0.0000000     0.0000000     0.0000000     0.0000000     0.0000000     0.0000000     0.0000000     0.0000000     0.0000000     0.0000000     0.0000000     0.0000000     0.0000000
    -5.4274411    -5.4101556    -5.3814042    -5.3412776    -5.2899120    -5.2274961    -5.1542792    -5.0705794    -4.9767880    -4.8733728    -4.7608750    -4.6399027    -4.5111190    -4.3752255    -4.2329443    -4.0849985    -3.9320937    -3.7749030    -3.6140554    -3.4501285    -3.2836464    -3.1150808    -2.9448566    -2.7733588    -2.6009417    -2.4279391    -2.2546751    -2.0814744    -1.9086728    -1.7366268    -1.5657227    -1.3963851    -1.2290838    -1.0643397    -0.9027295    -0.7448878    -0.5915081    -0.4433403    -0.3011856    -0.1658883    -0.0383233     0.0806203     0.1900594     0.2891419     0.3770750     0.4531577     0.5168144     0.5676305     0.6053862     0.6300885     0.6419959     0.6416367     0.6298150     0.6076042     0.5763262     0.5375141     0.4928605     0.4441528     0.3931985     0.3417459     0.2914058     0.2435807     0.1994079     0.1597210     0.1250344     0.0955513     0.0711932     0.0516483     0.0364312     0.0249483     0.0165605     0.0106377     0.0066010     0.0039497     0.0022745     0.0012580     0.0006669     0.0003382     0.0001636     0.0000754     0.0000330     0.0000137     0.0000053     0.0000020     0.0000007     0.0000002     0.0000001     0.0000000     0.0000000     0.0000000     0.0000000     0.0000000     0.0000000     0.0000000     0.0000000     0.0000000     0.0000000     0.0000000     0.0000000     0.0000000
    -5.2426353    -5.2267895    -5.2004132    -5.1635603    -5.1163138    -5.0587932    -4.9911619    -4.9136360    -4.8264921    -4.7300724    -4.6247885    -4.5111190    -4.3896049    -4.2608387    -4.1254512    -3.9840945    -3.8374255    -3.6860891    -3.5307051    -3.3718570    -3.2100863    -3.0458903    -2.8797235    -2.7120026    -2.5431131    -2.3734187    -2.2032705    -2.0330172    -1.8630156    -1.6936402    -1.5252924    -1.3584091    -1.1934703    -1.0310050    -0.8715959    -0.7158825    -0.5645614    -0.4183846    -0.2781543    -0.1447148    -0.0189402     0.0982819     0.2060703     0.3035756     0.3900078     0.4646688     0.5269861     0.5765480     0.6131375     0.6367634     0.6476859     0.6464339     0.6338112     0.6108900     0.5789898     0.5396400     0.4945287     0.4454378     0.3941683     0.3424614     0.2919206     0.2439408     0.1996518     0.1598801     0.1251336     0.0956098     0.0712253     0.0516640     0.0364375     0.0249496     0.0165596     0.0106361     0.0065995     0.0039485     0.0022736     0.0012575     0.0006666     0.0003380     0.0001635     0.0000753     0.0000329     0.0000136     0.0000053     0.0000020     0.0000007     0.0000002     0.0000001     0.0000000     0.0000000     0.0000000     0.0000000     0.0000000     0.0000000     0.0000000     0.0000000     0.0000000     0.0000000     0.0000000     0.0000000     0.0000000
    -5.0547774    -5.0402088    -5.0159456    -4.9820175    -4.9384723    -4.8853812    -4.8228464    -4.7510089    -4.6700561    -4.5802297    -4.4818314    -4.3752255    -4.2608387    -4.1391556    -4.0107097    -3.8760719    -3.7358358    -3.5906026    -3.4409667    -3.2875035    -3.1307599    -2.9712491    -2.8094486    -2.6458021    -2.4807241    -2.3146067    -2.1478281    -1.9807620    -1.8137870    -1.6472968    -1.4817090    -1.3174744    -1.1550839    -0.9950756    -0.8380393    -0.6846195    -0.5355168    -0.3914854    -0.2533288    -0.1218913     0.0019538     0.1173202     0.2233293     0.3191341     0.4039478     0.4770756     0.5379484     0.5861575     0.6214888     0.6439536     0.6538137     0.6515986     0.6381120     0.6144247     0.5818535     0.5419242     0.4963198     0.4468162     0.3952073     0.3432270     0.2924705     0.2443245     0.1999109     0.1600484     0.1252381     0.0956709     0.0712583     0.0516798     0.0364435     0.0249505     0.0165583     0.0106342     0.0065976     0.0039470     0.0022726     0.0012568     0.0006662     0.0003377     0.0001634     0.0000752     0.0000329     0.0000136     0.0000053     0.0000020     0.0000007     0.0000002     0.0000001     0.0000000     0.0000000     0.0000000     0.0000000     0.0000000     0.0000000     0.0000000     0.0000000     0.0000000     0.0000000     0.0000000     0.0000000     0.0000000
    -4.8647072    -4.8512676    -4.8288767    -4.7975494    -4.7573109    -4.7082013    -4.6502810    -4.5836376    -4.5083932    -4.4247117    -4.3328062    -4.2329443    -4.1254512    -4.0107097    -3.8891569    -3.7612765    -3.6275888    -3.4886378    -3.3449782    -3.1971623    -3.0457291    -2.8911965    -2.7340563    -2.5747728    -2.4137851    -2.2515115    -2.0883562    -1.9247174    -1.7609964    -1.5976068    -1.4349839    -1.2735929    -1.1139371    -0.9565644    -0.8020724    -0.6511118    -0.5043870    -0.3626552    -0.2267212    -0.0974296     0.0243470     0.1377242     0.2418254     0.3358067     0.4188847     0.4903681     0.5496913     0.5964493     0.6304310     0.6516503     0.6603708     0.6571228     0.6427098     0.6182012     0.5849110     0.5443608     0.4982284     0.4482830     0.3963114     0.3440389     0.2930522     0.2447293     0.2001831     0.1602244     0.1253464     0.0957337     0.0712916     0.0516952     0.0364487     0.0249507     0.0165563     0.0106317     0.0065954     0.0039453     0.0022714     0.0012561     0.0006658     0.0003375     0.0001633     0.0000752     0.0000329     0.0000136     0.0000053     0.0000020     0.0000007     0.0000002     0.0000001     0.0000000     0.0000000     0.0000000     0.0000000     0.0000000     0.0000000     0.0000000     0.0000000     0.0000000     0.0000000     0.0000000     0.0000000     0.0000000
    -4.6730824    -4.6606401    -4.6399062    -4.6108872    -4.5735953    -4.5280512    -4.4742886    -4.4123592    -4.3423391    -4.2643349    -4.1784916    -4.0849985    -3.9840945    -3.8760719    -3.7612765    -3.6401050    -3.5129987    -3.3804352    -3.2429167    -3.1009590    -2.9550798    -2.8057891    -2.6535826    -2.4989373    -2.3423107    -2.1841433    -2.0248629    -1.8648914    -1.7046525    -1.5445802    -1.3851279    -1.2267765    -1.0700426    -0.9154847    -0.7637092    -0.6153732    -0.4711861    -0.3319080    -0.1983456    -0.0713437     0.0482258     0.1594801     0.2615452     0.3535802     0.4348055     0.5045335     0.5622025     0.6074114     0.6399524     0.6598421     0.6673462     0.6629961     0.6475948     0.6222103     0.5881536     0.5469419     0.5002474     0.4498322     0.3974750     0.3448925     0.2936619     0.2451517     0.2004658     0.1604058     0.1254570     0.0957966     0.0713242     0.0517094     0.0364528     0.0249498     0.0165535     0.0106286     0.0065928     0.0039433     0.0022701     0.0012552     0.0006653     0.0003372     0.0001631     0.0000751     0.0000328     0.0000136     0.0000053     0.0000020     0.0000007     0.0000002     0.0000001     0.0000000     0.0000000     0.0000000     0.0000000     0.0000000     0.0000000     0.0000000     0.0000000     0.0000000     0.0000000     0.0000000     0.0000000     0.0000000
    -4.4804105    -4.4688507    -4.4495853    -4.4226168    -4.3879502    -4.3455956    -4.2955708    -4.2379048    -4.1726427    -4.0998514    -4.0196255    -3.9320937    -3.8374255    -3.7358358    -3.6275888    -3.5129987    -3.3924279    -3.2662820    -3.1350021    -2.9990561    -2.8589274    -2.7151061    -2.5680801    -2.4183294    -2.2663225    -2.1125164    -1.9573589    -1.8012933    -1.6447644    -1.4882267    -1.3321520    -1.1770374    -1.0234135    -0.8718507    -0.7229645    -0.5774193    -0.4359300    -0.2992602    -0.1682183    -0.0436501     0.0735736     0.1825714     0.2824722     0.3724383     0.4516940     0.5195558     0.5754663     0.6190283     0.6500379     0.6685146     0.6747262     0.6692053     0.6527546     0.6264404     0.5915706     0.5496578     0.5023680     0.4514558     0.3986914     0.3457818     0.2942945     0.2455878     0.2007555     0.1605899     0.1255677     0.0958583     0.0713548     0.0517217     0.0364551     0.0249475     0.0165496     0.0106247     0.0065896     0.0039410     0.0022685     0.0012542     0.0006647     0.0003369     0.0001630     0.0000750     0.0000328     0.0000136     0.0000053     0.0000020     0.0000007     0.0000002     0.0000001     0.0000000     0.0000000     0.0000000     0.0000000     0.0000000     0.0000000     0.0000000     0.0000000     0.0000000     0.0000000     0.0000000     0.0000000     0.0000000
    -4.2870781    -4.2763023    -4.2583430    -4.2332011    -4.2008788    -4.1613811    -4.1147170    -4.0609025    -3.9999635    -3.9319402    -3.8568919    -3.7749030    -3.6860891    -3.5906026    -3.4886378    -3.3804352    -3.2662820    -3.1465115    -3.0214992    -2.8916564    -2.7574221    -2.6192547    -2.4776228    -2.3329987    -2.1858531    -2.0366525    -1.8858594    -1.7339347    -1.5813428    -1.4285572    -1.2760678    -1.1243885    -0.9740644    -0.8256779    -0.6798550    -0.5372679    -0.3986372    -0.2647307    -0.1363590    -0.0143685     0.1003703     0.2069780     0.3045862     0.3923609     0.4695302     0.5354153     0.5894632     0.6312811     0.6606690     0.6776498     0.6824935     0.6757339     0.6581736     0.6308771     0.5951488     0.5524964     0.5045793     0.4531442     0.3999519     0.3466996     0.2949439     0.2460323     0.2010480     0.1607734     0.1256759     0.0959167     0.0713821     0.0517309     0.0364548     0.0249431     0.0165442     0.0106198     0.0065857     0.0039382     0.0022667     0.0012531     0.0006640     0.0003366     0.0001628     0.0000749     0.0000328     0.0000136     0.0000053     0.0000020     0.0000007     0.0000002     0.0000001     0.0000000     0.0000000     0.0000000     0.0000000     0.0000000     0.0000000     0.0000000     0.0000000     0.0000000     0.0000000     0.0000000     0.0000000     0.0000000
    -4.0933777    -4.0833024    -4.0665109    -4.0430041    -4.0127837    -3.9758531    -3.9322175    -3.8818861    -3.8248738    -3.7612043    -3.6909138    -3.6140554    -3.5307051    -3.4409667    -3.3449782    -3.2429167    -3.1350021    -3.0214992    -2.9027170    -2.7790061    -2.6507535    -2.5183758    -2.3823121    -2.2430163    -2.1009512    -1.9565846    -1.8103872    -1.6628330    -1.5144021    -1.3655852    -1.2168895    -1.0688450    -0.9220116    -0.7769846    -0.6344003    -0.4949396    -0.3593295    -0.2283421    -0.1027909     0.0164771     0.1285917     0.2326754     0.3278627     0.4133232     0.4882895     0.5520875     0.6041690     0.6441460     0.6718227     0.6872254     0.6906268     0.6825618     0.6638328     0.6355025     0.5988717     0.5554428     0.5068680     0.4548855     0.4012464     0.3476369     0.2956025     0.2464791     0.2013385     0.1609524     0.1257784     0.0959694     0.0714042     0.0517357     0.0364511     0.0249361     0.0165369     0.0106136     0.0065809     0.0039349     0.0022645     0.0012518     0.0006633     0.0003361     0.0001626     0.0000748     0.0000327     0.0000136     0.0000053     0.0000020     0.0000007     0.0000002     0.0000001     0.0000000     0.0000000     0.0000000     0.0000000     0.0000000     0.0000000     0.0000000     0.0000000     0.0000000     0.0000000     0.0000000     0.0000000     0.0000000
    -3.8995318    -3.8900867    -3.8743461    -3.8523119    -3.8239866    -3.7893736    -3.7484776    -3.7013051    -3.6478655    -3.5881731    -3.5222499    -3.4501285    -3.3718570    -3.2875035    -3.1971623    -3.1009590    -2.9990561    -2.8916564    -2.7790061    -2.6613945    -2.5391526    -2.4126486    -2.2822824    -2.1484800    -2.0116867    -1.8723623    -1.7309779    -1.5880144    -1.4439633    -1.2993294    -1.1546351    -1.0104257    -0.8672753    -0.7257920    -0.5866233    -0.4504590    -0.3180328    -0.1901217    -0.0675421     0.0488578     0.1582082     0.2596336     0.3522713     0.4352950     0.5079417     0.5695425     0.6195544     0.6575942     0.6834708     0.6972144     0.6991001     0.6896643     0.6697091     0.6402952     0.6027195     0.5584788     0.5092177     0.4566654     0.4025623     0.3485832     0.2962614     0.2469206     0.2016207     0.1611219     0.1258716     0.0960136     0.0714190     0.0517346     0.0364429     0.0249258     0.0165273     0.0106057     0.0065752     0.0039310     0.0022620     0.0012503     0.0006624     0.0003357     0.0001623     0.0000747     0.0000327     0.0000135     0.0000053     0.0000020     0.0000007     0.0000002     0.0000001     0.0000000     0.0000000     0.0000000     0.0000000     0.0000000     0.0000000     0.0000000     0.0000000     0.0000000     0.0000000     0.0000000     0.0000000     0.0000000
    -3.7057129    -3.6968389    -3.6820510    -3.6613523    -3.6347466    -3.6022386    -3.5638338    -3.5195383    -3.4693597    -3.4133080    -3.3513968    -3.2836464    -3.2100863    -3.1307599    -3.0457291    -2.9550798    -2.8589274    -2.7574221    -2.6507535    -2.5391526    -2.4228940    -2.3022934    -2.1777060    -2.0495209    -1.9181568    -1.7840568    -1.6476838    -1.5095185    -1.3700579    -1.2298167    -1.0893294    -0.9491550    -0.8098806    -0.6721270    -0.5365525    -0.4038560    -0.2747786    -0.1501023    -0.0306467     0.0827385     0.1891841     0.2878163     0.3777754     0.4582394     0.5284502     0.5877439     0.6355834     0.6715907     0.6955795     0.7075839     0.7078821     0.6970117     0.6757745     0.6452292     0.6066686     0.5615831     0.5116094     0.4584669     0.4038848     0.3495257     0.2969099     0.2473481     0.2018875     0.1612763     0.1259511     0.0960460     0.0714241     0.0517259     0.0364288     0.0249113     0.0165147     0.0105960     0.0065681     0.0039262     0.0022590     0.0012485     0.0006614     0.0003351     0.0001620     0.0000746     0.0000326     0.0000135     0.0000053     0.0000019     0.0000007     0.0000002     0.0000001     0.0000000     0.0000000     0.0000000     0.0000000     0.0000000     0.0000000     0.0000000     0.0000000     0.0000000     0.0000000     0.0000000     0.0000000     0.0000000
    -3.5120599    -3.5037078    -3.4897904    -3.4703120    -3.4452779    -3.4146944    -3.3785685    -3.3369073    -3.2897186    -3.2370108    -3.1787938    -3.1150808    -3.0458903    -2.9712491    -2.8911965    -2.8057891    -2.7151061    -2.6192547    -2.5183758    -2.4126486    -2.3022934    -2.1875739    -2.0687964    -1.9463077    -1.8204923    -1.6917678    -1.5605807    -1.4274035    -1.2927322    -1.1570858    -1.0210073    -0.8850660    -0.7498607    -0.6160235    -0.4842232    -0.3551678    -0.2296057    -0.1083243     0.0078536     0.1180766     0.2214758     0.3171793     0.4043306     0.4821120     0.5497705     0.6066480     0.6522131     0.6860934     0.7081079     0.7182947     0.7169352     0.7045684     0.6819959     0.6502738     0.6106905     0.5647299     0.5140200     0.4602697     0.4051964     0.3504494     0.2975354     0.2477512     0.2021305     0.1614090     0.1260115     0.0960625     0.0714165     0.0517074     0.0364075     0.0248916     0.0164985     0.0105838     0.0065596     0.0039206     0.0022554     0.0012463     0.0006602     0.0003345     0.0001617     0.0000744     0.0000325     0.0000135     0.0000053     0.0000019     0.0000007     0.0000002     0.0000001     0.0000000     0.0000000     0.0000000     0.0000000     0.0000000     0.0000000     0.0000000     0.0000000     0.0000000     0.0000000     0.0000000     0.0000000     0.0000000
    -3.3186936    -3.3108219    -3.2977061    -3.2793513    -3.2557641    -3.2269525    -3.1929249    -3.1536902    -3.1092572    -3.0596345    -3.0048311    -2.9448566    -2.8797235    -2.8094486    -2.7340563    -2.6535826    -2.5680801    -2.4776228    -2.3823121    -2.2822824    -2.1777060    -2.0687964    -1.9558110    -1.8390515    -1.7188625    -1.5956289    -1.4697734    -1.3417521    -1.2120527    -1.0811925    -0.9497175    -0.8182038    -0.6872591    -0.5575250    -0.4296799    -0.3044403    -0.1825616    -0.0648367     0.0479082     0.1548202     0.2550306     0.3476693     0.4318833     0.5068592     0.5718496     0.6262022     0.6693918     0.7010521     0.7210073     0.7293002     0.7262151     0.7122927     0.6883340     0.6553926     0.6147522     0.5678893     0.5164228     0.4620504     0.4064766     0.3513368     0.2981232     0.2481178     0.2023399     0.1615120     0.1260470     0.0960586     0.0713929     0.0516767     0.0363772     0.0248655     0.0164780     0.0105687     0.0065491     0.0039138     0.0022512     0.0012438     0.0006588     0.0003337     0.0001613     0.0000743     0.0000325     0.0000134     0.0000053     0.0000019     0.0000007     0.0000002     0.0000001     0.0000000     0.0000000     0.0000000     0.0000000     0.0000000     0.0000000     0.0000000     0.0000000     0.0000000     0.0000000     0.0000000     0.0000000     0.0000000
    -3.1257278    -3.1183020    -3.1059299    -3.0886173    -3.0663719    -3.0392030    -3.0071206    -2.9701350    -2.9282566    -2.8814950    -2.8298594    -2.7733588    -2.7120026    -2.6458021    -2.5747728    -2.4989373    -2.4183294    -2.3329987    -2.2430163    -2.1484800    -2.0495209    -1.9463077    -1.8390515    -1.7280083    -1.6134799    -1.4958141    -1.3754025    -1.2526780    -1.1281126    -1.0022147    -0.8755279    -0.7486300    -0.6221339    -0.4966884    -0.3729795    -0.2517312    -0.1337053    -0.0196998     0.0894557     0.1929067     0.2897850     0.3792223     0.4603692     0.5324169     0.5946238     0.6463439     0.6870583     0.7164071     0.7342202     0.7405451     0.7356694     0.7201351     0.6947428     0.6605433     0.6188148     0.5710263     0.5187867     0.4637815     0.4077017     0.3521678     0.2986563     0.2484338     0.2025045     0.1615767     0.1260506     0.0960291     0.0713494     0.0516310     0.0363360     0.0248317     0.0164522     0.0105502     0.0065366     0.0039056     0.0022462     0.0012409     0.0006572     0.0003329     0.0001609     0.0000740     0.0000324     0.0000134     0.0000052     0.0000019     0.0000007     0.0000002     0.0000001     0.0000000     0.0000000     0.0000000     0.0000000     0.0000000     0.0000000     0.0000000     0.0000000     0.0000000     0.0000000     0.0000000     0.0000000     0.0000000
    -2.9332805    -2.9262715    -2.9145942    -2.8982551    -2.8772627    -2.8516272    -2.8213597    -2.7864720    -2.7469757    -2.7028819    -2.6542008    -2.6009417    -2.5431131    -2.4807241    -2.4137851    -2.3423107    -2.2663225    -2.1858531    -2.1009512    -2.0116867    -1.9181568    -1.8204923    -1.7188625    -1.6134799    -1.5046039    -1.3925420    -1.2776503    -1.1603325    -1.0410378    -0.9202592    -0.7985309    -0.6764274    -0.5545621    -0.4335873    -0.3141942    -0.1971125    -0.0831095     0.0270126     0.1324211     0.2322604     0.3256625     0.4117616     0.4897116     0.5587091     0.6180180     0.6669992     0.7051405     0.7320886     0.7476793     0.7519651     0.7452369     0.7280382     0.7011689     0.6656765     0.6228334     0.5741004     0.5210756     0.4654315     0.4088445     0.3529191     0.2991154     0.2486834     0.2026113     0.1615926     0.1260143     0.0959680     0.0712815     0.0515672     0.0362816     0.0247887     0.0164202     0.0105276     0.0065214     0.0038959     0.0022403     0.0012375     0.0006553     0.0003319     0.0001604     0.0000738     0.0000323     0.0000134     0.0000052     0.0000019     0.0000007     0.0000002     0.0000001     0.0000000     0.0000000     0.0000000     0.0000000     0.0000000     0.0000000     0.0000000     0.0000000     0.0000000     0.0000000     0.0000000     0.0000000     0.0000000
    -2.7414828    -2.7348657    -2.7238419    -2.7084180    -2.6886032    -2.6644080    -2.6358445    -2.6029254    -2.5656635    -2.5240711    -2.4781596    -2.4279391    -2.3734187    -2.3146067    -2.2515115    -2.1841433    -2.1125164    -2.0366525    -1.9565846    -1.8723623    -1.7840568    -1.6917678    -1.5956289    -1.4958141    -1.3925420    -1.2860799    -1.1767461    -1.0649104    -0.9509940    -0.8354677    -0.7188503    -0.6017064    -0.4846448    -0.3683170    -0.2534160    -0.1406748    -0.0308641     0.0752103     0.1767139     0.2727902     0.3625720     0.4451959     0.5198199     0.5856456     0.6419435     0.6880811     0.7235536     0.7480145     0.7613059     0.7634852     0.7548468     0.7359357     0.7075506     0.6707355     0.6267565     0.5770653     0.5232483     0.4669643     0.4098737     0.3535642     0.2994783     0.2488483     0.2026457     0.1615483     0.1259294     0.0958686     0.0711843     0.0514816     0.0362116     0.0247348     0.0163808     0.0105002     0.0065032     0.0038844     0.0022333     0.0012335     0.0006530     0.0003307     0.0001598     0.0000735     0.0000321     0.0000133     0.0000052     0.0000019     0.0000007     0.0000002     0.0000001     0.0000000     0.0000000     0.0000000     0.0000000     0.0000000     0.0000000     0.0000000     0.0000000     0.0000000     0.0000000     0.0000000     0.0000000     0.0000000
    -2.5504869    -2.5442406    -2.5338349    -2.5192765    -2.5005746    -2.4777402    -2.4507857    -2.4197244    -2.3845699    -2.3453354    -2.3020334    -2.2546751    -2.2032705    -2.1478281    -2.0883562    -2.0248629    -1.9573589    -1.8858594    -1.8103872    -1.7309779    -1.6476838    -1.5605807    -1.4697734    -1.3754025    -1.2776503    -1.1767461    -1.0729701    -0.9666562    -0.8581932    -0.7480246    -0.6366476    -0.5246109    -0.4125130    -0.3009995    -0.1907610    -0.0825305     0.0229201     0.1247838     0.2222249     0.3143871     0.4004047     0.4794170     0.5505867     0.6131207     0.6662963     0.7094884     0.7421993     0.7640900     0.7750090     0.7750189     0.7644175     0.7437510     0.7138170     0.6756553     0.6305251     0.5798681     0.5252581     0.4683389     0.4107542     0.3540733     0.2997200     0.2489082     0.2025913     0.1614308     0.1257856     0.0957233     0.0710522     0.0513702     0.0361231     0.0246680     0.0163328     0.0104672     0.0064815     0.0038707     0.0022251     0.0012287     0.0006504     0.0003294     0.0001592     0.0000732     0.0000320     0.0000132     0.0000052     0.0000019     0.0000007     0.0000002     0.0000001     0.0000000     0.0000000     0.0000000     0.0000000     0.0000000     0.0000000     0.0000000     0.0000000     0.0000000     0.0000000     0.0000000     0.0000000     0.0000000
    -2.3604739    -2.3545802    -2.3447621    -2.3310262    -2.3133817    -2.2918394    -2.2664120    -2.2371129    -2.2039562    -2.1669555    -2.1261242    -2.0814744    -2.0330172    -1.9807620    -1.9247174    -1.8648914    -1.8012933    -1.7339347    -1.6628330    -1.5880144    -1.5095185    -1.4274035    -1.3417521    -1.2526780    -1.1603325    -1.0649104    -0.9666562    -0.8658675    -0.7628988    -0.6581625    -0.5521289    -0.4453255    -0.3383343    -0.2317897    -0.1263751    -0.0228193     0.0781077     0.1756000     0.2688229     0.3569212     0.4390319     0.5142979     0.5818865     0.6410111     0.6909559     0.7311033     0.7609639     0.7802057     0.7886841     0.7864670     0.7738557     0.7513973     0.7198878     0.6803623     0.6340724     0.5824490     0.5270521     0.4695093     0.4114462     0.3544127     0.2998126     0.2488399     0.2024295     0.1612256     0.1255719     0.0955236     0.0708791     0.0512286     0.0360131     0.0245863     0.0162747     0.0104277     0.0064557     0.0038546     0.0022154     0.0012232     0.0006474     0.0003278     0.0001584     0.0000729     0.0000318     0.0000132     0.0000052     0.0000019     0.0000007     0.0000002     0.0000001     0.0000000     0.0000000     0.0000000     0.0000000     0.0000000     0.0000000     0.0000000     0.0000000     0.0000000     0.0000000     0.0000000     0.0000000     0.0000000
