    -0.0000001    -0.0000002    -0.0000000     0.0000008     0.0000027     0.0000062     0.0000115     0.0000188     0.0000278     0.0000385     0.0000503     0.0000629     0.0000758     0.0000885     0.0001007     0.0001119     0.0001220     0.0001306     0.0001379     0.0001435     0.0001476     0.0001503     0.0001515     0.0001513     0.0001499     0.0001474     0.0001439     0.0001396     0.0001344     0.0001286     0.0001223     0.0001155     0.0001084     0.0001010     0.0000934     0.0000858     0.0000780     0.0000703     0.0000626     0.0000550     0.0000476     0.0000403     0.0000332     0.0000264     0.0000197     0.0000132     0.0000070     0.0000009    -0.0000050    -0.0000107    -0.0000164    -0.0000220    -0.0000277    -0.0000334    -0.0000392    -0.0000453    -0.0000516    -0.0000582    -0.0000652    -0.0000728    -0.0000808    -0.0000895    -0.0000987    -0.0001085    -0.0001190    -0.0001301    -0.0001417    -0.0001538    -0.0001662    -0.0001789    -0.0001917    -0.0002043    -0.0002167    -0.0002285    -0.0002396    -0.0002498    -0.0002588    -0.0002663    -0.0002724    -0.0002766    -0.0002791    -0.0002796    -0.0002781    -0.0002747    -0.0002694    -0.0002623    -0.0002536    -0.0002434    -0.0002319    -0.0002194    -0.0002061    -0.0001922    -0.0001780    -0.0001637    -0.0001496    -0.0001358    -0.0001224    -0.0001097    -0.0000977    -0.0000864
    -0.0000002    -0.0000004     0.0000006     0.0000044     0.0000126     0.0000268     0.0000481     0.0000769     0.0001128     0.0001548     0.0002016     0.0002514     0.0003024     0.0003528     0.0004009     0.0004455     0.0004854     0.0005200     0.0005487     0.0005713     0.0005878     0.0005983     0.0006032     0.0006027     0.0005973     0.0005874     0.0005735     0.0005562     0.0005357     0.0005127     0.0004875     0.0004606     0.0004322     0.0004027     0.0003725     0.0003419     0.0003110     0.0002801     0.0002495     0.0002193     0.0001896     0.0001605     0.0001322     0.0001048     0.0000781     0.0000523     0.0000274     0.0000031    -0.0000204    -0.0000435    -0.0000662    -0.0000887    -0.0001112    -0.0001340    -0.0001573    -0.0001814    -0.0002066    -0.0002331    -0.0002613    -0.0002914    -0.0003236    -0.0003581    -0.0003950    -0.0004344    -0.0004763    -0.0005206    -0.0005670    -0.0006153    -0.0006651    -0.0007158    -0.0007668    -0.0008174    -0.0008668    -0.0009142    -0.0009586    -0.0009992    -0.0010351    -0.0010654    -0.0010895    -0.0011066    -0.0011164    -0.0011184    -0.0011126    -0.0010990    -0.0010778    -0.0010494    -0.0010144    -0.0009736    -0.0009276    -0.0008776    -0.0008243    -0.0007688    -0.0007120    -0.0006550    -0.0005984    -0.0005431    -0.0004897    -0.0004387    -0.0003906    -0.0003457
    -0.0000000     0.0000006     0.0000043     0.0000143     0.0000342     0.0000671     0.0001152     0.0001794     0.0002590     0.0003519     0.0004551     0.0005650     0.0006775     0.0007889     0.0008954     0.0009943     0.0010831     0.0011601     0.0012242     0.0012749     0.0013120     0.0013359     0.0013471     0.0013463     0.0013346     0.0013129     0.0012822     0.0012436     0.0011982     0.0011469     0.0010906     0.0010304     0.0009669     0.0009011     0.0008335     0.0007648     0.0006956     0.0006265     0.0005578     0.0004900     0.0004234     0.0003583     0.0002948     0.0002332     0.0001734     0.0001155     0.0000594     0.0000050    -0.0000479    -0.0000997    -0.0001506    -0.0002012    -0.0002518    -0.0003030    -0.0003553    -0.0004095    -0.0004662    -0.0005259    -0.0005892    -0.0006569    -0.0007292    -0.0008068    -0.0008898    -0.0009785    -0.0010727    -0.0011722    -0.0012766    -0.0013853    -0.0014972    -0.0016112    -0.0017259    -0.0018398    -0.0019509    -0.0020574    -0.0021574    -0.0022487    -0.0023293    -0.0023975    -0.0024516    -0.0024902    -0.0025121    -0.0025166    -0.0025035    -0.0024729    -0.0024251    -0.0023613    -0.0022826    -0.0021906    -0.0020872    -0.0019745    -0.0018547    -0.0017298    -0.0016021    -0.0014737    -0.0013464    -0.0012219    -0.0011018    -0.0009871    -0.0008789    -0.0007777
     0.0000008     0.0000044     0.0000143     0.0000357     0.0000742     0.0001347     0.0002208     0.0003336     0.0004722     0.0006334     0.0008122     0.0010023     0.0011973     0.0013905     0.0015758     0.0017482     0.0019034     0.0020385     0.0021512     0.0022407     0.0023067     0.0023494     0.0023700     0.0023696     0.0023498     0.0023123     0.0022590     0.0021917     0.0021121     0.0020221     0.0019233     0.0018172     0.0017055     0.0015893     0.0014700     0.0013488     0.0012266     0.0011043     0.0009829     0.0008629     0.0007451     0.0006297     0.0005173     0.0004081     0.0003022     0.0001996     0.0001002     0.0000038    -0.0000901    -0.0001819    -0.0002722    -0.0003618    -0.0004516    -0.0005424    -0.0006354    -0.0007315    -0.0008321    -0.0009380    -0.0010506    -0.0011706    -0.0012992    -0.0014369    -0.0015844    -0.0017418    -0.0019092    -0.0020860    -0.0022715    -0.0024645    -0.0026634    -0.0028659    -0.0030698    -0.0032720    -0.0034695    -0.0036588    -0.0038363    -0.0039985    -0.0041419    -0.0042630    -0.0043591    -0.0044275    -0.0044664    -0.0044744    -0.0044511    -0.0043965    -0.0043116    -0.0041980    -0.0040581    -0.0038945    -0.0037108    -0.0035104    -0.0032972    -0.0030752    -0.0028482    -0.0026199    -0.0023936    -0.0021723    -0.0019587    -0.0017549    -0.0015624    -0.0013826
     0.0000027     0.0000126     0.0000342     0.0000742     0.0001400     0.0002383     0.0003735     0.0005477     0.0007592     0.0010036     0.0012739     0.0015613     0.0018562     0.0021489     0.0024306     0.0026932     0.0029306     0.0031378     0.0033116     0.0034502     0.0035530     0.0036205     0.0036538     0.0036549     0.0036260     0.0035698     0.0034889     0.0033861     0.0032642     0.0031260     0.0029738     0.0028103     0.0026377     0.0024581     0.0022735     0.0020857     0.0018963     0.0017067     0.0015182     0.0013319     0.0011488     0.0009696     0.0007948     0.0006250     0.0004602     0.0003006     0.0001459    -0.0000042    -0.0001504    -0.0002933    -0.0004340    -0.0005736    -0.0007135    -0.0008551    -0.0010000    -0.0011499    -0.0013067    -0.0014720    -0.0016475    -0.0018348    -0.0020354    -0.0022504    -0.0024805    -0.0027262    -0.0029874    -0.0032635    -0.0035531    -0.0038544    -0.0041649    -0.0044811    -0.0047994    -0.0051152    -0.0054235    -0.0057191    -0.0059962    -0.0062495    -0.0064732    -0.0066624    -0.0068123    -0.0069190    -0.0069796    -0.0069921    -0.0069555    -0.0068701    -0.0067373    -0.0065598    -0.0063410    -0.0060854    -0.0057982    -0.0054851    -0.0051520    -0.0048051    -0.0044504    -0.0040936    -0.0037400    -0.0033943    -0.0030605    -0.0027420    -0.0024413    -0.0021604
     0.0000062     0.0000268     0.0000671     0.0001347     0.0002383     0.0003854     0.0005816     0.0008290     0.0011255     0.0014657     0.0018404     0.0022384     0.0026470     0.0030534     0.0034455     0.0038124     0.0041452     0.0044370     0.0046830     0.0048804     0.0050279     0.0051259     0.0051760     0.0051804     0.0051423     0.0050652     0.0049528     0.0048090     0.0046377     0.0044427     0.0042276     0.0039959     0.0037509     0.0034957     0.0032330     0.0029654     0.0026952     0.0024246     0.0021554     0.0018892     0.0016274     0.0013710     0.0011210     0.0008778     0.0006419     0.0004132     0.0001915    -0.0000237    -0.0002332    -0.0004382    -0.0006401    -0.0008404    -0.0010411    -0.0012444    -0.0014524    -0.0016678    -0.0018930    -0.0021304    -0.0023827    -0.0026520    -0.0029403    -0.0032494    -0.0035803    -0.0039337    -0.0043094    -0.0047064    -0.0051230    -0.0055565    -0.0060030    -0.0064581    -0.0069160    -0.0073703    -0.0078139    -0.0082391    -0.0086378    -0.0090021    -0.0093240    -0.0095961    -0.0098116    -0.0099651    -0.0100521    -0.0100698    -0.0100169    -0.0098938    -0.0097024    -0.0094466    -0.0091314    -0.0087633    -0.0083497    -0.0078987    -0.0074190    -0.0069194    -0.0064086    -0.0058948    -0.0053855    -0.0048877    -0.0044070    -0.0039483    -0.0035154    -0.0031108
     0.0000115     0.0000481     0.0001152     0.0002208     0.0003735     0.0005816     0.0008506     0.0011825     0.0015748     0.0020208     0.0025098     0.0030282     0.0035606     0.0040910     0.0046041     0.0050860     0.0055250     0.0059118     0.0062397     0.0065045     0.0067042     0.0068387     0.0069098     0.0069201     0.0068736     0.0067747     0.0066281     0.0064390     0.0062124     0.0059534     0.0056669     0.0053575     0.0050297     0.0046876     0.0043350     0.0039753     0.0036119     0.0032475     0.0028847     0.0025256     0.0021722     0.0018260     0.0014882     0.0011595     0.0008404     0.0005310     0.0002311    -0.0000602    -0.0003440    -0.0006216    -0.0008951    -0.0011666    -0.0014387    -0.0017143    -0.0019965    -0.0022887    -0.0025943    -0.0029167    -0.0032592    -0.0036249    -0.0040166    -0.0044365    -0.0048862    -0.0053664    -0.0058770    -0.0064167    -0.0069831    -0.0075723    -0.0081795    -0.0087981    -0.0094207    -0.0100384    -0.0106416    -0.0112197    -0.0117619    -0.0122572    -0.0126948    -0.0130646    -0.0133576    -0.0135661    -0.0136841    -0.0137079    -0.0136355    -0.0134676    -0.0132070    -0.0128585    -0.0124294    -0.0119282    -0.0113650    -0.0107511    -0.0100981    -0.0094180    -0.0087227    -0.0080233    -0.0073301    -0.0066525    -0.0059982    -0.0053739    -0.0047846    -0.0042340
     0.0000188     0.0000769     0.0001794     0.0003336     0.0005477     0.0008290     0.0011825     0.0016095     0.0021070     0.0026671     0.0032776     0.0039230     0.0045856     0.0052467     0.0058880     0.0064925     0.0070456     0.0075354     0.0079532     0.0082929     0.0085516     0.0087285     0.0088252     0.0088447     0.0087915     0.0086708     0.0084886     0.0082511     0.0079649     0.0076361     0.0072711     0.0068759     0.0064562     0.0060172     0.0055640     0.0051012     0.0046329     0.0041628     0.0036943     0.0032303     0.0027732     0.0023252     0.0018877     0.0014618     0.0010482     0.0006471     0.0002579    -0.0001202    -0.0004885    -0.0008491    -0.0012043    -0.0015572    -0.0019109    -0.0022693    -0.0026365    -0.0030167    -0.0034145    -0.0038343    -0.0042804    -0.0047568    -0.0052673    -0.0058145    -0.0064007    -0.0070269    -0.0076927    -0.0083965    -0.0091351    -0.0099037    -0.0106957    -0.0115027    -0.0123149    -0.0131208    -0.0139076    -0.0146618    -0.0153692    -0.0160153    -0.0165860    -0.0170684    -0.0174504    -0.0177221    -0.0178757    -0.0179062    -0.0178113    -0.0175916    -0.0172508    -0.0167955    -0.0162347    -0.0155798    -0.0148441    -0.0140421    -0.0131891    -0.0123008    -0.0113925    -0.0104790    -0.0095736    -0.0086885    -0.0078340    -0.0070186    -0.0062489    -0.0055298
     0.0000278     0.0001128     0.0002590     0.0004722     0.0007592     0.0011255     0.0015748     0.0021070     0.0027179     0.0033986     0.0041357     0.0049123     0.0057087     0.0065039     0.0072770     0.0080084     0.0086806     0.0092792     0.0097928     0.0102137     0.0105373     0.0107622     0.0108893     0.0109217     0.0108643     0.0107232     0.0105052     0.0102179     0.0098690     0.0094662     0.0090172     0.0085295     0.0080101     0.0074658     0.0069027     0.0063267     0.0057430     0.0051564     0.0045712     0.0039910     0.0034191     0.0028579     0.0023097     0.0017757     0.0012568     0.0007532     0.0002645    -0.0002105    -0.0006734    -0.0011268    -0.0015736    -0.0020176    -0.0024628    -0.0029142    -0.0033768    -0.0038560    -0.0043574    -0.0048869    -0.0054496    -0.0060509    -0.0066952    -0.0073862    -0.0081265    -0.0089173    -0.0097584    -0.0106477    -0.0115810    -0.0125523    -0.0135531    -0.0145731    -0.0155996    -0.0166182    -0.0176128    -0.0185661    -0.0194601    -0.0202767    -0.0209981    -0.0216075    -0.0220901    -0.0224331    -0.0226269    -0.0226648    -0.0225440    -0.0222655    -0.0218337    -0.0212570    -0.0205470    -0.0197179    -0.0187866    -0.0177713    -0.0166917    -0.0155674    -0.0144178    -0.0132616    -0.0121157    -0.0109955    -0.0099141    -0.0088821    -0.0079081    -0.0069979
     0.0000385     0.0001548     0.0003519     0.0006334     0.0010036     0.0014657     0.0020208     0.0026671     0.0033986     0.0042052     0.0050725     0.0059823     0.0069136     0.0078437     0.0087497     0.0096094     0.0104030     0.0111133     0.0117267     0.0122334     0.0126270     0.0129047     0.0130670     0.0131165     0.0130583     0.0128990     0.0126464     0.0123091     0.0118960     0.0114165     0.0108797     0.0102943     0.0096692     0.0090124     0.0083315     0.0076338     0.0069256     0.0062129     0.0055010     0.0047945     0.0040973     0.0034128     0.0027434     0.0020911     0.0014568     0.0008409     0.0002428    -0.0003386    -0.0009057    -0.0014612    -0.0020090    -0.0025535    -0.0030999    -0.0036539    -0.0042220    -0.0048108    -0.0054272    -0.0060782    -0.0067705    -0.0075104    -0.0083035    -0.0091543    -0.0100660    -0.0110401    -0.0120763    -0.0131720    -0.0143222    -0.0155193    -0.0167530    -0.0180103    -0.0192757    -0.0205314    -0.0217575    -0.0229328    -0.0240350    -0.0250416    -0.0259308    -0.0266819    -0.0272765    -0.0276989    -0.0279371    -0.0279831    -0.0278333    -0.0274887    -0.0269552    -0.0262428    -0.0253658    -0.0243419    -0.0231919    -0.0219384    -0.0206054    -0.0192173    -0.0177981    -0.0163706    -0.0149560    -0.0135732    -0.0122381    -0.0109642    -0.0097618    -0.0086383
     0.0000503     0.0002016     0.0004551     0.0008122     0.0012739     0.0018404     0.0025098     0.0032776     0.0041357     0.0050725     0.0060724     0.0071161     0.0081818     0.0092455     0.0102829     0.0112699     0.0121846     0.0130075     0.0137226     0.0143179     0.0147852     0.0151201     0.0153219     0.0153927     0.0153376     0.0151633     0.0148784     0.0144923     0.0140153     0.0134579     0.0128309     0.0121446     0.0114092     0.0106344     0.0098294     0.0090028     0.0081623     0.0073152     0.0064679     0.0056261     0.0047945     0.0039772     0.0031773     0.0023973     0.0016383     0.0009008     0.0001844    -0.0005126    -0.0011926    -0.0018592    -0.0025168    -0.0031707    -0.0038273    -0.0044934    -0.0051768    -0.0058854    -0.0066276    -0.0074118    -0.0082461    -0.0091382    -0.0100947    -0.0111211    -0.0122212    -0.0133970    -0.0146480    -0.0159710    -0.0173600    -0.0188058    -0.0202959    -0.0218147    -0.0233435    -0.0248605    -0.0263419    -0.0277618    -0.0290934    -0.0303096    -0.0313837    -0.0322909    -0.0330089    -0.0335187    -0.0338058    -0.0338604    -0.0336782    -0.0332605    -0.0326142    -0.0317517    -0.0306901    -0.0294510    -0.0280593    -0.0265424    -0.0249294    -0.0232498    -0.0215326    -0.0198055    -0.0180940    -0.0164209    -0.0148057    -0.0132645    -0.0118097    -0.0104505
     0.0000629     0.0002514     0.0005650     0.0010023     0.0015613     0.0022384     0.0030282     0.0039230     0.0049123     0.0059823     0.0071161     0.0082936     0.0094920     0.0106868     0.0118525     0.0129639     0.0139974     0.0149316     0.0157483     0.0164333     0.0169765     0.0173718     0.0176170     0.0177134     0.0176654     0.0174800     0.0171660     0.0167336     0.0161941     0.0155594     0.0148415     0.0140525     0.0132041     0.0123076     0.0113737     0.0104127     0.0094337     0.0084453     0.0074553     0.0064703     0.0054962     0.0045379     0.0035992     0.0026830     0.0017909     0.0009235     0.0000803    -0.0007405    -0.0015417    -0.0023276    -0.0031033    -0.0038751    -0.0046505    -0.0054376    -0.0062455    -0.0070837    -0.0079622    -0.0088909    -0.0098795    -0.0109368    -0.0120710    -0.0132886    -0.0145940    -0.0159895    -0.0174745    -0.0190454    -0.0206949    -0.0224121    -0.0241822    -0.0259865    -0.0278027    -0.0296051    -0.0313653    -0.0330524    -0.0346346    -0.0360796    -0.0373557    -0.0384334    -0.0392860    -0.0398912    -0.0402314    -0.0402951    -0.0400773    -0.0395794    -0.0388096    -0.0377826    -0.0365188    -0.0350439    -0.0333875    -0.0315823    -0.0296627    -0.0276640    -0.0256206    -0.0235654    -0.0215289    -0.0195380    -0.0176161    -0.0157823    -0.0140513    -0.0124340
     0.0000758     0.0003024     0.0006775     0.0011973     0.0018562     0.0026470     0.0035606     0.0045856     0.0057087     0.0069136     0.0081818     0.0094920     0.0108209     0.0121433     0.0134333     0.0146649     0.0158133     0.0168556     0.0177719     0.0185462     0.0191660     0.0196237     0.0199153     0.0200411     0.0200045     0.0198122     0.0194731     0.0189980     0.0183988     0.0176887     0.0168810     0.0159892     0.0150266     0.0140063     0.0129406     0.0118412     0.0107190     0.0095840     0.0084453     0.0073108     0.0061875     0.0050811     0.0039964     0.0029366     0.0019039     0.0008991    -0.0000783    -0.0010304    -0.0019605    -0.0028732    -0.0037746    -0.0046721    -0.0055743    -0.0064908    -0.0074321    -0.0084094    -0.0094343    -0.0105183    -0.0116728    -0.0129083    -0.0142342    -0.0156580    -0.0171851    -0.0188181    -0.0205563    -0.0223954    -0.0243269    -0.0263379    -0.0284112    -0.0305247    -0.0326524    -0.0347641    -0.0368263    -0.0388031    -0.0406570    -0.0423499    -0.0438450    -0.0451075    -0.0461060    -0.0468144    -0.0472120    -0.0472855    -0.0470287    -0.0464434    -0.0455393    -0.0443335    -0.0428500    -0.0411189    -0.0391749    -0.0370564    -0.0348039    -0.0324585    -0.0300607    -0.0276492    -0.0252596    -0.0229236    -0.0206686    -0.0185168    -0.0164859    -0.0145883
     0.0000885     0.0003528     0.0007889     0.0013905     0.0021489     0.0030534     0.0040910     0.0052467     0.0065039     0.0078437     0.0092455     0.0106868     0.0121433     0.0135895     0.0149992     0.0163459     0.0176042     0.0187503     0.0197629     0.0206241     0.0213199     0.0218407     0.0221808     0.0223391     0.0223179     0.0221231     0.0217634     0.0212498     0.0205949     0.0198127     0.0189176     0.0179246     0.0168485     0.0157040     0.0145051     0.0132652     0.0119968     0.0107114     0.0094196     0.0081306     0.0068527     0.0055925     0.0043557     0.0031462     0.0019665     0.0008178    -0.0003005    -0.0013905    -0.0024560    -0.0035024    -0.0045366    -0.0055670    -0.0066035    -0.0076571    -0.0087401    -0.0098653    -0.0110461    -0.0122959    -0.0136277    -0.0150537    -0.0165848    -0.0182298    -0.0199947    -0.0218826    -0.0238928    -0.0260201    -0.0282547    -0.0305818    -0.0329812    -0.0354276    -0.0378906    -0.0403352    -0.0427228    -0.0450115    -0.0471579    -0.0491180    -0.0508489    -0.0523103    -0.0534660    -0.0542854    -0.0547449    -0.0548286    -0.0545297    -0.0538500    -0.0528009    -0.0514021    -0.0496815    -0.0476738    -0.0454195    -0.0429629    -0.0403510    -0.0376315    -0.0348514    -0.0320554    -0.0292848    -0.0265764    -0.0239619    -0.0214672    -0.0191125    -0.0169125
     0.0001007     0.0004009     0.0008954     0.0015758     0.0024306     0.0034455     0.0046041     0.0058880     0.0072770     0.0087497     0.0102829     0.0118525     0.0134333     0.0149992     0.0165236     0.0179801     0.0193428     0.0205873     0.0216915     0.0226362     0.0234060     0.0239893     0.0243788     0.0245718     0.0245693     0.0243762     0.0240007     0.0234536     0.0227478     0.0218978     0.0209191     0.0198279     0.0186406     0.0173732     0.0160415     0.0146606     0.0132447     0.0118069     0.0103592     0.0089124     0.0074759     0.0060576     0.0046639     0.0032997     0.0019678     0.0006698    -0.0005949    -0.0018285    -0.0030353    -0.0042213    -0.0053944    -0.0065641    -0.0077416    -0.0089397    -0.0101720    -0.0114534    -0.0127992    -0.0142246    -0.0157446    -0.0173732    -0.0191227    -0.0210032    -0.0230217    -0.0251816    -0.0274822    -0.0299174    -0.0324761    -0.0351412    -0.0378896    -0.0406921    -0.0435140    -0.0463151    -0.0490510    -0.0516739    -0.0541336    -0.0563799    -0.0583635    -0.0600381    -0.0613622    -0.0623006    -0.0628262    -0.0629209    -0.0625766    -0.0617957    -0.0605909    -0.0589850    -0.0570100    -0.0547057    -0.0521185    -0.0492992    -0.0463018    -0.0431810    -0.0399906    -0.0367821    -0.0336028    -0.0304949    -0.0274948    -0.0246321    -0.0219302    -0.0194057
     0.0001119     0.0004455     0.0009943     0.0017482     0.0026932     0.0038124     0.0050860     0.0064925     0.0080084     0.0096094     0.0112699     0.0129639     0.0146649     0.0163459     0.0179801     0.0195407     0.0210020     0.0223392     0.0235297     0.0245535     0.0253939     0.0260378     0.0264765     0.0267055     0.0267243     0.0265367     0.0261500     0.0255745     0.0248231     0.0239106     0.0228533     0.0216684     0.0203735     0.0189862     0.0175239     0.0160033     0.0144402     0.0128495     0.0112449     0.0096385     0.0080411     0.0064618     0.0049080     0.0033852     0.0018973     0.0004457    -0.0009697    -0.0023517    -0.0037046    -0.0050353    -0.0063526    -0.0076672    -0.0089918    -0.0103407    -0.0117294    -0.0131748    -0.0146939    -0.0163044    -0.0180230    -0.0198656    -0.0218462    -0.0239762    -0.0262637    -0.0287124    -0.0313214    -0.0340840    -0.0369875    -0.0400122    -0.0431321    -0.0463139    -0.0495181    -0.0526991    -0.0558064    -0.0587853    -0.0615792    -0.0641308    -0.0663839    -0.0682859    -0.0697896    -0.0708550    -0.0714512    -0.0715576    -0.0711650    -0.0702760    -0.0689052    -0.0670783    -0.0648318    -0.0622110    -0.0592684    -0.0560621    -0.0526532    -0.0491040    -0.0454758    -0.0418270    -0.0382115    -0.0346772    -0.0312654    -0.0280101    -0.0249375    -0.0220668
     0.0001220     0.0004854     0.0010831     0.0019034     0.0029306     0.0041452     0.0055250     0.0070456     0.0086806     0.0104030     0.0121846     0.0139974     0.0158133     0.0176042     0.0193428     0.0210020     0.0225559     0.0239799     0.0252510     0.0263487     0.0272554     0.0279571     0.0284435     0.0287086     0.0287504     0.0285714     0.0281777     0.0275789     0.0267875     0.0258185     0.0246884     0.0234154     0.0220180     0.0205153     0.0189260     0.0172686     0.0155606     0.0138184     0.0120574     0.0102912     0.0085321     0.0067905     0.0050748     0.0033914     0.0017447     0.0001367    -0.0014328    -0.0029665    -0.0044694    -0.0059489    -0.0074148    -0.0088791    -0.0103559    -0.0118613    -0.0134127    -0.0150290    -0.0167294    -0.0185336    -0.0204607    -0.0225283    -0.0247523    -0.0271454    -0.0297168    -0.0324707    -0.0354059    -0.0385150    -0.0417834    -0.0451893    -0.0487029    -0.0522870    -0.0558968    -0.0594810    -0.0629823    -0.0663394    -0.0694882    -0.0723639    -0.0749034    -0.0770471    -0.0787418    -0.0799423    -0.0806137    -0.0807328    -0.0802891    -0.0792855    -0.0777384    -0.0756770    -0.0731422    -0.0701851    -0.0668651    -0.0632476    -0.0594016    -0.0553973    -0.0513039    -0.0471873    -0.0431083    -0.0391209    -0.0352718    -0.0315992    -0.0281328    -0.0248941
     0.0001306     0.0005200     0.0011601     0.0020385     0.0031378     0.0044370     0.0059118     0.0075354     0.0092792     0.0111133     0.0130075     0.0149316     0.0168556     0.0187503     0.0205873     0.0223392     0.0239799     0.0254846     0.0268303     0.0279964     0.0289648     0.0297204     0.0302520     0.0305522     0.0306178     0.0304496     0.0300525     0.0294351     0.0286094     0.0275900     0.0263937     0.0250389     0.0235453     0.0219330     0.0202220     0.0184324     0.0165832     0.0146926     0.0127775     0.0108532     0.0089334     0.0070297     0.0051518     0.0033071     0.0015004    -0.0002656    -0.0019911    -0.0036788    -0.0053342    -0.0069655    -0.0085833    -0.0102011    -0.0118344    -0.0135012    -0.0152208    -0.0170143    -0.0189031    -0.0209093    -0.0230540    -0.0253570    -0.0278361    -0.0305054    -0.0333752    -0.0364502    -0.0397291    -0.0432034    -0.0468569    -0.0506650    -0.0545945    -0.0586036    -0.0626422    -0.0666526    -0.0705708    -0.0743280    -0.0778524    -0.0810713    -0.0839141    -0.0863139    -0.0882110    -0.0895549    -0.0903064    -0.0904392    -0.0899418    -0.0888173    -0.0870841    -0.0847748    -0.0819352    -0.0786226    -0.0749034    -0.0708510    -0.0665425    -0.0620568    -0.0574712    -0.0528596    -0.0482900    -0.0438233    -0.0395113    -0.0353971    -0.0315140    -0.0278859
     0.0001379     0.0005487     0.0012242     0.0021512     0.0033116     0.0046830     0.0062397     0.0079532     0.0097928     0.0117267     0.0137226     0.0157483     0.0177719     0.0197629     0.0216915     0.0235297     0.0252510     0.0268303     0.0282448     0.0294736     0.0304983     0.0313035     0.0318770     0.0322105     0.0322993     0.0321431     0.0317454     0.0311137     0.0302590     0.0291955     0.0279397     0.0265104     0.0249278     0.0232127     0.0213867     0.0194709     0.0174859     0.0154517     0.0133865     0.0113075     0.0092296     0.0071659     0.0051273     0.0031220     0.0011558    -0.0007684    -0.0026504    -0.0044931    -0.0063025    -0.0080872    -0.0098593    -0.0116333    -0.0134265    -0.0152585    -0.0171510    -0.0191272    -0.0212109    -0.0234264    -0.0257973    -0.0283456    -0.0310909    -0.0340491    -0.0372313    -0.0406430    -0.0442825    -0.0481404    -0.0521987    -0.0564300    -0.0607973    -0.0652540    -0.0697442    -0.0742039    -0.0785617    -0.0827409    -0.0866616    -0.0902429    -0.0934059    -0.0960764    -0.0981877    -0.0996834    -0.1005199    -0.1006681    -0.1001147    -0.0988635    -0.0969346    -0.0943645    -0.0912040    -0.0875169    -0.0833772    -0.0788665    -0.0740707    -0.0690775    -0.0639731    -0.0588397    -0.0537531    -0.0487809    -0.0439810    -0.0394013    -0.0350787    -0.0310401
     0.0001435     0.0005713     0.0012749     0.0022407     0.0034502     0.0048804     0.0065045     0.0082929     0.0102137     0.0122334     0.0143179     0.0164333     0.0185462     0.0206241     0.0226362     0.0245535     0.0263487     0.0279964     0.0294736     0.0307592     0.0318349     0.0326848     0.0332964     0.0336604     0.0337712     0.0336272     0.0332307     0.0325881     0.0317092     0.0306076     0.0292992     0.0278030     0.0261391     0.0243293     0.0223959     0.0203613     0.0182476     0.0160760     0.0138666     0.0116378     0.0094063     0.0071864     0.0049901     0.0028268     0.0007030    -0.0013779    -0.0034155    -0.0054129    -0.0073762    -0.0093150    -0.0112423    -0.0131742    -0.0151294    -0.0171298    -0.0191989    -0.0213623    -0.0236464    -0.0260780    -0.0286830    -0.0314859    -0.0345080    -0.0377670    -0.0412753    -0.0450386    -0.0490554    -0.0533151    -0.0577976    -0.0624728    -0.0672994    -0.0722261    -0.0771909    -0.0821228    -0.0869428    -0.0915660    -0.0959038    -0.0998667    -0.1033672    -0.1063230    -0.1086603    -0.1103167    -0.1112437    -0.1114089    -0.1107978    -0.1094142    -0.1072806    -0.1044372    -0.1009402    -0.0968603    -0.0922793    -0.0872873    -0.0819798    -0.0764537    -0.0708044    -0.0651229    -0.0594931    -0.0539898    -0.0486774    -0.0436084    -0.0388242    -0.0343542
     0.0001476     0.0005878     0.0013120     0.0023067     0.0035530     0.0050279     0.0067042     0.0085516     0.0105373     0.0126270     0.0147852     0.0169765     0.0191660     0.0213199     0.0234060     0.0253939     0.0272554     0.0289648     0.0304983     0.0318349     0.0329559     0.0338456     0.0344909     0.0348820     0.0350126     0.0348802     0.0344859     0.0338349     0.0329360     0.0318017     0.0304475     0.0288918     0.0271550     0.0252591     0.0232271     0.0210824     0.0188482     0.0165472     0.0142008     0.0118291     0.0094500     0.0070793     0.0047302     0.0024131     0.0001353    -0.0020993    -0.0042900    -0.0064400    -0.0085558    -0.0106480    -0.0127304    -0.0148205    -0.0169389    -0.0191094    -0.0213579    -0.0237123    -0.0262016    -0.0288551    -0.0317014    -0.0347672    -0.0380761    -0.0416475    -0.0454948    -0.0496246    -0.0540348    -0.0587139    -0.0636398    -0.0687792    -0.0740867    -0.0795056    -0.0849677    -0.0903947    -0.0956996    -0.1007888    -0.1055646    -0.1099284    -0.1137837    -0.1170399    -0.1196155    -0.1214416    -0.1224648    -0.1226493    -0.1219791    -0.1204582    -0.1181114    -0.1149827    -0.1111343    -0.1066436    -0.1016010    -0.0961057    -0.0902626    -0.0841786    -0.0779588    -0.0717034    -0.0655048    -0.0594455    -0.0535961    -0.0480149    -0.0427471    -0.0378254
     0.0001503     0.0005983     0.0013359     0.0023494     0.0036205     0.0051259     0.0068387     0.0087285     0.0107622     0.0129047     0.0151201     0.0173718     0.0196237     0.0218407     0.0239893     0.0260378     0.0279571     0.0297204     0.0313035     0.0326848     0.0338456     0.0347697     0.0354441     0.0358586     0.0360064     0.0358841     0.0354920     0.0348342     0.0339185     0.0327564     0.0313627     0.0297550     0.0279537     0.0259807     0.0238595     0.0216143     0.0192692     0.0168480     0.0143736     0.0118673     0.0093485     0.0068342     0.0043389     0.0018740    -0.0005525    -0.0029360    -0.0052757    -0.0075748    -0.0098404    -0.0120836    -0.0143195    -0.0165670    -0.0188486    -0.0211899    -0.0236195    -0.0261675    -0.0288658    -0.0317463    -0.0348402    -0.0381768    -0.0417818    -0.0456764    -0.0498753    -0.0543855    -0.0592049    -0.0643208    -0.0697090    -0.0753326    -0.0811422    -0.0870754    -0.0930575    -0.0990025    -0.1048150    -0.1103922    -0.1156271    -0.1204114    -0.1246392    -0.1282110    -0.1310374    -0.1330429    -0.1341685    -0.1343751    -0.1336449    -0.1319824    -0.1294144    -0.1259892    -0.1217749    -0.1168564    -0.1113325    -0.1053122    -0.0989105    -0.0922444    -0.0854293    -0.0785748    -0.0717825    -0.0651425    -0.0587326    -0.0526164    -0.0468437    -0.0414501
     0.0001515     0.0006032     0.0013471     0.0023700     0.0036538     0.0051760     0.0069098     0.0088252     0.0108893     0.0130670     0.0153219     0.0176170     0.0199153     0.0221808     0.0243788     0.0264765     0.0284435     0.0302520     0.0318770     0.0332964     0.0344909     0.0354441     0.0361428     0.0365766     0.0367383     0.0366240     0.0362334     0.0355697     0.0346397     0.0334539     0.0320262     0.0303736     0.0285160     0.0264752     0.0242748     0.0219394     0.0194939     0.0169631     0.0143710     0.0117400     0.0090910     0.0064421     0.0038090     0.0012040    -0.0013640    -0.0038900    -0.0063729    -0.0088161    -0.0112269    -0.0136174    -0.0160038    -0.0184065    -0.0208498    -0.0233616    -0.0259727    -0.0287161    -0.0316262    -0.0347378    -0.0380848    -0.0416991    -0.0456088    -0.0498368    -0.0543992    -0.0593036    -0.0645475    -0.0701172    -0.0759860    -0.0821139    -0.0884466    -0.0949161    -0.1014407    -0.1079265    -0.1142693    -0.1203568    -0.1260720    -0.1312965    -0.1359147    -0.1398178    -0.1429081    -0.1451029    -0.1463378    -0.1465698    -0.1457795    -0.1439715    -0.1411751    -0.1374429    -0.1328491    -0.1274864    -0.1214626    -0.1148966    -0.1079138    -0.1006422    -0.0932075    -0.0857295    -0.0783191    -0.0710747    -0.0640812    -0.0574080    -0.0511095    -0.0452247
     0.0001513     0.0006027     0.0013463     0.0023696     0.0036549     0.0051804     0.0069201     0.0088447     0.0109217     0.0131165     0.0153927     0.0177134     0.0200411     0.0223391     0.0245718     0.0267055     0.0287086     0.0305522     0.0322105     0.0336604     0.0348820     0.0358586     0.0365766     0.0370254     0.0371975     0.0370888     0.0366983     0.0360286     0.0350859     0.0338797     0.0324230     0.0307321     0.0288262     0.0267268     0.0244573     0.0220426     0.0195081     0.0168792     0.0141809     0.0114368     0.0086685     0.0058957     0.0031349     0.0003993    -0.0023014    -0.0049616    -0.0075803    -0.0101606    -0.0127106    -0.0152430    -0.0177754    -0.0203296    -0.0229319    -0.0256125    -0.0284044    -0.0313436    -0.0344673    -0.0378131    -0.0414180    -0.0453162    -0.0495384    -0.0541094    -0.0590465    -0.0643582    -0.0700415    -0.0760815    -0.0824491    -0.0891007    -0.0959774    -0.1030050    -0.1100946    -0.1171441    -0.1240400    -0.1306601    -0.1368770    -0.1425619    -0.1475888    -0.1518393    -0.1552070    -0.1576016    -0.1589531    -0.1592147    -0.1583647    -0.1564083    -0.1533771    -0.1493283    -0.1443423    -0.1385198    -0.1319782    -0.1248466    -0.1172614    -0.1093616    -0.1012840    -0.0931590    -0.0851070    -0.0772352    -0.0696356    -0.0623841    -0.0555396    -0.0491446
     0.0001499     0.0005973     0.0013346     0.0023498     0.0036260     0.0051423     0.0068736     0.0087915     0.0108643     0.0130583     0.0153376     0.0176654     0.0200045     0.0223179     0.0245693     0.0267243     0.0287504     0.0306178     0.0322993     0.0337712     0.0350126     0.0360064     0.0367383     0.0371975     0.0373763     0.0372703     0.0368782     0.0362021     0.0352476     0.0340235     0.0325420     0.0308187     0.0288719     0.0267228     0.0243945     0.0219117     0.0193001     0.0165856     0.0137937     0.0109490     0.0080741     0.0051895     0.0023127    -0.0005421    -0.0033648    -0.0061493    -0.0088943    -0.0116033    -0.0142846    -0.0169521    -0.0196243    -0.0223249    -0.0250820    -0.0279282    -0.0308991    -0.0340334    -0.0373713    -0.0409535    -0.0448197    -0.0490072    -0.0535489    -0.0584717    -0.0637944    -0.0695257    -0.0756628    -0.0821892    -0.0890734    -0.0962681    -0.1037094    -0.1113168    -0.1189939    -0.1266300    -0.1341019    -0.1412770    -0.1480173    -0.1541829    -0.1596372    -0.1642517    -0.1679107    -0.1705165    -0.1719927    -0.1722885    -0.1713803    -0.1692734    -0.1660019    -0.1616277    -0.1562377    -0.1499411    -0.1428648    -0.1351486    -0.1269405    -0.1183910    -0.1096483    -0.1008536    -0.0921374    -0.0836158    -0.0753888    -0.0675384    -0.0601284    -0.0532049
     0.0001474     0.0005874     0.0013129     0.0023123     0.0035698     0.0050652     0.0067747     0.0086708     0.0107232     0.0128990     0.0151633     0.0174800     0.0198122     0.0221231     0.0243762     0.0265367     0.0285714     0.0304496     0.0321431     0.0336272     0.0348802     0.0358841     0.0366240     0.0370888     0.0372703     0.0371638     0.0367680     0.0360846     0.0351187     0.0338786     0.0323758     0.0306253     0.0286447     0.0264544     0.0240772     0.0215375     0.0188611     0.0160739     0.0132020     0.0102705     0.0073028     0.0043202     0.0013408    -0.0016204    -0.0045526    -0.0074496    -0.0103098    -0.0131370    -0.0159402    -0.0187340    -0.0215383    -0.0243786    -0.0272849    -0.0302921    -0.0334387    -0.0367662    -0.0403178    -0.0441374    -0.0482677    -0.0527488    -0.0576163    -0.0628989    -0.0686170    -0.0747800    -0.0813847    -0.0884131    -0.0958314    -0.1035882    -0.1116144    -0.1198231    -0.1281101    -0.1363556    -0.1444264    -0.1521794    -0.1594650    -0.1661321    -0.1720329    -0.1770283    -0.1809934    -0.1838222    -0.1854320    -0.1857676    -0.1848034    -0.1825449    -0.1790287    -0.1743213    -0.1685167    -0.1617326    -0.1541058    -0.1457875    -0.1369371    -0.1277174    -0.1182883    -0.1088023    -0.0994003    -0.0902079    -0.0813327    -0.0728636    -0.0648694    -0.0574000
     0.0001439     0.0005735     0.0012822     0.0022590     0.0034889     0.0049528     0.0066281     0.0084886     0.0105052     0.0126464     0.0148784     0.0171660     0.0194731     0.0217634     0.0240007     0.0261500     0.0281777     0.0300525     0.0317454     0.0332307     0.0344859     0.0354920     0.0362334     0.0366983     0.0368782     0.0367680     0.0363662     0.0356742     0.0346968     0.0334420     0.0319210     0.0301478     0.0281396     0.0259162     0.0234998     0.0209144     0.0181855     0.0153391     0.0124015     0.0093979     0.0063523     0.0032866     0.0002196    -0.0028334    -0.0058611    -0.0088569    -0.0118195    -0.0147528    -0.0176666    -0.0205763    -0.0235033    -0.0264748    -0.0295230    -0.0326853    -0.0360029    -0.0395203    -0.0432839    -0.0473408    -0.0517367    -0.0565149    -0.0617134    -0.0673632    -0.0734860    -0.0800919    -0.0871774    -0.0947230    -0.1026923    -0.1110299    -0.1196613    -0.1284927    -0.1374118    -0.1462896    -0.1549825    -0.1633361    -0.1711892    -0.1783788    -0.1847457    -0.1901398    -0.1944262    -0.1974905    -0.1992436    -0.1996256    -0.1986086    -0.1961984    -0.1924341    -0.1873871    -0.1811584    -0.1738746    -0.1656830    -0.1567459    -0.1472354    -0.1373262    -0.1271906    -0.1169930    -0.1068848    -0.0970012    -0.0874584    -0.0783518    -0.0697557    -0.0617237
     0.0001396     0.0005562     0.0012436     0.0021917     0.0033861     0.0048090     0.0064390     0.0082511     0.0102179     0.0123091     0.0144923     0.0167336     0.0189980     0.0212498     0.0234536     0.0255745     0.0275789     0.0294351     0.0311137     0.0325881     0.0338349     0.0348342     0.0355697     0.0360286     0.0362021     0.0360846     0.0356742     0.0349721     0.0339830     0.0327146     0.0311776     0.0293858     0.0273558     0.0251069     0.0226605     0.0200403     0.0172713     0.0143793     0.0113905     0.0083302     0.0052228     0.0020902    -0.0010483    -0.0041769    -0.0072843    -0.0103638    -0.0134141    -0.0164396    -0.0194508    -0.0224642    -0.0255029    -0.0285956    -0.0317770    -0.0350868    -0.0385693    -0.0422720    -0.0462445    -0.0505373    -0.0551994    -0.0602770    -0.0658108    -0.0718342    -0.0783701    -0.0854295    -0.0930084    -0.1010860    -0.1096229    -0.1185596    -0.1278159    -0.1372912    -0.1468647    -0.1563976    -0.1657357    -0.1747129    -0.1831560    -0.1908898    -0.1977428    -0.2035537    -0.2081774    -0.2114907    -0.2133975    -0.2138333    -0.2127679    -0.2102070    -0.2061924    -0.2008006    -0.1941398    -0.1863455    -0.1775758    -0.1680051    -0.1578176    -0.1472011    -0.1363404    -0.1254120    -0.1145784    -0.1039848    -0.0937559    -0.0839941    -0.0747792    -0.0661688
