    -0.0000000    -0.0000000    -0.0000000    -0.0000000    -0.0000000    -0.0000000    -0.0000000    -0.0000000    -0.0000000    -0.0000000    -0.0000000    -0.0000001    -0.0000001    -0.0000001    -0.0000001    -0.0000001    -0.0000001    -0.0000001    -0.0000002    -0.0000002    -0.0000002    -0.0000002    -0.0000002    -0.0000002    -0.0000002    -0.0000002    -0.0000002    -0.0000002    -0.0000002    -0.0000002    -0.0000002    -0.0000002    -0.0000002    -0.0000002    -0.0000002    -0.0000001    -0.0000001    -0.0000001    -0.0000001    -0.0000001    -0.0000001    -0.0000001    -0.0000001    -0.0000001    -0.0000001    -0.0000001    -0.0000001    -0.0000001    -0.0000001    -0.0000001    -0.0000001    -0.0000001    -0.0000001    -0.0000001    -0.0000001    -0.0000001    -0.0000000    -0.0000000    -0.0000000    -0.0000000    -0.0000000    -0.0000000    -0.0000000    -0.0000000    -0.0000000    -0.0000000    -0.0000000    -0.0000000    -0.0000000    -0.0000000    -0.0000000    -0.0000000    -0.0000000    -0.0000000    -0.0000000    -0.0000000    -0.0000000    -0.0000000    -0.0000000    -0.0000000    -0.0000000    -0.0000000    -0.0000000    -0.0000000    -0.0000000    -0.0000000    -0.0000000    -0.0000000    -0.0000000    -0.0000000    -0.0000000    -0.0000000    -0.0000000    -0.0000000    -0.0000000    -0.0000000    -0.0000000    -0.0000000    -0.0000000    -0.0000000    -0.0000000    -0.0000000    -0.0000000    -0.0000000    -0.0000000    -0.0000000    -0.0000000    -0.0000000    -0.0000000    -0.0000000    -0.0000000    -0.0000000    -0.0000000    -0.0000000    -0.0000000    -0.0000000    -0.0000000    -0.0000000    -0.0000000    -0.0000000    -0.0000000    -0.0000000    -0.0000000    -0.0000000    -0.0000000    -0.0000000    -0.0000000    -0.0000000    -0.0000000    -0.0000000    -0.0000000    -0.0000000    -0.0000000    -0.0000000    -0.0000000    -0.0000000    -0.0000000    -0.0000000    -0.0000000    -0.0000000    -0.0000000    -0.0000000    -0.0000000    -0.0000000    -0.0000000    -0.0000000    -0.0000000    -0.0000000    -0.0000000    -0.0000000
    -0.0000000    -0.0000000    -0.0000000    -0.0000000    -0.0000001    -0.0000001    -0.0000002    -0.0000003    -0.0000004    -0.0000006    -0.0000008    -0.0000010    -0.0000012    -0.0000015    -0.0000017    -0.0000019    -0.0000021    -0.0000023    -0.0000025    -0.0000027    -0.0000028    -0.0000029    -0.0000030    -0.0000030    -0.0000030    -0.0000030    -0.0000030    -0.0000030    -0.0000029    -0.0000029    -0.0000028    -0.0000027    -0.0000026    -0.0000025    -0.0000024    -0.0000023    -0.0000022    -0.0000021    -0.0000020    -0.0000020    -0.0000019    -0.0000018    -0.0000017    -0.0000016    -0.0000015    -0.0000014    -0.0000014    -0.0000013    -0.0000012    -0.0000012    -0.0000011    -0.0000010    -0.0000010    -0.0000009    -0.0000009    -0.0000008    -0.0000008    -0.0000007    -0.0000007    -0.0000007    -0.0000006    -0.0000006    -0.0000006    -0.0000005    -0.0000005    -0.0000005    -0.0000005    -0.0000004    -0.0000004    -0.0000004    -0.0000004    -0.0000004    -0.0000003    -0.0000003    -0.0000003    -0.0000003    -0.0000003    -0.0000003    -0.0000002    -0.0000002    -0.0000002    -0.0000002    -0.0000002    -0.0000002    -0.0000002    -0.0000002    -0.0000002    -0.0000001    -0.0000001    -0.0000001    -0.0000001    -0.0000001    -0.0000001    -0.0000001    -0.0000001    -0.0000001    -0.0000001    -0.0000001    -0.0000001    -0.0000001    -0.0000001    -0.0000001    -0.0000000    -0.0000000    -0.0000000    -0.0000000    -0.0000000    -0.0000000    -0.0000000    -0.0000000    -0.0000000    -0.0000000    -0.0000000    -0.0000000    -0.0000000    -0.0000000    -0.0000000    -0.0000000    -0.0000000    -0.0000000    -0.0000000    -0.0000000    -0.0000000    -0.0000000    -0.0000000    -0.0000000    -0.0000000    -0.0000000    -0.0000000    -0.0000000    -0.0000000    -0.0000000    -0.0000000    -0.0000000    -0.0000000    -0.0000000    -0.0000000    -0.0000000    -0.0000000    -0.0000000    -0.0000000    -0.0000000    -0.0000000    -0.0000000    -0.0000000    -0.0000000    -0.0000000    -0.0000000    -0.0000000    -0.0000000
    -0.0000000    -0.0000000    -0.0000000    -0.0000001    -0.0000003    -0.0000005    -0.0000009    -0.0000014    -0.0000021    -0.0000029    -0.0000039    -0.0000050    -0.0000061    -0.0000073    -0.0000085    -0.0000096    -0.0000107    -0.0000117    -0.0000126    -0.0000134    -0.0000140    -0.0000145    -0.0000149    -0.0000151    -0.0000153    -0.0000153    -0.0000152    -0.0000150    -0.0000148    -0.0000145    -0.0000141    -0.0000137    -0.0000132    -0.0000128    -0.0000123    -0.0000118    -0.0000113    -0.0000108    -0.0000103    -0.0000098    -0.0000094    -0.0000089    -0.0000085    -0.0000081    -0.0000076    -0.0000073    -0.0000069    -0.0000065    -0.0000062    -0.0000059    -0.0000055    -0.0000053    -0.0000050    -0.0000047    -0.0000045    -0.0000042    -0.0000040    -0.0000038    -0.0000036    -0.0000034    -0.0000032    -0.0000031    -0.0000029    -0.0000027    -0.0000026    -0.0000025    -0.0000023    -0.0000022    -0.0000021    -0.0000020    -0.0000019    -0.0000018    -0.0000017    -0.0000016    -0.0000015    -0.0000015    -0.0000014    -0.0000013    -0.0000012    -0.0000012    -0.0000011    -0.0000010    -0.0000010    -0.0000009    -0.0000009    -0.0000008    -0.0000008    -0.0000007    -0.0000007    -0.0000007    -0.0000006    -0.0000006    -0.0000005    -0.0000005    -0.0000005    -0.0000004    -0.0000004    -0.0000004    -0.0000003    -0.0000003    -0.0000003    -0.0000003    -0.0000002    -0.0000002    -0.0000002    -0.0000002    -0.0000002    -0.0000002    -0.0000001    -0.0000001    -0.0000001    -0.0000001    -0.0000001    -0.0000001    -0.0000001    -0.0000001    -0.0000000    -0.0000000    -0.0000000    -0.0000000    -0.0000000    -0.0000000    -0.0000000    -0.0000000    -0.0000000    -0.0000000    -0.0000000    -0.0000000    -0.0000000    -0.0000000    -0.0000000    -0.0000000    -0.0000000    -0.0000000    -0.0000000    -0.0000000    -0.0000000    -0.0000000    -0.0000000    -0.0000000    -0.0000000    -0.0000000    -0.0000000    -0.0000000    -0.0000000    -0.0000000    -0.0000000    -0.0000000    -0.0000000    -0.0000000
    -0.0000000    -0.0000000    -0.0000001    -0.0000004    -0.0000008    -0.0000016    -0.0000028    -0.0000044    -0.0000065    -0.0000090    -0.0000120    -0.0000152    -0.0000188    -0.0000224    -0.0000261    -0.0000297    -0.0000331    -0.0000362    -0.0000391    -0.0000415    -0.0000435    -0.0000452    -0.0000464    -0.0000472    -0.0000476    -0.0000477    -0.0000475    -0.0000470    -0.0000462    -0.0000453    -0.0000442    -0.0000429    -0.0000415    -0.0000401    -0.0000386    -0.0000371    -0.0000355    -0.0000340    -0.0000325    -0.0000310    -0.0000295    -0.0000281    -0.0000267    -0.0000254    -0.0000241    -0.0000229    -0.0000217    -0.0000205    -0.0000195    -0.0000185    -0.0000175    -0.0000166    -0.0000157    -0.0000149    -0.0000141    -0.0000133    -0.0000126    -0.0000120    -0.0000113    -0.0000107    -0.0000102    -0.0000096    -0.0000091    -0.0000087    -0.0000082    -0.0000078    -0.0000074    -0.0000070    -0.0000066    -0.0000063    -0.0000060    -0.0000057    -0.0000054    -0.0000051    -0.0000048    -0.0000046    -0.0000043    -0.0000041    -0.0000039    -0.0000037    -0.0000035    -0.0000033    -0.0000031    -0.0000030    -0.0000028    -0.0000026    -0.0000025    -0.0000023    -0.0000022    -0.0000021    -0.0000019    -0.0000018    -0.0000017    -0.0000016    -0.0000015    -0.0000014    -0.0000013    -0.0000012    -0.0000011    -0.0000010    -0.0000009    -0.0000009    -0.0000008    -0.0000007    -0.0000006    -0.0000006    -0.0000005    -0.0000005    -0.0000004    -0.0000004    -0.0000003    -0.0000003    -0.0000003    -0.0000002    -0.0000002    -0.0000002    -0.0000001    -0.0000001    -0.0000001    -0.0000001    -0.0000001    -0.0000001    -0.0000001    -0.0000000    -0.0000000    -0.0000000    -0.0000000    -0.0000000    -0.0000000    -0.0000000    -0.0000000    -0.0000000    -0.0000000    -0.0000000    -0.0000000    -0.0000000    -0.0000000    -0.0000000    -0.0000000    -0.0000000    -0.0000000    -0.0000000    -0.0000000    -0.0000000    -0.0000000    -0.0000000    -0.0000000    -0.0000000    -0.0000000    -0.0000000
    -0.0000000    -0.0000001    -0.0000003    -0.0000008    -0.0000019    -0.0000037    -0.0000065    -0.0000103    -0.0000152    -0.0000212    -0.0000281    -0.0000359    -0.0000443    -0.0000530    -0.0000618    -0.0000704    -0.0000786    -0.0000862    -0.0000931    -0.0000991    -0.0001041    -0.0001081    -0.0001112    -0.0001133    -0.0001144    -0.0001147    -0.0001143    -0.0001132    -0.0001115    -0.0001093    -0.0001067    -0.0001037    -0.0001005    -0.0000971    -0.0000935    -0.0000899    -0.0000862    -0.0000825    -0.0000788    -0.0000752    -0.0000717    -0.0000682    -0.0000649    -0.0000617    -0.0000586    -0.0000556    -0.0000527    -0.0000500    -0.0000474    -0.0000449    -0.0000426    -0.0000403    -0.0000382    -0.0000362    -0.0000343    -0.0000325    -0.0000308    -0.0000291    -0.0000276    -0.0000262    -0.0000248    -0.0000235    -0.0000223    -0.0000211    -0.0000200    -0.0000190    -0.0000180    -0.0000171    -0.0000162    -0.0000154    -0.0000146    -0.0000138    -0.0000131    -0.0000124    -0.0000118    -0.0000112    -0.0000106    -0.0000100    -0.0000095    -0.0000090    -0.0000085    -0.0000081    -0.0000076    -0.0000072    -0.0000068    -0.0000064    -0.0000061    -0.0000057    -0.0000054    -0.0000050    -0.0000047    -0.0000044    -0.0000042    -0.0000039    -0.0000036    -0.0000034    -0.0000031    -0.0000029    -0.0000027    -0.0000025    -0.0000023    -0.0000021    -0.0000019    -0.0000017    -0.0000016    -0.0000014    -0.0000013    -0.0000012    -0.0000010    -0.0000009    -0.0000008    -0.0000007    -0.0000006    -0.0000006    -0.0000005    -0.0000004    -0.0000004    -0.0000003    -0.0000003    -0.0000002    -0.0000002    -0.0000002    -0.0000001    -0.0000001    -0.0000001    -0.0000001    -0.0000001    -0.0000001    -0.0000000    -0.0000000    -0.0000000    -0.0000000    -0.0000000    -0.0000000    -0.0000000    -0.0000000    -0.0000000    -0.0000000    -0.0000000    -0.0000000    -0.0000000    -0.0000000    -0.0000000    -0.0000000    -0.0000000    -0.0000000    -0.0000000    -0.0000000    -0.0000000    -0.0000000
    -0.0000000    -0.0000001    -0.0000005    -0.0000016    -0.0000037    -0.0000073    -0.0000128    -0.0000203    -0.0000300    -0.0000419    -0.0000558    -0.0000713    -0.0000881    -0.0001057    -0.0001235    -0.0001410    -0.0001578    -0.0001734    -0.0001875    -0.0001999    -0.0002104    -0.0002189    -0.0002254    -0.0002300    -0.0002327    -0.0002336    -0.0002330    -0.0002310    -0.0002278    -0.0002235    -0.0002183    -0.0002124    -0.0002060    -0.0001992    -0.0001920    -0.0001846    -0.0001772    -0.0001697    -0.0001622    -0.0001549    -0.0001477    -0.0001406    -0.0001338    -0.0001272    -0.0001208    -0.0001147    -0.0001088    -0.0001032    -0.0000979    -0.0000928    -0.0000879    -0.0000833    -0.0000789    -0.0000748    -0.0000709    -0.0000671    -0.0000636    -0.0000603    -0.0000571    -0.0000541    -0.0000513    -0.0000486    -0.0000461    -0.0000437    -0.0000414    -0.0000393    -0.0000373    -0.0000354    -0.0000335    -0.0000318    -0.0000302    -0.0000286    -0.0000271    -0.0000257    -0.0000244    -0.0000231    -0.0000219    -0.0000208    -0.0000197    -0.0000187    -0.0000177    -0.0000167    -0.0000158    -0.0000149    -0.0000141    -0.0000133    -0.0000125    -0.0000118    -0.0000111    -0.0000104    -0.0000098    -0.0000092    -0.0000086    -0.0000080    -0.0000075    -0.0000070    -0.0000065    -0.0000060    -0.0000056    -0.0000051    -0.0000047    -0.0000043    -0.0000040    -0.0000036    -0.0000033    -0.0000030    -0.0000027    -0.0000024    -0.0000022    -0.0000019    -0.0000017    -0.0000015    -0.0000013    -0.0000012    -0.0000010    -0.0000009    -0.0000007    -0.0000006    -0.0000005    -0.0000005    -0.0000004    -0.0000003    -0.0000003    -0.0000002    -0.0000002    -0.0000002    -0.0000001    -0.0000001    -0.0000001    -0.0000001    -0.0000001    -0.0000001    -0.0000000    -0.0000000    -0.0000000    -0.0000000    -0.0000000    -0.0000000    -0.0000000    -0.0000000    -0.0000000    -0.0000000    -0.0000000    -0.0000000    -0.0000000    -0.0000000    -0.0000000    -0.0000000    -0.0000000    -0.0000000
    -0.0000000    -0.0000002    -0.0000009    -0.0000028    -0.0000065    -0.0000128    -0.0000223    -0.0000354    -0.0000525    -0.0000735    -0.0000980    -0.0001256    -0.0001556    -0.0001870    -0.0002190    -0.0002506    -0.0002811    -0.0003096    -0.0003356    -0.0003586    -0.0003781    -0.0003942    -0.0004066    -0.0004156    -0.0004211    -0.0004235    -0.0004230    -0.0004199    -0.0004146    -0.0004072    -0.0003983    -0.0003880    -0.0003766    -0.0003644    -0.0003516    -0.0003383    -0.0003249    -0.0003114    -0.0002979    -0.0002845    -0.0002714    -0.0002586    -0.0002462    -0.0002341    -0.0002225    -0.0002113    -0.0002005    -0.0001903    -0.0001805    -0.0001711    -0.0001622    -0.0001537    -0.0001457    -0.0001381    -0.0001308    -0.0001240    -0.0001175    -0.0001113    -0.0001055    -0.0001000    -0.0000948    -0.0000899    -0.0000852    -0.0000808    -0.0000766    -0.0000727    -0.0000689    -0.0000654    -0.0000620    -0.0000588    -0.0000558    -0.0000529    -0.0000502    -0.0000476    -0.0000452    -0.0000428    -0.0000406    -0.0000385    -0.0000365    -0.0000345    -0.0000327    -0.0000309    -0.0000292    -0.0000276    -0.0000261    -0.0000246    -0.0000232    -0.0000219    -0.0000206    -0.0000193    -0.0000182    -0.0000170    -0.0000159    -0.0000149    -0.0000139    -0.0000129    -0.0000120    -0.0000111    -0.0000103    -0.0000095    -0.0000087    -0.0000080    -0.0000073    -0.0000067    -0.0000061    -0.0000055    -0.0000050    -0.0000045    -0.0000040    -0.0000036    -0.0000031    -0.0000028    -0.0000024    -0.0000021    -0.0000019    -0.0000016    -0.0000014    -0.0000012    -0.0000010    -0.0000008    -0.0000007    -0.0000006    -0.0000005    -0.0000004    -0.0000003    -0.0000003    -0.0000002    -0.0000002    -0.0000002    -0.0000001    -0.0000001    -0.0000001    -0.0000001    -0.0000001    -0.0000001    -0.0000001    -0.0000001    -0.0000000    -0.0000000    -0.0000000    -0.0000000    -0.0000000    -0.0000000    -0.0000000    -0.0000000    -0.0000000    -0.0000000    -0.0000000    -0.0000000    -0.0000000
    -0.0000000    -0.0000003    -0.0000014    -0.0000044    -0.0000103    -0.0000203    -0.0000354    -0.0000565    -0.0000839    -0.0001177    -0.0001574    -0.0002023    -0.0002511    -0.0003026    -0.0003554    -0.0004078    -0.0004586    -0.0005064    -0.0005503    -0.0005893    -0.0006229    -0.0006507    -0.0006727    -0.0006888    -0.0006993    -0.0007045    -0.0007049    -0.0007008    -0.0006929    -0.0006816    -0.0006675    -0.0006509    -0.0006325    -0.0006127    -0.0005917    -0.0005700    -0.0005478    -0.0005253    -0.0005029    -0.0004807    -0.0004589    -0.0004375    -0.0004166    -0.0003964    -0.0003769    -0.0003581    -0.0003400    -0.0003227    -0.0003062    -0.0002904    -0.0002753    -0.0002610    -0.0002474    -0.0002345    -0.0002223    -0.0002107    -0.0001997    -0.0001893    -0.0001794    -0.0001701    -0.0001612    -0.0001529    -0.0001450    -0.0001375    -0.0001304    -0.0001237    -0.0001173    -0.0001113    -0.0001056    -0.0001002    -0.0000950    -0.0000902    -0.0000855    -0.0000811    -0.0000769    -0.0000729    -0.0000692    -0.0000655    -0.0000621    -0.0000588    -0.0000557    -0.0000527    -0.0000498    -0.0000471    -0.0000445    -0.0000420    -0.0000396    -0.0000373    -0.0000351    -0.0000330    -0.0000309    -0.0000290    -0.0000271    -0.0000254    -0.0000237    -0.0000220    -0.0000205    -0.0000190    -0.0000175    -0.0000162    -0.0000149    -0.0000137    -0.0000125    -0.0000114    -0.0000104    -0.0000094    -0.0000085    -0.0000076    -0.0000068    -0.0000061    -0.0000054    -0.0000047    -0.0000042    -0.0000036    -0.0000032    -0.0000027    -0.0000023    -0.0000020    -0.0000017    -0.0000014    -0.0000012    -0.0000010    -0.0000008    -0.0000007    -0.0000006    -0.0000005    -0.0000004    -0.0000003    -0.0000003    -0.0000002    -0.0000002    -0.0000002    -0.0000001    -0.0000001    -0.0000001    -0.0000001    -0.0000001    -0.0000001    -0.0000001    -0.0000001    -0.0000001    -0.0000001    -0.0000000    -0.0000000    -0.0000000    -0.0000000    -0.0000000    -0.0000000    -0.0000000    -0.0000000
    -0.0000000    -0.0000004    -0.0000021    -0.0000065    -0.0000152    -0.0000300    -0.0000525    -0.0000839    -0.0001249    -0.0001757    -0.0002356    -0.0003036    -0.0003780    -0.0004569    -0.0005381    -0.0006193    -0.0006984    -0.0007735    -0.0008427    -0.0009048    -0.0009589    -0.0010042    -0.0010406    -0.0010679    -0.0010864    -0.0010967    -0.0010993    -0.0010949    -0.0010843    -0.0010683    -0.0010476    -0.0010231    -0.0009954    -0.0009653    -0.0009333    -0.0008999    -0.0008656    -0.0008310    -0.0007962    -0.0007616    -0.0007275    -0.0006940    -0.0006613    -0.0006296    -0.0005988    -0.0005692    -0.0005408    -0.0005134    -0.0004873    -0.0004624    -0.0004386    -0.0004159    -0.0003944    -0.0003739    -0.0003545    -0.0003360    -0.0003186    -0.0003020    -0.0002863    -0.0002715    -0.0002574    -0.0002441    -0.0002315    -0.0002196    -0.0002083    -0.0001976    -0.0001875    -0.0001778    -0.0001687    -0.0001601    -0.0001519    -0.0001441    -0.0001367    -0.0001297    -0.0001230    -0.0001166    -0.0001106    -0.0001048    -0.0000993    -0.0000941    -0.0000891    -0.0000843    -0.0000797    -0.0000753    -0.0000711    -0.0000671    -0.0000633    -0.0000596    -0.0000561    -0.0000527    -0.0000495    -0.0000464    -0.0000434    -0.0000406    -0.0000379    -0.0000352    -0.0000327    -0.0000304    -0.0000281    -0.0000259    -0.0000238    -0.0000219    -0.0000200    -0.0000182    -0.0000166    -0.0000150    -0.0000135    -0.0000122    -0.0000109    -0.0000097    -0.0000086    -0.0000076    -0.0000067    -0.0000058    -0.0000050    -0.0000044    -0.0000037    -0.0000032    -0.0000027    -0.0000023    -0.0000019    -0.0000016    -0.0000014    -0.0000011    -0.0000009    -0.0000008    -0.0000006    -0.0000005    -0.0000004    -0.0000004    -0.0000003    -0.0000003    -0.0000002    -0.0000002    -0.0000002    -0.0000002    -0.0000001    -0.0000001    -0.0000001    -0.0000001    -0.0000001    -0.0000001    -0.0000001    -0.0000001    -0.0000001    -0.0000001    -0.0000001    -0.0000000    -0.0000000    -0.0000000
    -0.0000000    -0.0000006    -0.0000029    -0.0000090    -0.0000212    -0.0000419    -0.0000735    -0.0001177    -0.0001757    -0.0002477    -0.0003332    -0.0004306    -0.0005379    -0.0006522    -0.0007705    -0.0008896    -0.0010064    -0.0011179    -0.0012217    -0.0013156    -0.0013981    -0.0014682    -0.0015252    -0.0015691    -0.0016001    -0.0016188    -0.0016260    -0.0016227    -0.0016100    -0.0015889    -0.0015607    -0.0015265    -0.0014873    -0.0014441    -0.0013979    -0.0013495    -0.0012995    -0.0012487    -0.0011975    -0.0011464    -0.0010959    -0.0010462    -0.0009976    -0.0009504    -0.0009045    -0.0008603    -0.0008176    -0.0007767    -0.0007375    -0.0007000    -0.0006642    -0.0006301    -0.0005977    -0.0005668    -0.0005375    -0.0005097    -0.0004833    -0.0004583    -0.0004346    -0.0004122    -0.0003909    -0.0003708    -0.0003517    -0.0003336    -0.0003165    -0.0003003    -0.0002849    -0.0002703    -0.0002565    -0.0002434    -0.0002309    -0.0002191    -0.0002079    -0.0001972    -0.0001871    -0.0001774    -0.0001682    -0.0001595    -0.0001511    -0.0001431    -0.0001355    -0.0001282    -0.0001213    -0.0001146    -0.0001083    -0.0001022    -0.0000964    -0.0000908    -0.0000854    -0.0000803    -0.0000754    -0.0000706    -0.0000661    -0.0000618    -0.0000576    -0.0000536    -0.0000498    -0.0000462    -0.0000427    -0.0000394    -0.0000363    -0.0000333    -0.0000305    -0.0000278    -0.0000252    -0.0000228    -0.0000206    -0.0000185    -0.0000166    -0.0000148    -0.0000131    -0.0000115    -0.0000101    -0.0000088    -0.0000077    -0.0000066    -0.0000057    -0.0000049    -0.0000042    -0.0000035    -0.0000030    -0.0000025    -0.0000021    -0.0000017    -0.0000014    -0.0000012    -0.0000010    -0.0000008    -0.0000007    -0.0000006    -0.0000005    -0.0000004    -0.0000004    -0.0000003    -0.0000003    -0.0000002    -0.0000002    -0.0000002    -0.0000002    -0.0000002    -0.0000001    -0.0000001    -0.0000001    -0.0000001    -0.0000001    -0.0000001    -0.0000001    -0.0000001    -0.0000001    -0.0000001
    -0.0000000    -0.0000008    -0.0000039    -0.0000120    -0.0000281    -0.0000558    -0.0000980    -0.0001574    -0.0002356    -0.0003332    -0.0004495    -0.0005828    -0.0007304    -0.0008886    -0.0010534    -0.0012204    -0.0013852    -0.0015438    -0.0016926    -0.0018285    -0.0019491    -0.0020528    -0.0021385    -0.0022060    -0.0022554    -0.0022873    -0.0023028    -0.0023031    -0.0022896    -0.0022640    -0.0022278    -0.0021826    -0.0021299    -0.0020711    -0.0020075    -0.0019404    -0.0018707    -0.0017995    -0.0017275    -0.0016554    -0.0015838    -0.0015133    -0.0014441    -0.0013766    -0.0013110    -0.0012476    -0.0011865    -0.0011277    -0.0010713    -0.0010173    -0.0009657    -0.0009165    -0.0008696    -0.0008250    -0.0007826    -0.0007423    -0.0007041    -0.0006678    -0.0006334    -0.0006008    -0.0005700    -0.0005407    -0.0005130    -0.0004867    -0.0004618    -0.0004382    -0.0004158    -0.0003946    -0.0003745    -0.0003554    -0.0003372    -0.0003200    -0.0003036    -0.0002881    -0.0002733    -0.0002592    -0.0002458    -0.0002330    -0.0002208    -0.0002091    -0.0001980    -0.0001874    -0.0001773    -0.0001676    -0.0001583    -0.0001494    -0.0001408    -0.0001327    -0.0001249    -0.0001174    -0.0001102    -0.0001033    -0.0000967    -0.0000903    -0.0000843    -0.0000785    -0.0000729    -0.0000676    -0.0000625    -0.0000577    -0.0000531    -0.0000487    -0.0000445    -0.0000406    -0.0000369    -0.0000334    -0.0000301    -0.0000271    -0.0000242    -0.0000216    -0.0000191    -0.0000169    -0.0000148    -0.0000129    -0.0000112    -0.0000097    -0.0000084    -0.0000071    -0.0000061    -0.0000051    -0.0000043    -0.0000036    -0.0000030    -0.0000025    -0.0000021    -0.0000017    -0.0000014    -0.0000012    -0.0000010    -0.0000008    -0.0000007    -0.0000006    -0.0000005    -0.0000005    -0.0000004    -0.0000004    -0.0000003    -0.0000003    -0.0000003    -0.0000002    -0.0000002    -0.0000002    -0.0000002    -0.0000002    -0.0000001    -0.0000001    -0.0000001    -0.0000001    -0.0000001    -0.0000001
    -0.0000001    -0.0000010    -0.0000050    -0.0000152    -0.0000359    -0.0000713    -0.0001256    -0.0002023    -0.0003036    -0.0004306    -0.0005828    -0.0007583    -0.0009535    -0.0011642    -0.0013850    -0.0016103    -0.0018343    -0.0020516    -0.0022570    -0.0024465    -0.0026164    -0.0027643    -0.0028885    -0.0029883    -0.0030637    -0.0031153    -0.0031442    -0.0031520    -0.0031405    -0.0031119    -0.0030681    -0.0030114    -0.0029437    -0.0028670    -0.0027832    -0.0026938    -0.0026005    -0.0025045    -0.0024070    -0.0023089    -0.0022112    -0.0021146    -0.0020196    -0.0019267    -0.0018363    -0.0017486    -0.0016640    -0.0015824    -0.0015040    -0.0014289    -0.0013571    -0.0012885    -0.0012231    -0.0011608    -0.0011015    -0.0010451    -0.0009916    -0.0009408    -0.0008926    -0.0008469    -0.0008035    -0.0007624    -0.0007235    -0.0006865    -0.0006515    -0.0006183    -0.0005869    -0.0005570    -0.0005287    -0.0005018    -0.0004762    -0.0004519    -0.0004289    -0.0004069    -0.0003861    -0.0003662    -0.0003473    -0.0003292    -0.0003120    -0.0002956    -0.0002799    -0.0002649    -0.0002506    -0.0002369    -0.0002237    -0.0002112    -0.0001991    -0.0001876    -0.0001766    -0.0001660    -0.0001558    -0.0001460    -0.0001367    -0.0001278    -0.0001192    -0.0001110    -0.0001031    -0.0000956    -0.0000884    -0.0000816    -0.0000751    -0.0000689    -0.0000630    -0.0000575    -0.0000522    -0.0000473    -0.0000426    -0.0000383    -0.0000343    -0.0000305    -0.0000271    -0.0000239    -0.0000210    -0.0000183    -0.0000159    -0.0000138    -0.0000118    -0.0000101    -0.0000086    -0.0000073    -0.0000061    -0.0000051    -0.0000043    -0.0000036    -0.0000030    -0.0000024    -0.0000020    -0.0000017    -0.0000014    -0.0000012    -0.0000010    -0.0000009    -0.0000007    -0.0000006    -0.0000006    -0.0000005    -0.0000004    -0.0000004    -0.0000004    -0.0000003    -0.0000003    -0.0000003    -0.0000002    -0.0000002    -0.0000002    -0.0000002    -0.0000002    -0.0000002    -0.0000001    -0.0000001
    -0.0000001    -0.0000012    -0.0000061    -0.0000188    -0.0000443    -0.0000881    -0.0001556    -0.0002511    -0.0003780    -0.0005379    -0.0007304    -0.0009535    -0.0012034    -0.0014747    -0.0017609    -0.0020550    -0.0023496    -0.0026377    -0.0029124    -0.0031681    -0.0034000    -0.0036043    -0.0037785    -0.0039213    -0.0040321    -0.0041116    -0.0041609    -0.0041819    -0.0041768    -0.0041481    -0.0040984    -0.0040307    -0.0039474    -0.0038513    -0.0037448    -0.0036301    -0.0035092    -0.0033841    -0.0032563    -0.0031273    -0.0029981    -0.0028699    -0.0027435    -0.0026195    -0.0024986    -0.0023810    -0.0022673    -0.0021575    -0.0020519    -0.0019505    -0.0018534    -0.0017605    -0.0016719    -0.0015873    -0.0015068    -0.0014303    -0.0013575    -0.0012883    -0.0012227    -0.0011604    -0.0011012    -0.0010452    -0.0009920    -0.0009415    -0.0008937    -0.0008483    -0.0008053    -0.0007644    -0.0007256    -0.0006888    -0.0006538    -0.0006206    -0.0005890    -0.0005589    -0.0005303    -0.0005030    -0.0004771    -0.0004523    -0.0004287    -0.0004062    -0.0003847    -0.0003641    -0.0003444    -0.0003256    -0.0003076    -0.0002903    -0.0002738    -0.0002579    -0.0002428    -0.0002282    -0.0002142    -0.0002008    -0.0001880    -0.0001757    -0.0001639    -0.0001526    -0.0001418    -0.0001315    -0.0001216    -0.0001122    -0.0001033    -0.0000947    -0.0000867    -0.0000790    -0.0000718    -0.0000650    -0.0000587    -0.0000527    -0.0000472    -0.0000420    -0.0000372    -0.0000329    -0.0000289    -0.0000252    -0.0000219    -0.0000189    -0.0000163    -0.0000139    -0.0000118    -0.0000100    -0.0000084    -0.0000070    -0.0000059    -0.0000049    -0.0000041    -0.0000034    -0.0000028    -0.0000023    -0.0000019    -0.0000016    -0.0000014    -0.0000012    -0.0000010    -0.0000009    -0.0000008    -0.0000007    -0.0000006    -0.0000006    -0.0000005    -0.0000005    -0.0000004    -0.0000004    -0.0000003    -0.0000003    -0.0000003    -0.0000003    -0.0000002    -0.0000002    -0.0000002    -0.0000002
    -0.0000001    -0.0000015    -0.0000073    -0.0000224    -0.0000530    -0.0001057    -0.0001870    -0.0003026    -0.0004569    -0.0006522    -0.0008886    -0.0011642    -0.0014747    -0.0018139    -0.0021743    -0.0025473    -0.0029238    -0.0032949    -0.0036520    -0.0039876    -0.0042950    -0.0045693    -0.0048067    -0.0050048    -0.0051627    -0.0052804    -0.0053591    -0.0054009    -0.0054082    -0.0053841    -0.0053319    -0.0052550    -0.0051569    -0.0050408    -0.0049101    -0.0047675    -0.0046159    -0.0044577    -0.0042951    -0.0041300    -0.0039640    -0.0037986    -0.0036349    -0.0034738    -0.0033163    -0.0031628    -0.0030139    -0.0028700    -0.0027313    -0.0025978    -0.0024699    -0.0023473    -0.0022302    -0.0021184    -0.0020118    -0.0019103    -0.0018137    -0.0017219    -0.0016347    -0.0015518    -0.0014732    -0.0013985    -0.0013277    -0.0012604    -0.0011966    -0.0011361    -0.0010786    -0.0010241    -0.0009723    -0.0009231    -0.0008763    -0.0008319    -0.0007896    -0.0007494    -0.0007111    -0.0006747    -0.0006399    -0.0006068    -0.0005752    -0.0005450    -0.0005161    -0.0004886    -0.0004622    -0.0004370    -0.0004128    -0.0003897    -0.0003675    -0.0003463    -0.0003259    -0.0003064    -0.0002876    -0.0002697    -0.0002524    -0.0002359    -0.0002201    -0.0002049    -0.0001904    -0.0001766    -0.0001633    -0.0001507    -0.0001387    -0.0001273    -0.0001164    -0.0001062    -0.0000965    -0.0000874    -0.0000788    -0.0000708    -0.0000633    -0.0000564    -0.0000500    -0.0000441    -0.0000388    -0.0000339    -0.0000294    -0.0000254    -0.0000219    -0.0000187    -0.0000159    -0.0000134    -0.0000113    -0.0000095    -0.0000079    -0.0000066    -0.0000055    -0.0000045    -0.0000038    -0.0000031    -0.0000026    -0.0000022    -0.0000019    -0.0000016    -0.0000014    -0.0000012    -0.0000010    -0.0000009    -0.0000008    -0.0000007    -0.0000007    -0.0000006    -0.0000006    -0.0000005    -0.0000005    -0.0000004    -0.0000004    -0.0000003    -0.0000003    -0.0000003    -0.0000003    -0.0000002
    -0.0000001    -0.0000017    -0.0000085    -0.0000261    -0.0000618    -0.0001235    -0.0002190    -0.0003554    -0.0005381    -0.0007705    -0.0010534    -0.0013850    -0.0017609    -0.0021743    -0.0026165    -0.0030776    -0.0035466    -0.0040127    -0.0044652    -0.0048945    -0.0052921    -0.0056510    -0.0059661    -0.0062336    -0.0064518    -0.0066201    -0.0067394    -0.0068117    -0.0068397    -0.0068270    -0.0067775    -0.0066952    -0.0065845    -0.0064494    -0.0062941    -0.0061222    -0.0059374    -0.0057428    -0.0055413    -0.0053355    -0.0051275    -0.0049192    -0.0047123    -0.0045080    -0.0043076    -0.0041118    -0.0039214    -0.0037370    -0.0035588    -0.0033871    -0.0032222    -0.0030641    -0.0029127    -0.0027680    -0.0026299    -0.0024983    -0.0023729    -0.0022537    -0.0021402    -0.0020324    -0.0019299    -0.0018327    -0.0017403    -0.0016525    -0.0015693    -0.0014902    -0.0014151    -0.0013438    -0.0012761    -0.0012117    -0.0011505    -0.0010923    -0.0010370    -0.0009843    -0.0009341    -0.0008863    -0.0008408    -0.0007973    -0.0007558    -0.0007162    -0.0006784    -0.0006422    -0.0006076    -0.0005745    -0.0005428    -0.0005124    -0.0004833    -0.0004553    -0.0004286    -0.0004029    -0.0003783    -0.0003547    -0.0003320    -0.0003103    -0.0002895    -0.0002696    -0.0002505    -0.0002323    -0.0002149    -0.0001983    -0.0001825    -0.0001675    -0.0001532    -0.0001397    -0.0001270    -0.0001150    -0.0001037    -0.0000932    -0.0000834    -0.0000743    -0.0000658    -0.0000581    -0.0000510    -0.0000446    -0.0000387    -0.0000335    -0.0000288    -0.0000246    -0.0000209    -0.0000177    -0.0000149    -0.0000125    -0.0000104    -0.0000086    -0.0000072    -0.0000060    -0.0000049    -0.0000041    -0.0000034    -0.0000029    -0.0000024    -0.0000021    -0.0000018    -0.0000016    -0.0000014    -0.0000012    -0.0000011    -0.0000010    -0.0000009    -0.0000008    -0.0000007    -0.0000007    -0.0000006    -0.0000006    -0.0000005    -0.0000005    -0.0000004    -0.0000004    -0.0000003    -0.0000003
    -0.0000001    -0.0000019    -0.0000096    -0.0000297    -0.0000704    -0.0001410    -0.0002506    -0.0004078    -0.0006193    -0.0008896    -0.0012204    -0.0016103    -0.0020550    -0.0025473    -0.0030776    -0.0036345    -0.0042056    -0.0047777    -0.0053381    -0.0058749    -0.0063772    -0.0068361    -0.0072444    -0.0075970    -0.0078905    -0.0081237    -0.0082968    -0.0084116    -0.0084710    -0.0084787    -0.0084392    -0.0083574    -0.0082383    -0.0080869    -0.0079082    -0.0077071    -0.0074878    -0.0072545    -0.0070109    -0.0067602    -0.0065054    -0.0062490    -0.0059931    -0.0057396    -0.0054900    -0.0052454    -0.0050069    -0.0047752    -0.0045510    -0.0043345    -0.0041262    -0.0039260    -0.0037342    -0.0035506    -0.0033751    -0.0032077    -0.0030480    -0.0028959    -0.0027512    -0.0026135    -0.0024826    -0.0023581    -0.0022399    -0.0021275    -0.0020208    -0.0019194    -0.0018231    -0.0017316    -0.0016446    -0.0015620    -0.0014833    -0.0014086    -0.0013374    -0.0012696    -0.0012051    -0.0011436    -0.0010849    -0.0010289    -0.0009755    -0.0009245    -0.0008757    -0.0008291    -0.0007845    -0.0007418    -0.0007009    -0.0006617    -0.0006241    -0.0005881    -0.0005536    -0.0005205    -0.0004887    -0.0004582    -0.0004290    -0.0004010    -0.0003741    -0.0003484    -0.0003238    -0.0003002    -0.0002777    -0.0002563    -0.0002358    -0.0002164    -0.0001980    -0.0001806    -0.0001641    -0.0001486    -0.0001341    -0.0001205    -0.0001078    -0.0000960    -0.0000851    -0.0000751    -0.0000659    -0.0000576    -0.0000501    -0.0000433    -0.0000372    -0.0000318    -0.0000270    -0.0000229    -0.0000192    -0.0000161    -0.0000134    -0.0000112    -0.0000093    -0.0000077    -0.0000064    -0.0000053    -0.0000044    -0.0000037    -0.0000031    -0.0000027    -0.0000023    -0.0000020    -0.0000018    -0.0000016    -0.0000014    -0.0000013    -0.0000011    -0.0000010    -0.0000009    -0.0000009    -0.0000008    -0.0000007    -0.0000006    -0.0000006    -0.0000005    -0.0000005    -0.0000004    -0.0000004
    -0.0000001    -0.0000021    -0.0000107    -0.0000331    -0.0000786    -0.0001578    -0.0002811    -0.0004586    -0.0006984    -0.0010064    -0.0013852    -0.0018343    -0.0023496    -0.0029238    -0.0035466    -0.0042056    -0.0048864    -0.0055743    -0.0062540    -0.0069113    -0.0075328    -0.0081071    -0.0086249    -0.0090789    -0.0094643    -0.0097784    -0.0100206    -0.0101922    -0.0102959    -0.0103355    -0.0103159    -0.0102427    -0.0101217    -0.0099588    -0.0097600    -0.0095312    -0.0092778    -0.0090048    -0.0087169    -0.0084184    -0.0081128    -0.0078036    -0.0074935    -0.0071850    -0.0068799    -0.0065801    -0.0062868    -0.0060012    -0.0057240    -0.0054559    -0.0051973    -0.0049485    -0.0047095    -0.0044805    -0.0042614    -0.0040519    -0.0038520    -0.0036614    -0.0034798    -0.0033069    -0.0031423    -0.0029858    -0.0028369    -0.0026954    -0.0025609    -0.0024330    -0.0023115    -0.0021960    -0.0020861    -0.0019816    -0.0018822    -0.0017876    -0.0016976    -0.0016118    -0.0015301    -0.0014522    -0.0013779    -0.0013069    -0.0012392    -0.0011745    -0.0011127    -0.0010535    -0.0009969    -0.0009428    -0.0008909    -0.0008411    -0.0007934    -0.0007477    -0.0007039    -0.0006618    -0.0006214    -0.0005827    -0.0005456    -0.0005099    -0.0004758    -0.0004431    -0.0004118    -0.0003819    -0.0003533    -0.0003260    -0.0003000    -0.0002753    -0.0002519    -0.0002297    -0.0002088    -0.0001891    -0.0001706    -0.0001533    -0.0001371    -0.0001222    -0.0001083    -0.0000956    -0.0000839    -0.0000733    -0.0000637    -0.0000551    -0.0000473    -0.0000404    -0.0000344    -0.0000291    -0.0000245    -0.0000205    -0.0000171    -0.0000142    -0.0000118    -0.0000098    -0.0000081    -0.0000068    -0.0000056    -0.0000047    -0.0000040    -0.0000034    -0.0000029    -0.0000026    -0.0000023    -0.0000020    -0.0000018    -0.0000016    -0.0000015    -0.0000013    -0.0000012    -0.0000011    -0.0000010    -0.0000009    -0.0000008    -0.0000008    -0.0000007    -0.0000006    -0.0000006    -0.0000005
    -0.0000001    -0.0000023    -0.0000117    -0.0000362    -0.0000862    -0.0001734    -0.0003096    -0.0005064    -0.0007735    -0.0011179    -0.0015438    -0.0020516    -0.0026377    -0.0032949    -0.0040127    -0.0047777    -0.0055743    -0.0063857    -0.0071945    -0.0079839    -0.0087381    -0.0094429    -0.0100863    -0.0106588    -0.0111535    -0.0115660    -0.0118945    -0.0121392    -0.0123023    -0.0123877    -0.0124005    -0.0123467    -0.0122327    -0.0120656    -0.0118522    -0.0115996    -0.0113142    -0.0110023    -0.0106696    -0.0103213    -0.0099622    -0.0095964    -0.0092275    -0.0088587    -0.0084925    -0.0081313    -0.0077767    -0.0074304    -0.0070935    -0.0067667    -0.0064509    -0.0061464    -0.0058534    -0.0055722    -0.0053027    -0.0050448    -0.0047982    -0.0045629    -0.0043384    -0.0041245    -0.0039207    -0.0037267    -0.0035421    -0.0033665    -0.0031994    -0.0030405    -0.0028893    -0.0027455    -0.0026088    -0.0024786    -0.0023548    -0.0022368    -0.0021245    -0.0020175    -0.0019155    -0.0018182    -0.0017254    -0.0016368    -0.0015522    -0.0014714    -0.0013940    -0.0013201    -0.0012493    -0.0011815    -0.0011165    -0.0010543    -0.0009946    -0.0009374    -0.0008825    -0.0008298    -0.0007792    -0.0007307    -0.0006842    -0.0006395    -0.0005967    -0.0005558    -0.0005165    -0.0004790    -0.0004432    -0.0004090    -0.0003764    -0.0003454    -0.0003161    -0.0002883    -0.0002620    -0.0002373    -0.0002140    -0.0001923    -0.0001721    -0.0001533    -0.0001359    -0.0001199    -0.0001053    -0.0000920    -0.0000799    -0.0000691    -0.0000594    -0.0000508    -0.0000432    -0.0000365    -0.0000307    -0.0000257    -0.0000215    -0.0000179    -0.0000148    -0.0000123    -0.0000102    -0.0000085    -0.0000071    -0.0000059    -0.0000050    -0.0000043    -0.0000037    -0.0000032    -0.0000028    -0.0000025    -0.0000022    -0.0000020    -0.0000018    -0.0000017    -0.0000015    -0.0000014    -0.0000012    -0.0000011    -0.0000010    -0.0000009    -0.0000009    -0.0000008    -0.0000007    -0.0000006
    -0.0000002    -0.0000025    -0.0000126    -0.0000391    -0.0000931    -0.0001875    -0.0003356    -0.0005503    -0.0008427    -0.0012217    -0.0016926    -0.0022570    -0.0029124    -0.0036520    -0.0044652    -0.0053381    -0.0062540    -0.0071945    -0.0081402    -0.0090717    -0.0099705    -0.0108197    -0.0116043    -0.0123123    -0.0129342    -0.0134636    -0.0138967    -0.0142326    -0.0144726    -0.0146202    -0.0146802    -0.0146591    -0.0145639    -0.0144024    -0.0141825    -0.0139123    -0.0135994    -0.0132514    -0.0128751    -0.0124770    -0.0120629    -0.0116380    -0.0112068    -0.0107733    -0.0103410    -0.0099127    -0.0094908    -0.0090773    -0.0086738    -0.0082815    -0.0079014    -0.0075341    -0.0071801    -0.0068397    -0.0065128    -0.0061996    -0.0058998    -0.0056132    -0.0053395    -0.0050784    -0.0048295    -0.0045922    -0.0043663    -0.0041511    -0.0039463    -0.0037514    -0.0035659    -0.0033893    -0.0032212    -0.0030612    -0.0029088    -0.0027637    -0.0026254    -0.0024936    -0.0023680    -0.0022481    -0.0021336    -0.0020244    -0.0019200    -0.0018202    -0.0017247    -0.0016334    -0.0015460    -0.0014622    -0.0013820    -0.0013050    -0.0012313    -0.0011605    -0.0010926    -0.0010274    -0.0009649    -0.0009049    -0.0008473    -0.0007921    -0.0007391    -0.0006884    -0.0006399    -0.0005934    -0.0005490    -0.0005067    -0.0004664    -0.0004280    -0.0003916    -0.0003572    -0.0003246    -0.0002940    -0.0002653    -0.0002383    -0.0002133    -0.0001900    -0.0001685    -0.0001487    -0.0001305    -0.0001140    -0.0000991    -0.0000856    -0.0000736    -0.0000629    -0.0000535    -0.0000452    -0.0000381    -0.0000319    -0.0000266    -0.0000221    -0.0000184    -0.0000152    -0.0000126    -0.0000105    -0.0000088    -0.0000074    -0.0000062    -0.0000053    -0.0000046    -0.0000040    -0.0000035    -0.0000031    -0.0000028    -0.0000025    -0.0000023    -0.0000021    -0.0000019    -0.0000017    -0.0000015    -0.0000014    -0.0000013    -0.0000012    -0.0000011    -0.0000010    -0.0000009    -0.0000008
