    -0.0000004    -0.0000014    -0.0000020    -0.0000011     0.0000023     0.0000090     0.0000192     0.0000328     0.0000489     0.0000665     0.0000847     0.0001024     0.0001186     0.0001327     0.0001442     0.0001529     0.0001587     0.0001616     0.0001618     0.0001596     0.0001551     0.0001488     0.0001409     0.0001318     0.0001215     0.0001106     0.0000990     0.0000871     0.0000751     0.0000631     0.0000512     0.0000395     0.0000283     0.0000175     0.0000073    -0.0000023    -0.0000112    -0.0000194    -0.0000268    -0.0000333    -0.0000390    -0.0000438    -0.0000477    -0.0000508    -0.0000529    -0.0000542    -0.0000547    -0.0000544    -0.0000533    -0.0000516    -0.0000493    -0.0000465    -0.0000432    -0.0000397    -0.0000359    -0.0000321    -0.0000282    -0.0000244    -0.0000208    -0.0000174    -0.0000143    -0.0000116    -0.0000092    -0.0000071    -0.0000054    -0.0000040    -0.0000029    -0.0000020    -0.0000014    -0.0000009    -0.0000006    -0.0000004    -0.0000002    -0.0000001    -0.0000001    -0.0000000    -0.0000000    -0.0000000    -0.0000000    -0.0000000    -0.0000000    -0.0000000    -0.0000000    -0.0000000    -0.0000000    -0.0000000    -0.0000000    -0.0000000    -0.0000000    -0.0000000    -0.0000000    -0.0000000    -0.0000000    -0.0000000    -0.0000000    -0.0000000    -0.0000000    -0.0000000    -0.0000000    -0.0000000
    -0.0000014    -0.0000042    -0.0000055    -0.0000011     0.0000132     0.0000401     0.0000807     0.0001338     0.0001969     0.0002662     0.0003376     0.0004070     0.0004709     0.0005267     0.0005723     0.0006068     0.0006299     0.0006416     0.0006427     0.0006341     0.0006167     0.0005919     0.0005607     0.0005243     0.0004838     0.0004402     0.0003943     0.0003471     0.0002992     0.0002512     0.0002039     0.0001575     0.0001127     0.0000697     0.0000289    -0.0000094    -0.0000449    -0.0000775    -0.0001069    -0.0001331    -0.0001558    -0.0001751    -0.0001908    -0.0002029    -0.0002115    -0.0002167    -0.0002186    -0.0002173    -0.0002131    -0.0002063    -0.0001970    -0.0001857    -0.0001728    -0.0001587    -0.0001437    -0.0001282    -0.0001128    -0.0000977    -0.0000832    -0.0000697    -0.0000573    -0.0000463    -0.0000366    -0.0000284    -0.0000215    -0.0000159    -0.0000115    -0.0000081    -0.0000055    -0.0000037    -0.0000024    -0.0000015    -0.0000009    -0.0000005    -0.0000003    -0.0000002    -0.0000001    -0.0000000    -0.0000000    -0.0000000    -0.0000000    -0.0000000    -0.0000000    -0.0000000    -0.0000000    -0.0000000    -0.0000000    -0.0000000    -0.0000000    -0.0000000    -0.0000000    -0.0000000    -0.0000000    -0.0000000    -0.0000000    -0.0000000    -0.0000000    -0.0000000    -0.0000000    -0.0000000
    -0.0000020    -0.0000055    -0.0000046     0.0000091     0.0000436     0.0001047     0.0001943     0.0003106     0.0004482     0.0005992     0.0007550     0.0009068     0.0010471     0.0011698     0.0012709     0.0013477     0.0013993     0.0014262     0.0014294     0.0014110     0.0013733     0.0013187     0.0012499     0.0011694     0.0010795     0.0009826     0.0008806     0.0007754     0.0006685     0.0005615     0.0004557     0.0003521     0.0002518     0.0001556     0.0000643    -0.0000215    -0.0001012    -0.0001742    -0.0002402    -0.0002989    -0.0003499    -0.0003931    -0.0004283    -0.0004556    -0.0004750    -0.0004867    -0.0004910    -0.0004881    -0.0004787    -0.0004633    -0.0004425    -0.0004173    -0.0003883    -0.0003565    -0.0003228    -0.0002881    -0.0002534    -0.0002194    -0.0001870    -0.0001566    -0.0001288    -0.0001040    -0.0000823    -0.0000638    -0.0000483    -0.0000358    -0.0000259    -0.0000182    -0.0000125    -0.0000083    -0.0000053    -0.0000033    -0.0000020    -0.0000012    -0.0000007    -0.0000004    -0.0000002    -0.0000001    -0.0000000    -0.0000000    -0.0000000    -0.0000000    -0.0000000    -0.0000000    -0.0000000    -0.0000000    -0.0000000    -0.0000000    -0.0000000    -0.0000000    -0.0000000    -0.0000000    -0.0000000    -0.0000000    -0.0000000    -0.0000000    -0.0000000    -0.0000000    -0.0000000    -0.0000000
    -0.0000011    -0.0000011     0.0000091     0.0000416     0.0001084     0.0002182     0.0003742     0.0005735     0.0008079     0.0010649     0.0013304     0.0015900     0.0018310     0.0020429     0.0022183     0.0023526     0.0024440     0.0024925     0.0025002     0.0024700     0.0024060     0.0023123     0.0021933     0.0020535     0.0018970     0.0017277     0.0015491     0.0013646     0.0011770     0.0009890     0.0008027     0.0006202     0.0004433     0.0002736     0.0001123    -0.0000392    -0.0001801    -0.0003093    -0.0004261    -0.0005299    -0.0006203    -0.0006968    -0.0007593    -0.0008077    -0.0008422    -0.0008630    -0.0008706    -0.0008656    -0.0008490    -0.0008217    -0.0007850    -0.0007402    -0.0006888    -0.0006324    -0.0005727    -0.0005113    -0.0004497    -0.0003894    -0.0003318    -0.0002779    -0.0002287    -0.0001846    -0.0001461    -0.0001132    -0.0000858    -0.0000635    -0.0000459    -0.0000323    -0.0000221    -0.0000147    -0.0000095    -0.0000059    -0.0000036    -0.0000021    -0.0000012    -0.0000006    -0.0000003    -0.0000002    -0.0000001    -0.0000000    -0.0000000    -0.0000000    -0.0000000    -0.0000000    -0.0000000    -0.0000000    -0.0000000    -0.0000000    -0.0000000    -0.0000000    -0.0000000    -0.0000000    -0.0000000    -0.0000000    -0.0000000    -0.0000000    -0.0000000    -0.0000000    -0.0000000    -0.0000000
     0.0000023     0.0000132     0.0000436     0.0001084     0.0002223     0.0003961     0.0006342     0.0009328     0.0012807     0.0016613     0.0020549     0.0024412     0.0028014     0.0031202     0.0033861     0.0035915     0.0037330     0.0038102     0.0038256     0.0037834     0.0036892     0.0035491     0.0033698     0.0031579     0.0029197     0.0026611     0.0023877     0.0021046     0.0018161     0.0015265     0.0012392     0.0009574     0.0006839     0.0004212     0.0001715    -0.0000634    -0.0002819    -0.0004824    -0.0006639    -0.0008252    -0.0009657    -0.0010848    -0.0011821    -0.0012576    -0.0013113    -0.0013438    -0.0013557    -0.0013482    -0.0013224    -0.0012800    -0.0012229    -0.0011532    -0.0010733    -0.0009855    -0.0008926    -0.0007969    -0.0007009    -0.0006071    -0.0005173    -0.0004333    -0.0003565    -0.0002879    -0.0002279    -0.0001766    -0.0001339    -0.0000991    -0.0000716    -0.0000504    -0.0000345    -0.0000229    -0.0000148    -0.0000092    -0.0000056    -0.0000032    -0.0000018    -0.0000010    -0.0000005    -0.0000002    -0.0000001    -0.0000001    -0.0000000    -0.0000000    -0.0000000    -0.0000000    -0.0000000    -0.0000000    -0.0000000    -0.0000000    -0.0000000    -0.0000000    -0.0000000    -0.0000000    -0.0000000    -0.0000000    -0.0000000    -0.0000000    -0.0000000    -0.0000000    -0.0000000    -0.0000000
     0.0000090     0.0000401     0.0001047     0.0002182     0.0003961     0.0006502     0.0009847     0.0013951     0.0018681     0.0023834     0.0029164     0.0034412     0.0039332     0.0043715     0.0047400     0.0050278     0.0052289     0.0053421     0.0053697     0.0053170     0.0051910     0.0050000     0.0047530     0.0044590     0.0041268     0.0037648     0.0033809     0.0029820     0.0025748     0.0021651     0.0017579     0.0013580     0.0009693     0.0005955     0.0002398    -0.0000952    -0.0004070    -0.0006934    -0.0009528    -0.0011836    -0.0013847    -0.0015553    -0.0016948    -0.0018030    -0.0018802    -0.0019270    -0.0019443    -0.0019337    -0.0018970    -0.0018364    -0.0017547    -0.0016549    -0.0015404    -0.0014146    -0.0012813    -0.0011440    -0.0010064    -0.0008717    -0.0007429    -0.0006224    -0.0005121    -0.0004135    -0.0003273    -0.0002537    -0.0001923    -0.0001424    -0.0001029    -0.0000724    -0.0000496    -0.0000330    -0.0000213    -0.0000133    -0.0000080    -0.0000047    -0.0000026    -0.0000014    -0.0000007    -0.0000004    -0.0000002    -0.0000001    -0.0000000    -0.0000000    -0.0000000    -0.0000000    -0.0000000    -0.0000000    -0.0000000    -0.0000000    -0.0000000    -0.0000000    -0.0000000    -0.0000000    -0.0000000    -0.0000000    -0.0000000    -0.0000000    -0.0000000    -0.0000000    -0.0000000    -0.0000000
     0.0000192     0.0000807     0.0001943     0.0003742     0.0006342     0.0009847     0.0014290     0.0019613     0.0025667     0.0032221     0.0038993     0.0045678     0.0051977     0.0057629     0.0062422     0.0066206     0.0068895     0.0070456     0.0070909     0.0070310     0.0068741     0.0066305     0.0063116     0.0059288     0.0054936     0.0050171     0.0045098     0.0039811     0.0034397     0.0028937     0.0023500     0.0018150     0.0012942     0.0007926     0.0003146    -0.0001360    -0.0005559    -0.0009420    -0.0012919    -0.0016036    -0.0018754    -0.0021061    -0.0022949    -0.0024416    -0.0025464    -0.0026100    -0.0026338    -0.0026198    -0.0025704    -0.0024887    -0.0023783    -0.0022434    -0.0020884    -0.0019181    -0.0017375    -0.0015516    -0.0013651    -0.0011826    -0.0010079    -0.0008445    -0.0006950    -0.0005612    -0.0004443    -0.0003444    -0.0002611    -0.0001934    -0.0001397    -0.0000983    -0.0000673    -0.0000448    -0.0000289    -0.0000180    -0.0000109    -0.0000063    -0.0000035    -0.0000019    -0.0000010    -0.0000005    -0.0000002    -0.0000001    -0.0000000    -0.0000000    -0.0000000    -0.0000000    -0.0000000    -0.0000000    -0.0000000    -0.0000000    -0.0000000    -0.0000000    -0.0000000    -0.0000000    -0.0000000    -0.0000000    -0.0000000    -0.0000000    -0.0000000    -0.0000000    -0.0000000    -0.0000000
     0.0000328     0.0001338     0.0003106     0.0005735     0.0009328     0.0013951     0.0019613     0.0026237     0.0033657     0.0041628     0.0049841     0.0057959     0.0065642     0.0072581     0.0078520     0.0083264     0.0086691     0.0088747     0.0089437     0.0088813     0.0086968     0.0084019     0.0080099     0.0075350     0.0069914     0.0063928     0.0057526     0.0050829     0.0043951     0.0036993     0.0030048     0.0023199     0.0016520     0.0010077     0.0003927    -0.0001878    -0.0007294    -0.0012280    -0.0016803    -0.0020837    -0.0024357    -0.0027348    -0.0029798    -0.0031704    -0.0033068    -0.0033898    -0.0034213    -0.0034035    -0.0033399    -0.0032342    -0.0030913    -0.0029164    -0.0027153    -0.0024943    -0.0022598    -0.0020183    -0.0017760    -0.0015386    -0.0013115    -0.0010990    -0.0009046    -0.0007306    -0.0005784    -0.0004484    -0.0003400    -0.0002518    -0.0001819    -0.0001281    -0.0000877    -0.0000583    -0.0000376    -0.0000235    -0.0000142    -0.0000083    -0.0000046    -0.0000025    -0.0000013    -0.0000006    -0.0000003    -0.0000001    -0.0000001    -0.0000000    -0.0000000    -0.0000000    -0.0000000    -0.0000000    -0.0000000    -0.0000000    -0.0000000    -0.0000000    -0.0000000    -0.0000000    -0.0000000    -0.0000000    -0.0000000    -0.0000000    -0.0000000    -0.0000000    -0.0000000    -0.0000000
     0.0000489     0.0001969     0.0004482     0.0008079     0.0012807     0.0018681     0.0025667     0.0033657     0.0042470     0.0051847     0.0061467     0.0070972     0.0079999     0.0088201     0.0095280     0.0101003     0.0105209     0.0107812     0.0108798     0.0108210     0.0106141     0.0102717     0.0098089     0.0092421     0.0085882     0.0078637     0.0070847     0.0062664     0.0054229     0.0045668     0.0037101     0.0028631     0.0020353     0.0012352     0.0004702    -0.0002530    -0.0009286    -0.0015514    -0.0021172    -0.0026222    -0.0030634    -0.0034387    -0.0037465    -0.0039862    -0.0041581    -0.0042631    -0.0043033    -0.0042817    -0.0042023    -0.0040701    -0.0038909    -0.0036714    -0.0034189    -0.0031411    -0.0028463    -0.0025425    -0.0022376    -0.0019389    -0.0016529    -0.0013853    -0.0011403    -0.0009211    -0.0007293    -0.0005655    -0.0004288    -0.0003176    -0.0002295    -0.0001616    -0.0001107    -0.0000736    -0.0000475    -0.0000297    -0.0000179    -0.0000104    -0.0000058    -0.0000031    -0.0000016    -0.0000008    -0.0000004    -0.0000002    -0.0000001    -0.0000000    -0.0000000    -0.0000000    -0.0000000    -0.0000000    -0.0000000    -0.0000000    -0.0000000    -0.0000000    -0.0000000    -0.0000000    -0.0000000    -0.0000000    -0.0000000    -0.0000000    -0.0000000    -0.0000000    -0.0000000    -0.0000000
     0.0000665     0.0002662     0.0005992     0.0010649     0.0016613     0.0023834     0.0032221     0.0041628     0.0051847     0.0062607     0.0073582     0.0084408     0.0094706     0.0104110     0.0112291     0.0118979     0.0123977     0.0127166     0.0128503     0.0128016     0.0125790     0.0121953     0.0116669     0.0110118     0.0102492     0.0093986     0.0084788     0.0075079     0.0065028     0.0054794     0.0044518     0.0034332     0.0024352     0.0014686     0.0005425    -0.0003345    -0.0011550    -0.0019126    -0.0026016    -0.0032174    -0.0037562    -0.0042149    -0.0045917    -0.0048856    -0.0050966    -0.0052260    -0.0052761    -0.0052506    -0.0051543    -0.0049931    -0.0047742    -0.0045057    -0.0041966    -0.0038564    -0.0034951    -0.0031226    -0.0027486    -0.0023820    -0.0020311    -0.0017025    -0.0014016    -0.0011323    -0.0008967    -0.0006953    -0.0005273    -0.0003907    -0.0002823    -0.0001988    -0.0001362    -0.0000906    -0.0000584    -0.0000365    -0.0000220    -0.0000128    -0.0000072    -0.0000039    -0.0000020    -0.0000010    -0.0000005    -0.0000002    -0.0000001    -0.0000000    -0.0000000    -0.0000000    -0.0000000    -0.0000000    -0.0000000    -0.0000000    -0.0000000    -0.0000000    -0.0000000    -0.0000000    -0.0000000    -0.0000000    -0.0000000    -0.0000000    -0.0000000    -0.0000000    -0.0000000    -0.0000000
     0.0000847     0.0003376     0.0007550     0.0013304     0.0020549     0.0029164     0.0038993     0.0049841     0.0061467     0.0073582     0.0085856     0.0097925     0.0109409     0.0119932     0.0129148     0.0136760     0.0142539     0.0146333     0.0148067     0.0147746     0.0145439     0.0141269     0.0135404     0.0128036     0.0119376     0.0109643     0.0099052     0.0087814     0.0076128     0.0064181     0.0052144     0.0040175     0.0028418     0.0017002     0.0006042    -0.0004358    -0.0014105    -0.0023119    -0.0031331    -0.0038679    -0.0045117    -0.0050606    -0.0055121    -0.0058647    -0.0061184    -0.0062745    -0.0063358    -0.0063063    -0.0061919    -0.0059995    -0.0057377    -0.0054161    -0.0050456    -0.0046376    -0.0042039    -0.0037566    -0.0033073    -0.0028668    -0.0024448    -0.0020496    -0.0016877    -0.0013636    -0.0010801    -0.0008376    -0.0006353    -0.0004707    -0.0003403    -0.0002396    -0.0001641    -0.0001092    -0.0000704    -0.0000440    -0.0000266    -0.0000155    -0.0000087    -0.0000047    -0.0000024    -0.0000012    -0.0000006    -0.0000003    -0.0000001    -0.0000000    -0.0000000    -0.0000000    -0.0000000    -0.0000000    -0.0000000    -0.0000000    -0.0000000    -0.0000000    -0.0000000    -0.0000000    -0.0000000    -0.0000000    -0.0000000    -0.0000000    -0.0000000    -0.0000000    -0.0000000    -0.0000000
     0.0001024     0.0004070     0.0009068     0.0015900     0.0024412     0.0034412     0.0045678     0.0057959     0.0070972     0.0084408     0.0097925     0.0111162     0.0123743     0.0135294     0.0145463     0.0153938     0.0160466     0.0164862     0.0167025     0.0166927     0.0164617     0.0160206     0.0153854     0.0145761     0.0136150     0.0125258     0.0113327     0.0100593     0.0087287     0.0073624     0.0059806     0.0046021     0.0032438     0.0019214     0.0006489    -0.0005612    -0.0016977    -0.0027505    -0.0037111    -0.0045722    -0.0053276    -0.0059726    -0.0065039    -0.0069196    -0.0072193    -0.0074044    -0.0074780    -0.0074446    -0.0073110    -0.0070855    -0.0067778    -0.0063994    -0.0059630    -0.0054819    -0.0049704    -0.0044425    -0.0039119    -0.0033915    -0.0028929    -0.0024257    -0.0019977    -0.0016144    -0.0012789    -0.0009920    -0.0007526    -0.0005577    -0.0004031    -0.0002839    -0.0001945    -0.0001294    -0.0000835    -0.0000522    -0.0000315    -0.0000183    -0.0000103    -0.0000055    -0.0000029    -0.0000014    -0.0000007    -0.0000003    -0.0000001    -0.0000001    -0.0000000    -0.0000000    -0.0000000    -0.0000000    -0.0000000    -0.0000000    -0.0000000    -0.0000000    -0.0000000    -0.0000000    -0.0000000    -0.0000000    -0.0000000    -0.0000000    -0.0000000    -0.0000000    -0.0000000    -0.0000000
     0.0001186     0.0004709     0.0010471     0.0018310     0.0028014     0.0039332     0.0051977     0.0065642     0.0079999     0.0094706     0.0109409     0.0123743     0.0137338     0.0149828     0.0160864     0.0170129     0.0177356     0.0182337     0.0184942     0.0185114     0.0182875     0.0178315     0.0171583     0.0162876     0.0152421     0.0140470     0.0127284     0.0113124     0.0098248     0.0082902     0.0067318     0.0051713     0.0036288     0.0021226     0.0006693    -0.0007159    -0.0020195    -0.0032296    -0.0043358    -0.0053289    -0.0062015    -0.0069479    -0.0075636    -0.0080461    -0.0083949    -0.0086111    -0.0086980    -0.0086610    -0.0085074    -0.0082468    -0.0078906    -0.0074519    -0.0069453    -0.0063865    -0.0057919    -0.0051779    -0.0045605    -0.0039547    -0.0033739    -0.0028296    -0.0023309    -0.0018840    -0.0014927    -0.0011580    -0.0008787    -0.0006512    -0.0004708    -0.0003316    -0.0002272    -0.0001512    -0.0000976    -0.0000610    -0.0000368    -0.0000214    -0.0000120    -0.0000065    -0.0000033    -0.0000017    -0.0000008    -0.0000003    -0.0000001    -0.0000001    -0.0000000    -0.0000000    -0.0000000    -0.0000000    -0.0000000    -0.0000000    -0.0000000    -0.0000000    -0.0000000    -0.0000000    -0.0000000    -0.0000000    -0.0000000    -0.0000000    -0.0000000    -0.0000000    -0.0000000    -0.0000000
     0.0001327     0.0005267     0.0011698     0.0020429     0.0031202     0.0043715     0.0057629     0.0072581     0.0088201     0.0104110     0.0119932     0.0135294     0.0149828     0.0163176     0.0174997     0.0184977     0.0192844     0.0198377     0.0201422     0.0201896     0.0199792     0.0195174     0.0188173     0.0178973     0.0167802     0.0154915     0.0140589     0.0125104     0.0108743     0.0091780     0.0074478     0.0057084     0.0039829     0.0022927     0.0006573    -0.0009055    -0.0023798    -0.0037513    -0.0050073    -0.0061371    -0.0071315    -0.0079834    -0.0086874    -0.0092402    -0.0096406    -0.0098898    -0.0099911    -0.0099505    -0.0097763    -0.0094790    -0.0090718    -0.0085696    -0.0079890    -0.0073482    -0.0066657    -0.0059605    -0.0052510    -0.0045545    -0.0038865    -0.0032602    -0.0026861    -0.0021716    -0.0017209    -0.0013353    -0.0010133    -0.0007512    -0.0005432    -0.0003827    -0.0002622    -0.0001745    -0.0001127    -0.0000704    -0.0000425    -0.0000248    -0.0000139    -0.0000075    -0.0000039    -0.0000019    -0.0000009    -0.0000004    -0.0000002    -0.0000001    -0.0000000    -0.0000000    -0.0000000    -0.0000000    -0.0000000    -0.0000000    -0.0000000    -0.0000000    -0.0000000    -0.0000000    -0.0000000    -0.0000000    -0.0000000    -0.0000000    -0.0000000    -0.0000000    -0.0000000    -0.0000000
     0.0001442     0.0005723     0.0012709     0.0022183     0.0033861     0.0047400     0.0062422     0.0078520     0.0095280     0.0112291     0.0129148     0.0145463     0.0160864     0.0174997     0.0187528     0.0198153     0.0206600     0.0212644     0.0216114     0.0216907     0.0214987     0.0210393     0.0203230     0.0193665     0.0181914     0.0168234     0.0152905     0.0136224     0.0118494     0.0100014     0.0081074     0.0061954     0.0042915     0.0024200     0.0006037    -0.0011369    -0.0027830    -0.0043179    -0.0057265    -0.0069961    -0.0081156    -0.0090764    -0.0098717    -0.0104975    -0.0109518    -0.0112356    -0.0113523    -0.0113083    -0.0111127    -0.0107775    -0.0103171    -0.0097485    -0.0090905    -0.0083634    -0.0075886    -0.0067875    -0.0059810    -0.0051890    -0.0044290    -0.0037161    -0.0030624    -0.0024763    -0.0019628    -0.0015233    -0.0011562    -0.0008573    -0.0006200    -0.0004369    -0.0002994    -0.0001993    -0.0001287    -0.0000804    -0.0000486    -0.0000283    -0.0000159    -0.0000085    -0.0000044    -0.0000022    -0.0000010    -0.0000005    -0.0000002    -0.0000001    -0.0000000    -0.0000000    -0.0000000    -0.0000000    -0.0000000    -0.0000000    -0.0000000    -0.0000000    -0.0000000    -0.0000000    -0.0000000    -0.0000000    -0.0000000    -0.0000000    -0.0000000    -0.0000000    -0.0000000    -0.0000000
     0.0001529     0.0006068     0.0013477     0.0023526     0.0035915     0.0050278     0.0066206     0.0083264     0.0101003     0.0118979     0.0136760     0.0153938     0.0170129     0.0184977     0.0198153     0.0209359     0.0218329     0.0224839     0.0228712     0.0229827     0.0228127     0.0223624     0.0216397     0.0206590     0.0194402     0.0180079     0.0163903     0.0146178     0.0127220     0.0107351     0.0086887     0.0066133     0.0045384     0.0024915     0.0004982    -0.0014176    -0.0032344    -0.0049326    -0.0064948    -0.0079056    -0.0091522    -0.0102240    -0.0111130    -0.0118138    -0.0123238    -0.0126434    -0.0127762    -0.0127290    -0.0125115    -0.0121371    -0.0116217    -0.0109841    -0.0102455    -0.0094286    -0.0085575    -0.0076561    -0.0067482    -0.0058561    -0.0049996    -0.0041960    -0.0034586    -0.0027974    -0.0022177    -0.0017215    -0.0013070    -0.0009692    -0.0007011    -0.0004941    -0.0003387    -0.0002255    -0.0001456    -0.0000910    -0.0000550    -0.0000320    -0.0000180    -0.0000097    -0.0000050    -0.0000025    -0.0000012    -0.0000005    -0.0000002    -0.0000001    -0.0000000    -0.0000000    -0.0000000    -0.0000000    -0.0000000    -0.0000000    -0.0000000    -0.0000000    -0.0000000    -0.0000000    -0.0000000    -0.0000000    -0.0000000    -0.0000000    -0.0000000    -0.0000000    -0.0000000    -0.0000000
     0.0001587     0.0006299     0.0013993     0.0024440     0.0037330     0.0052289     0.0068895     0.0086691     0.0105209     0.0123977     0.0142539     0.0160466     0.0177356     0.0192844     0.0206600     0.0218329     0.0227771     0.0234705     0.0238953     0.0240384     0.0238926     0.0234567     0.0227361     0.0217425     0.0204936     0.0190127     0.0173268     0.0154665     0.0134643     0.0113538     0.0091688     0.0069425     0.0047071     0.0024933     0.0003299    -0.0017561    -0.0037400    -0.0055994    -0.0073139    -0.0088659    -0.0102401    -0.0114239    -0.0124077    -0.0131848    -0.0137516    -0.0141081    -0.0142576    -0.0142072    -0.0139674    -0.0135527    -0.0129805    -0.0122718    -0.0114498    -0.0105400    -0.0095688    -0.0085633    -0.0075500    -0.0065536    -0.0055966    -0.0046982    -0.0038736    -0.0031337    -0.0024850    -0.0019294    -0.0014651    -0.0010867    -0.0007863    -0.0005542    -0.0003800    -0.0002531    -0.0001634    -0.0001022    -0.0000617    -0.0000360    -0.0000202    -0.0000109    -0.0000056    -0.0000028    -0.0000013    -0.0000006    -0.0000003    -0.0000001    -0.0000000    -0.0000000    -0.0000000    -0.0000000    -0.0000000    -0.0000000    -0.0000000    -0.0000000    -0.0000000    -0.0000000    -0.0000000    -0.0000000    -0.0000000    -0.0000000    -0.0000000    -0.0000000    -0.0000000    -0.0000000
     0.0001616     0.0006416     0.0014262     0.0024925     0.0038102     0.0053421     0.0070456     0.0088747     0.0107812     0.0127166     0.0146333     0.0164862     0.0182337     0.0198377     0.0212644     0.0224839     0.0234705     0.0242024     0.0246618     0.0248354     0.0247148     0.0242971     0.0235854     0.0225889     0.0213228     0.0198081     0.0180707     0.0161402     0.0140493     0.0118325     0.0095251     0.0071627     0.0047801     0.0024108     0.0000869    -0.0021616    -0.0043066    -0.0063226    -0.0081865    -0.0098776    -0.0113783    -0.0126739    -0.0137527    -0.0146065    -0.0152307    -0.0156245    -0.0157910    -0.0157373    -0.0154748    -0.0150188    -0.0143886    -0.0136067    -0.0126990    -0.0116933    -0.0106190    -0.0095059    -0.0083834    -0.0072791    -0.0062179    -0.0052211    -0.0043058    -0.0034843    -0.0027637    -0.0021463    -0.0016302    -0.0012094    -0.0008753    -0.0006171    -0.0004232    -0.0002819    -0.0001820    -0.0001138    -0.0000688    -0.0000401    -0.0000225    -0.0000121    -0.0000063    -0.0000031    -0.0000015    -0.0000007    -0.0000003    -0.0000001    -0.0000000    -0.0000000    -0.0000000    -0.0000000    -0.0000000    -0.0000000    -0.0000000    -0.0000000    -0.0000000    -0.0000000    -0.0000000    -0.0000000    -0.0000000    -0.0000000    -0.0000000    -0.0000000    -0.0000000    -0.0000000
     0.0001618     0.0006427     0.0014294     0.0025002     0.0038256     0.0053697     0.0070909     0.0089437     0.0108798     0.0128503     0.0148067     0.0167025     0.0184942     0.0201422     0.0216114     0.0228712     0.0238953     0.0246618     0.0251531     0.0253557     0.0252606     0.0248637     0.0241661     0.0231750     0.0219029     0.0203685     0.0185956     0.0166126     0.0144514     0.0121469     0.0097353     0.0072539     0.0047396     0.0022288    -0.0002435    -0.0026441    -0.0049417    -0.0071076    -0.0091155    -0.0109419    -0.0125665    -0.0139720    -0.0151447    -0.0160748    -0.0167563    -0.0171873    -0.0173707    -0.0173136    -0.0170278    -0.0165298    -0.0158402    -0.0149837    -0.0139882    -0.0128842    -0.0117040    -0.0104804    -0.0092455    -0.0080300    -0.0068613    -0.0057630    -0.0047540    -0.0038480    -0.0030529    -0.0023715    -0.0018017    -0.0013370    -0.0009678    -0.0006824    -0.0004681    -0.0003119    -0.0002015    -0.0001260    -0.0000761    -0.0000444    -0.0000249    -0.0000134    -0.0000069    -0.0000034    -0.0000016    -0.0000007    -0.0000003    -0.0000001    -0.0000000    -0.0000000    -0.0000000    -0.0000000    -0.0000000    -0.0000000    -0.0000000    -0.0000000    -0.0000000    -0.0000000    -0.0000000    -0.0000000    -0.0000000    -0.0000000    -0.0000000    -0.0000000    -0.0000000    -0.0000000
     0.0001596     0.0006341     0.0014110     0.0024700     0.0037834     0.0053170     0.0070310     0.0088813     0.0108210     0.0128016     0.0147746     0.0166927     0.0185114     0.0201896     0.0216907     0.0229827     0.0240384     0.0248354     0.0253557     0.0255856     0.0255157     0.0251411     0.0244617     0.0234825     0.0222140     0.0206723     0.0188790     0.0168604     0.0146475     0.0122745     0.0097780     0.0071962     0.0045681     0.0019320    -0.0006741    -0.0032140    -0.0056534    -0.0079601    -0.0101046    -0.0120605    -0.0138045    -0.0153167    -0.0165811    -0.0175859    -0.0183236    -0.0187912    -0.0189910    -0.0189300    -0.0186205    -0.0180797    -0.0173298    -0.0163972    -0.0153123    -0.0141081    -0.0128197    -0.0114830    -0.0101331    -0.0088035    -0.0075245    -0.0063219    -0.0052166    -0.0042235    -0.0033518    -0.0026044    -0.0019791    -0.0014689    -0.0010636    -0.0007502    -0.0005147    -0.0003429    -0.0002216    -0.0001386    -0.0000838    -0.0000488    -0.0000274    -0.0000148    -0.0000076    -0.0000038    -0.0000018    -0.0000008    -0.0000003    -0.0000001    -0.0000001    -0.0000000    -0.0000000    -0.0000000    -0.0000000    -0.0000000    -0.0000000    -0.0000000    -0.0000000    -0.0000000    -0.0000000    -0.0000000    -0.0000000    -0.0000000    -0.0000000    -0.0000000    -0.0000000    -0.0000000
     0.0001551     0.0006167     0.0013733     0.0024060     0.0036892     0.0051910     0.0068741     0.0086968     0.0106141     0.0125790     0.0145439     0.0164617     0.0182875     0.0199792     0.0214987     0.0228127     0.0238926     0.0247148     0.0252606     0.0255157     0.0254703     0.0251189     0.0244604     0.0234982     0.0222411     0.0207027     0.0189023     0.0168642     0.0146174     0.0121950     0.0096334     0.0069711     0.0042482     0.0015051    -0.0012181    -0.0038824    -0.0064502    -0.0088864    -0.0111581    -0.0132357    -0.0150928    -0.0167068    -0.0180592    -0.0191360    -0.0199280    -0.0204309    -0.0206462    -0.0205806    -0.0202466    -0.0196624    -0.0188513    -0.0178417    -0.0166660    -0.0153600    -0.0139616    -0.0125098    -0.0110427    -0.0095968    -0.0082050    -0.0068957    -0.0056918    -0.0046096    -0.0036592    -0.0028440    -0.0021617    -0.0016049    -0.0011623    -0.0008200    -0.0005627    -0.0003750    -0.0002424    -0.0001516    -0.0000917    -0.0000535    -0.0000300    -0.0000162    -0.0000084    -0.0000041    -0.0000020    -0.0000009    -0.0000004    -0.0000002    -0.0000001    -0.0000000    -0.0000000    -0.0000000    -0.0000000    -0.0000000    -0.0000000    -0.0000000    -0.0000000    -0.0000000    -0.0000000    -0.0000000    -0.0000000    -0.0000000    -0.0000000    -0.0000000    -0.0000000    -0.0000000
     0.0001488     0.0005919     0.0013187     0.0023123     0.0035491     0.0050000     0.0066305     0.0084019     0.0102717     0.0121953     0.0141269     0.0160206     0.0178315     0.0195174     0.0210393     0.0223624     0.0234567     0.0242971     0.0248637     0.0251411     0.0251189     0.0247908     0.0241549     0.0232136     0.0219739     0.0204477     0.0186518     0.0166083     0.0143442     0.0118909     0.0092839     0.0065614     0.0037640     0.0009334    -0.0018885    -0.0046601    -0.0073411    -0.0098931    -0.0122804    -0.0144698    -0.0164320    -0.0181413    -0.0195767    -0.0207216    -0.0215649    -0.0221011    -0.0223303    -0.0222590    -0.0218998    -0.0212714    -0.0203985    -0.0193110    -0.0180436    -0.0166347    -0.0151251    -0.0135566    -0.0119706    -0.0104065    -0.0089001    -0.0074822    -0.0061777    -0.0050047    -0.0039740    -0.0030895    -0.0023490    -0.0017444    -0.0012637    -0.0008917    -0.0006121    -0.0004080    -0.0002638    -0.0001651    -0.0000998    -0.0000582    -0.0000327    -0.0000176    -0.0000091    -0.0000045    -0.0000021    -0.0000010    -0.0000004    -0.0000002    -0.0000001    -0.0000000    -0.0000000    -0.0000000    -0.0000000    -0.0000000    -0.0000000    -0.0000000    -0.0000000    -0.0000000    -0.0000000    -0.0000000    -0.0000000    -0.0000000    -0.0000000    -0.0000000    -0.0000000    -0.0000000
     0.0001409     0.0005607     0.0012499     0.0021933     0.0033698     0.0047530     0.0063116     0.0080099     0.0098089     0.0116669     0.0135404     0.0153854     0.0171583     0.0188173     0.0203230     0.0216397     0.0227361     0.0235854     0.0241661     0.0244617     0.0244604     0.0241549     0.0235426     0.0226247     0.0214072     0.0199000     0.0181183     0.0160818     0.0138153     0.0113484     0.0087148     0.0059522     0.0031009     0.0002032    -0.0026974    -0.0055576    -0.0083346    -0.0109872    -0.0134763    -0.0157658    -0.0178231    -0.0196196    -0.0211312    -0.0223391    -0.0232299    -0.0237963    -0.0240374    -0.0239589    -0.0235734    -0.0229001    -0.0219648    -0.0207989    -0.0194393    -0.0179267    -0.0163049    -0.0146188    -0.0129127    -0.0112292    -0.0096068    -0.0080790    -0.0066725    -0.0054072    -0.0042949    -0.0033400    -0.0025402    -0.0018869    -0.0013673    -0.0009651    -0.0006626    -0.0004418    -0.0002857    -0.0001788    -0.0001081    -0.0000631    -0.0000354    -0.0000191    -0.0000099    -0.0000049    -0.0000023    -0.0000010    -0.0000004    -0.0000002    -0.0000001    -0.0000000    -0.0000000    -0.0000000    -0.0000000    -0.0000000    -0.0000000    -0.0000000    -0.0000000    -0.0000000    -0.0000000    -0.0000000    -0.0000000    -0.0000000    -0.0000000    -0.0000000    -0.0000000    -0.0000000
     0.0001318     0.0005243     0.0011694     0.0020535     0.0031579     0.0044590     0.0059288     0.0075350     0.0092421     0.0110118     0.0128036     0.0145761     0.0162876     0.0178973     0.0193665     0.0206590     0.0217425     0.0225889     0.0231750     0.0234825     0.0234982     0.0232136     0.0226247     0.0217320     0.0205399     0.0190573     0.0172975     0.0152784     0.0130225     0.0105574     0.0079151     0.0051316     0.0022468    -0.0006971    -0.0036560    -0.0065850    -0.0094393    -0.0121751    -0.0147507    -0.0171267    -0.0192674    -0.0211411    -0.0227209    -0.0239852    -0.0249183    -0.0255111    -0.0257612    -0.0256736    -0.0252605    -0.0245415    -0.0235432    -0.0222986    -0.0208465    -0.0192301    -0.0174958    -0.0156915    -0.0138649    -0.0120612    -0.0103220    -0.0086833    -0.0071740    -0.0058154    -0.0046205    -0.0035944    -0.0027344    -0.0020318    -0.0014727    -0.0010398    -0.0007141    -0.0004763    -0.0003080    -0.0001928    -0.0001167    -0.0000681    -0.0000382    -0.0000206    -0.0000107    -0.0000053    -0.0000025    -0.0000011    -0.0000005    -0.0000002    -0.0000001    -0.0000000    -0.0000000    -0.0000000    -0.0000000    -0.0000000    -0.0000000    -0.0000000    -0.0000000    -0.0000000    -0.0000000    -0.0000000    -0.0000000    -0.0000000    -0.0000000    -0.0000000    -0.0000000    -0.0000000
     0.0001215     0.0004838     0.0010795     0.0018970     0.0029197     0.0041268     0.0054936     0.0069914     0.0085882     0.0102492     0.0119376     0.0136150     0.0152421     0.0167802     0.0181914     0.0194402     0.0204936     0.0213228     0.0219029     0.0222140     0.0222411     0.0219739     0.0214072     0.0205399     0.0193755     0.0179215     0.0161898     0.0141965     0.0119623     0.0095126     0.0068773     0.0040911     0.0011923    -0.0017774    -0.0047737    -0.0077509    -0.0106626    -0.0134631    -0.0161080    -0.0185552    -0.0207659    -0.0227053    -0.0243436    -0.0256564    -0.0266256    -0.0272399    -0.0274955    -0.0273963    -0.0269540    -0.0261884    -0.0251266    -0.0238032    -0.0222586    -0.0205385    -0.0186920    -0.0167697    -0.0148224    -0.0128985    -0.0110423    -0.0092923    -0.0076797    -0.0062273    -0.0049494    -0.0038514    -0.0029309    -0.0021784    -0.0015794    -0.0011154    -0.0007662    -0.0005112    -0.0003307    -0.0002071    -0.0001253    -0.0000731    -0.0000411    -0.0000222    -0.0000115    -0.0000057    -0.0000027    -0.0000012    -0.0000005    -0.0000002    -0.0000001    -0.0000000    -0.0000000    -0.0000000    -0.0000000    -0.0000000    -0.0000000    -0.0000000    -0.0000000    -0.0000000    -0.0000000    -0.0000000    -0.0000000    -0.0000000    -0.0000000    -0.0000000    -0.0000000    -0.0000000
     0.0001106     0.0004402     0.0009826     0.0017277     0.0026611     0.0037648     0.0050171     0.0063928     0.0078637     0.0093986     0.0109643     0.0125258     0.0140470     0.0154915     0.0168234     0.0180079     0.0190127     0.0198081     0.0203685     0.0206723     0.0207027     0.0204477     0.0199000     0.0190573     0.0179215     0.0164989     0.0147999     0.0128391     0.0106356     0.0082128     0.0055987     0.0028259    -0.0000686    -0.0030443    -0.0060575    -0.0090620    -0.0120108    -0.0148564    -0.0175522    -0.0200538    -0.0223195    -0.0243116    -0.0259972    -0.0273492    -0.0283470    -0.0289771    -0.0292339    -0.0291199    -0.0286464    -0.0278329    -0.0267073    -0.0253051    -0.0236685    -0.0218454    -0.0198872    -0.0178477    -0.0157803    -0.0137367    -0.0117639    -0.0099029    -0.0081871    -0.0066410    -0.0052799    -0.0041099    -0.0031286    -0.0023261    -0.0016869    -0.0011917    -0.0008189    -0.0005465    -0.0003536    -0.0002215    -0.0001340    -0.0000783    -0.0000440    -0.0000237    -0.0000123    -0.0000061    -0.0000029    -0.0000013    -0.0000006    -0.0000002    -0.0000001    -0.0000000    -0.0000000    -0.0000000    -0.0000000    -0.0000000    -0.0000000    -0.0000000    -0.0000000    -0.0000000    -0.0000000    -0.0000000    -0.0000000    -0.0000000    -0.0000000    -0.0000000    -0.0000000    -0.0000000
     0.0000990     0.0003943     0.0008806     0.0015491     0.0023877     0.0033809     0.0045098     0.0057526     0.0070847     0.0084788     0.0099052     0.0113327     0.0127284     0.0140589     0.0152905     0.0163903     0.0173268     0.0180707     0.0185956     0.0188790     0.0189023     0.0186518     0.0181183     0.0172975     0.0161898     0.0147999     0.0131368     0.0112137     0.0090482     0.0066618     0.0040808     0.0013359    -0.0015378    -0.0045013    -0.0075115    -0.0105230    -0.0134882    -0.0163586    -0.0190862    -0.0216242    -0.0239286    -0.0259589    -0.0276793    -0.0290600    -0.0300777    -0.0307167    -0.0309694    -0.0308371    -0.0303299    -0.0294673    -0.0282773    -0.0267966    -0.0250687    -0.0231435    -0.0210750    -0.0189194    -0.0167334    -0.0145712    -0.0124828    -0.0105116    -0.0086933    -0.0070540    -0.0056102    -0.0043685    -0.0033264    -0.0024740    -0.0017948    -0.0012683    -0.0008717    -0.0005819    -0.0003766    -0.0002360    -0.0001429    -0.0000834    -0.0000469    -0.0000253    -0.0000131    -0.0000065    -0.0000031    -0.0000014    -0.0000006    -0.0000002    -0.0000001    -0.0000000    -0.0000000    -0.0000000    -0.0000000    -0.0000000    -0.0000000    -0.0000000    -0.0000000    -0.0000000    -0.0000000    -0.0000000    -0.0000000    -0.0000000    -0.0000000    -0.0000000    -0.0000000    -0.0000000
     0.0000871     0.0003471     0.0007754     0.0013646     0.0021046     0.0029820     0.0039811     0.0050829     0.0062664     0.0075079     0.0087814     0.0100593     0.0113124     0.0125104     0.0136224     0.0146178     0.0154665     0.0161402     0.0166126     0.0168604     0.0168642     0.0166083     0.0160818     0.0152784     0.0141965     0.0128391     0.0112137     0.0093321     0.0072101     0.0048679     0.0023300    -0.0003747    -0.0032131    -0.0061475    -0.0091365    -0.0121353    -0.0150967    -0.0179717    -0.0207113    -0.0232670    -0.0255927    -0.0276454    -0.0293869    -0.0307845    -0.0318123    -0.0324523    -0.0326950    -0.0325399    -0.0319962    -0.0310829    -0.0298282    -0.0282692    -0.0264511    -0.0244253    -0.0222482    -0.0199786    -0.0176758    -0.0153970    -0.0131947    -0.0111150    -0.0091955    -0.0074641    -0.0059383    -0.0046255    -0.0035233    -0.0026213    -0.0019022    -0.0013446    -0.0009245    -0.0006173    -0.0003996    -0.0002505    -0.0001517    -0.0000886    -0.0000498    -0.0000269    -0.0000139    -0.0000069    -0.0000033    -0.0000015    -0.0000006    -0.0000003    -0.0000001    -0.0000000    -0.0000000    -0.0000000    -0.0000000    -0.0000000    -0.0000000    -0.0000000    -0.0000000    -0.0000000    -0.0000000    -0.0000000    -0.0000000    -0.0000000    -0.0000000    -0.0000000    -0.0000000    -0.0000000
