    -4.7941300    -4.7721534    -4.7361381    -4.6869551    -4.6257356    -4.5537964    -4.4725604    -4.3834807    -4.2879734    -4.1873646    -4.0828516    -3.9754790    -3.8661280    -3.7555166    -3.6442066    -3.5326169    -3.4210394    -3.3096559    -3.1985560    -3.0877524    -2.9771968    -2.8667921    -2.7564045    -2.6458728    -2.5350172    -2.4236454    -2.3115591    -2.1985582    -2.0844451    -1.9690280    -1.8521237    -1.7335604    -1.6131797    -1.4908392    -1.3664140    -1.2397994    -1.1109122    -0.9796934    -0.8461098    -0.7101566    -0.5718595    -0.4312768    -0.2885022    -0.1436668     0.0030583     0.1514597     0.3012796     0.4522135     0.6039086     0.7559623     0.9079213     1.0592813     1.2094874     1.3579354     1.5039747     1.6469117     1.7860153     1.9205240     2.0496547     2.1726131     2.2886067     2.3968590     2.4966255     2.5872111     2.6679881     2.7384141     2.7980493     2.8465713     2.8837877     2.9096433     2.9242228     2.9277468     2.9205610     2.9031189     2.8759581     2.8396732     2.7948846     2.7422097     2.6822372     2.6155078     2.5425053     2.4636586     2.3793552     2.2899640     2.1958651     2.0974816     1.9953088     1.8899342     1.7820475     1.6724362     1.5619679     1.4515628     1.3421582     1.2346715     1.1299655     1.0288185     0.9319034     0.8397738     0.7528592     0.6714660
    -4.7721534    -4.7506493    -4.7153898    -4.6672028    -4.6071662    -4.5365389    -4.4566872    -4.3690122    -4.2748866    -4.1756026    -4.0723332    -3.9661081    -3.8578014    -3.7481299    -3.6376588    -3.5268137    -3.4158948    -3.3050935    -3.1945084    -3.0841619    -2.9740137    -2.8639747    -2.7539180    -2.6436883    -2.5331108    -2.4219978    -2.3101545    -2.1973839    -2.0834909    -1.9682856    -1.8515866    -1.7332232    -1.6130382    -1.4908899    -1.3666539    -1.2402257    -1.1115226    -0.9804854    -0.8470812    -0.7113049    -0.5731819    -0.4327705    -0.2901638    -0.1454928     0.0010719     0.1493175     0.2989863     0.4497745     0.6013297     0.7532499     0.9050822     1.0563228     1.2064173     1.3547619     1.5007065     1.6435579     1.7825854     1.9170279     2.0461024     2.1690151     2.2849737     2.3932016     2.4929546     2.5835376     2.6643229     2.7347679     2.7944325     2.8429944     2.8802607     2.9061758     2.9208240     2.9244253     2.9173248     2.8999754     2.8729142     2.8367348     2.7920570     2.7394975     2.6796439     2.6130364     2.5401578     2.4614365     2.3772589     2.2879933     2.1940190     2.0957587     1.9937067     1.8884501     1.7806781     1.6711775     1.5608157     1.4505123     1.3412044     1.2338093     1.1291893     1.0281229     0.9312828     0.8392227     0.7523720     0.6710373
    -4.7361381    -4.7153898    -4.6813411    -4.6347524    -4.5766182    -4.5081066    -4.4304934    -4.3450971    -4.2532201    -4.1560985    -4.0548655    -3.9505250    -3.8439379    -3.7358180    -3.6267352    -3.5171247    -3.4073000    -3.2974671    -3.1877399    -3.0781554    -2.9686873    -2.8592591    -2.7497551    -2.6400301    -2.5299175    -2.4192370    -2.3077997    -2.1954139    -2.0818884    -1.9670370    -1.8506807    -1.7326513    -1.6127930    -1.4909653    -1.3670449    -1.2409279    -1.1125319    -0.9817979    -0.8486928    -0.7132115    -0.5753791    -0.4352533    -0.2929269    -0.1485301    -0.0022329     0.1457525     0.2951693     0.4457144     0.5970363     0.7487336     0.9003545     1.0513958     1.2013039     1.3494760     1.4952625     1.6379709     1.7768713     1.9112030     2.0401838     2.1630200     2.2789197     2.3871068     2.4868370     2.5774154     2.6582141     2.7286905     2.7884042     2.8370323     2.8743815     2.9003956     2.9151580     2.9188880     2.9119296     2.8947347     2.8678393     2.8318356     2.7873424     2.7349750     2.6753197     2.6089153     2.5362433     2.4577308     2.3737629     2.2847067     2.1909404     2.0928852     1.9910347     1.8859749     1.7783939     1.6690780     1.5588937     1.4487600     1.3396135     1.2323709     1.1278946     1.0269626     0.9302476     0.8383033     0.7515592     0.6703221
    -4.6869551    -4.6672028    -4.6347524    -4.5902790    -4.5346708    -4.4689789    -4.3943619    -4.3120294    -4.2231892    -4.1290021    -4.0305448    -3.9287843    -3.8245611    -3.7185822    -3.6114217    -3.5035262    -3.3952254    -3.2867444    -3.1782170    -3.0697001    -2.9611860    -2.8526154    -2.7438881    -2.6348722    -2.5254132    -2.4153405    -2.3044741    -2.1926289    -2.0796198    -1.9652653    -1.8493903    -1.7318295    -1.6124295    -1.4910518    -1.3675741    -1.2418936    -1.1139282    -0.9836192    -0.8509336    -0.7158659    -0.5784408    -0.4387155    -0.2967819    -0.1527696    -0.0068475     0.1407731     0.2898366     0.4400408     0.5910354     0.7424202     0.8937444     1.0445060     1.1941527     1.3420825     1.4876470     1.6301547     1.7688765     1.9030526     2.0319013     2.1546298     2.2704466     2.3785759     2.4782737     2.5688450     2.6496621     2.7201819     2.7799637     2.8286841     2.8661489     2.8923011     2.9072231     2.9111329     2.9043731     2.8873943     2.8607306     2.8249729     2.7807380     2.7286394     2.6692616     2.6031414     2.5307587     2.4525385     2.3688644     2.2801013     2.1866261     2.0888584     1.9872900     1.8825058     1.7751926     1.6661353     1.5561996     1.4463037     1.3373833     1.2303546     1.1260795     1.0253359     0.9287961     0.8370141     0.7504195     0.6693193
    -4.6257356    -4.6071662    -4.5766182    -4.5346708    -4.4820915    -4.4197971    -4.3488097    -4.2702099    -4.1850921    -4.0945233    -3.9995091    -3.9009672    -3.7997088    -3.6964289    -3.5917026    -3.4859877    -3.3796318    -3.2728815    -3.1658944    -3.0587508    -2.9514661    -2.8440021    -2.7362777    -2.6281783    -2.5195640    -2.4102772    -2.3001483    -2.1890017    -2.0766596    -1.9629466    -1.8476928    -1.7307366    -1.6119278    -1.4911301    -1.3682231    -1.2431050    -1.1156944    -0.9859331    -0.8537879    -0.7192529    -0.5823525    -0.4431430    -0.3017155    -0.1581984    -0.0127595     0.1343912     0.2829993     0.4327642     0.5833370     0.7343189     0.8852607     1.0356618     1.1849712     1.3325886     1.4778666     1.6201151     1.7586061     1.8925810     2.0212589     2.1438479     2.2595570     2.3676109     2.4672660     2.5578274     2.6386670     2.7092418     2.7691104     2.8179486     2.8555613     2.8818904     2.8970169     2.9011572     2.8946524     2.8779508     2.8515848     2.8161429     2.7722398     2.7204865     2.6614654     2.5957106     2.5236998     2.4458555     2.3625589     2.2741730     2.1810722     2.0836742     1.9824689     1.8780392     1.7710705     1.6623461     1.5527304     1.4431405     1.3345111     1.2277577     1.1237417     1.0232405     0.9269265     0.8353535     0.7489514     0.6680274
    -4.5537964    -4.5365389    -4.5081066    -4.4689789    -4.4197971    -4.3613355    -4.2944691    -4.2201367    -4.1393049    -4.0529326    -3.9619405    -3.8671846    -3.7694371    -3.6693730    -3.5675637    -3.4644756    -3.3604731    -3.2558255    -3.1507159    -3.0452511    -2.9394725    -2.8333665    -2.7268744    -2.6199018    -2.5123266    -2.4040064    -2.2947848    -2.1844971    -2.0729749    -1.9600502    -1.8455590    -1.7293449    -1.6112615    -1.4911753    -1.3689680    -1.2445393    -1.1178087    -0.9887184    -0.8572352    -0.7233529    -0.5870953    -0.4485176    -0.3077101    -0.1647996    -0.0199528     0.1266220     0.2746722     0.4238987     0.5739544     0.7244424     0.8749152     1.0248740     1.1737697     1.3210034     1.4659296     1.6078597     1.7460671     1.8797943     2.0082619     2.1306787     2.2462546     2.3542149     2.4538162     2.5443639     2.6252298     2.6958703     2.7558436     2.8048246     2.8426170     2.8691612     2.8845366     2.8889578     2.8827637     2.8664002     2.8403974     2.8053410     2.7618430     2.7105115     2.6519259     2.5866177     2.5150612     2.4376763     2.3548414     2.2669165     2.1742735     2.0773277     1.9765664     1.8725705     1.7660232     1.6577061     1.5484820     1.4392665     1.3309933     1.2245770     1.1208781     1.0206737     0.9246361     0.8333190     0.7471525     0.6664444
    -4.4725604    -4.4566872    -4.4304934    -4.3943619    -4.3488097    -4.2944691    -4.2320654    -4.1623905    -4.0862747    -4.0045588    -3.9180667    -3.8275813    -3.7338248    -3.6374433    -3.5389973    -3.4389563    -3.3376990    -3.2355161    -3.1326163    -3.0291342    -2.9251394    -2.8206450    -2.7156178    -2.6099860    -2.5036478    -2.3964786    -2.2883373    -2.1790720    -2.0685251    -1.9565377    -1.8429531    -1.7276205    -1.6103983    -1.4911564    -1.3697792    -1.2461680    -1.1202437    -0.9919488    -0.8612503    -0.7281416    -0.5926456    -0.4548168    -0.3147439    -0.1725525    -0.0284073     0.1174849     0.2648736     0.4134617     0.5629042     0.7128063     0.8627225     1.0121565     1.1605608     1.3073388     1.4518470     1.5933984     1.7312682     1.8647005     1.9929172     2.1151282     2.2305443     2.3383917     2.4379273     2.5284567     2.6093516     2.6800679     2.7401631     2.7893110     2.8273140     2.8541109     2.8697792     2.8745310     2.8687028     2.8527380     2.8271634     2.7925619     2.7495419     2.6987084     2.6406372     2.5758563     2.5048367     2.4279948     2.3457055     2.2583257     2.1662241     2.0698129     1.9695769     1.8660941     1.7600454     1.6522103     1.5434497     1.4346774     1.3268258     1.2208084     1.1174849     1.0176321     0.9219218     0.8309078     0.7450205     0.6645680
    -4.3834807    -4.3690122    -4.3450971    -4.3120294    -4.2702099    -4.2201367    -4.1623905    -4.0976176    -4.0265103    -3.9497854    -3.8681616    -3.7823387    -3.6929782    -3.6006872    -3.5060062    -3.4094010    -3.3112591    -3.2118891    -3.1115237    -3.0103252    -2.9083914    -2.8057643    -2.7024374    -2.5983640    -2.4934648    -2.3876349    -2.2807506    -2.1726746    -2.0632619    -1.9523636    -1.8398318    -1.7255225    -1.6092994    -1.4910364    -1.3706212    -1.2479573    -1.1229668    -0.9955929    -0.8658028    -0.7335895    -0.5989752    -0.4620132    -0.3227907    -0.1814316    -0.0380989     0.1070031     0.2536257     0.4014743     0.5502064     0.6994295     0.8487007     0.9975259     1.1453603     1.2916094     1.4356321     1.5767434     1.7142206     1.8473095     1.9752334     2.0972039     2.2124327     2.3201468     2.4196037     2.5101090     2.5910345     2.6618356     2.7220689     2.7714070     2.8096508     2.8367372     2.8527413     2.8578728     2.8524653     2.8369590     2.8118773     2.7777994     2.7353302     2.6850706     2.6275924     2.5634196     2.4930193     2.4168038     2.3351441     2.2483935     2.1569169     2.0611231     1.9614937     1.8586036     1.7531310     1.6458529     1.5376277     1.4293677     1.3220035     1.2164473     1.1135581     1.0141118     0.9187800     0.8281165     0.7425522     0.6623956
    -4.2879734    -4.2748866    -4.2532201    -4.2231892    -4.1850921    -4.1393049    -4.0862747    -4.0265103    -3.9605695    -3.8890442    -3.8125435    -3.7316766    -3.6470346    -3.5591753    -3.4686094    -3.3757902    -3.2811065    -3.1848796    -3.0873624    -2.9887424    -2.8891454    -2.7886420    -2.6872535    -2.5849597    -2.4817054    -2.3774074    -2.2719608    -2.1652449    -2.0571286    -1.9474747    -1.8361450    -1.7230032    -1.6079192    -1.4907719    -1.3714526    -1.2498671    -1.1259394    -0.9996137    -0.8708570    -0.7396624    -0.6060510    -0.4700748    -0.3318196    -0.1914073    -0.0489988     0.0952039     0.2409548     0.3879618     0.5358850     0.6843348     0.8328711     0.9810025     1.1281870     1.2738328     1.4173012     1.5579097     1.6949378     1.8276333     1.9552215     2.0769153     2.1919279     2.2994870     2.3988508     2.4893253     2.5702819     2.6411756     2.7015621     2.7511126     2.7896263     2.8170379     2.8334201     2.8389796     2.8340467     2.8190580     2.7945333     2.7610475     2.7192012     2.6695909     2.6127841     2.5493000     2.4796012     2.4040954     2.3231495     2.2371121     2.1463443     2.0512508     1.9523095     1.8500920     1.7452732     1.6386272     1.5310101     1.4233317     1.3165210     1.2114888     1.1090927     1.0101083     0.9152066     0.8249416     0.7397443     0.6599240
    -4.1873646    -4.1756026    -4.1560985    -4.1290021    -4.0945233    -4.0529326    -4.0045588    -3.9497854    -3.8890442    -3.8228065    -3.7515716    -3.6758531    -3.5961649    -3.5130058    -3.4268468    -3.3381185    -3.2472028    -3.1544258    -3.0600555    -2.9643004    -2.8673118    -2.7691878    -2.6699776    -2.5696877    -2.4682882    -2.3657187    -2.2618950    -2.1567142    -2.0500605    -1.9418098    -1.8318345    -1.7200074    -1.6062053    -1.4903129    -1.3722252    -1.2518515    -1.1291174    -1.0039683    -0.8763718    -0.7463203    -0.6138343    -0.4789644    -0.3417946    -0.2024449    -0.0610736     0.0821197     0.2268918     0.3729536     0.5199681     0.6675490     0.8152591     0.9626103     1.1090635     1.2540300     1.3968737     1.5369152     1.6734363     1.8056871     1.9328950     2.0542745     2.1690403     2.2764213     2.3756763     2.4661115     2.5470983     2.6180911     2.6786446     2.7284285     2.7672401     2.7950117     2.8118131     2.8178478     2.8134426     2.7990301     2.7751256     2.7422996     2.7011479     2.6522621     2.5962045     2.5334893     2.4645740     2.3898614     2.3097130     2.2244731     2.1344979     2.0401877     1.9420163     1.8405514     1.7364644     1.6305262     1.5235899     1.4165630     1.3103723     1.2059270     1.1040836     1.0056168     0.9111972     0.8213789     0.7365931     0.6571499
    -4.0828516    -4.0723332    -4.0548655    -4.0305448    -3.9995091    -3.9619405    -3.9180667    -3.8681616    -3.8125435    -3.7515716    -3.6856386    -3.6151623    -3.5405742    -3.4623072    -3.3807828    -3.2963996    -3.2095223    -3.1204737    -3.0295291    -2.9369127    -2.8427974    -2.7473059    -2.6505139    -2.5524544    -2.4531230    -2.3524830    -2.2504717    -2.1470052    -2.0419844    -1.9352995    -1.8268347    -1.7164727    -1.6040983    -1.4896022    -1.3728845    -1.2538578    -1.1324501    -1.0086081    -0.8822999    -0.7535177    -0.6222811    -0.4886393    -0.3526746    -0.2145046    -0.0742851     0.0677872     0.2114721     0.3564836     0.5024883     0.6491031     0.7958942     0.9423771     1.0880160     1.2322255     1.3743728     1.5137813     1.6497357     1.7814888     1.9082700     2.0292959     2.1437829     2.2509609     2.3500896     2.4404756     2.5214902     2.5925871     2.6533199     2.7033568     2.7424929     2.7706578     2.7879185     2.7944747     2.7906492     2.7768703     2.7536485     2.7215494     2.6811633     2.6330765     2.5778456     2.5159793     2.4479293     2.3740928     2.2948260     2.2104677     2.1213689     2.0279252     1.9306057     1.8299738     1.7266968     1.6215422     1.5153599     1.4090545     1.3035507     1.1997559     1.0985250     1.0006319     0.9067469     0.8174239     0.7330946     0.6540697
    -3.9754790    -3.9661081    -3.9505250    -3.9287843    -3.9009672    -3.8671846    -3.8275813    -3.7823387    -3.7316766    -3.6758531    -3.6151623    -3.5499288    -3.4805005    -3.4072392    -3.3305100    -3.2506698    -3.1680566    -3.0829806    -2.9957159    -2.9064953    -2.8155076    -2.7228963    -2.6287607    -2.5331590    -2.4361116    -2.3376055    -2.2376002    -2.1360318    -2.0328186    -1.9278662    -1.8210718    -1.7123288    -1.6015308    -1.4885757    -1.3733689    -1.2558268    -1.1358804    -1.0134778    -0.8885879    -0.7612029    -0.6313414    -0.4990513    -0.3644128    -0.2275411    -0.0885894     0.0522487     0.1947364     0.3385911     0.4834830     0.6290328     0.7748106     0.9203353     1.0650752     1.2084483     1.3498254     1.4885332     1.6238595     1.7550598     1.8813661     2.0019973     2.1161714     2.2231198     2.3221030     2.4124281     2.4934662     2.5646705     2.6255933     2.6759011     2.7153868     2.7439772     2.7617357     2.7688583     2.7656635     2.7525746     2.7300971     2.6987910     2.6592408     2.6120269     2.5576997     2.4967617     2.4296584     2.3567809     2.2784794     2.1950866     2.1069482     2.0144543     1.9180687     1.8183503     1.7159620     1.6116671     1.5063123     1.4007991     1.2960495     1.1929690     1.0924110     0.9951482     0.9018506     0.8130720     0.7292444     0.6506795
    -3.8661280    -3.8578014    -3.8439379    -3.8245611    -3.7997088    -3.7694371    -3.7338248    -3.6929782    -3.6470346    -3.5961649    -3.5405742    -3.4805005    -3.4162101    -3.3479922    -3.2761499    -3.2009912    -3.1228186    -3.0419199    -2.9585592    -2.8729699    -2.7853497    -2.6958574    -2.6046124    -2.5116949    -2.4171486    -2.3209838    -2.2231818    -2.1236992    -2.0224727    -1.9194237    -1.8144636    -1.7074972    -1.5984281    -1.4871616    -1.3736093    -1.2576921    -1.1393441    -1.0185156    -0.8951761    -0.7693179    -0.6409590    -0.5101457    -0.3769562    -0.2415032    -0.1039370     0.0355521     0.1767308     0.3193204     0.4629950     0.6073791     0.7520472     0.8965222     1.0402764     1.1827318     1.3232630     1.4612003     1.5958349     1.7264254     1.8522068     1.9724000     2.0862252     2.1929152     2.2917317     2.3819821     2.4630376     2.5343506     2.5954722     2.6460673     2.6859260     2.7149722     2.7332657     2.7409982     2.7384836     2.7261400     2.7044671     2.6740191     2.6353743     2.5891063     2.5357591     2.4758283     2.4097527     2.3379168     2.2606640     2.1783208     2.0912267     1.9997657     1.9043964     1.8056721     1.7042512     1.6008927     1.4964392     1.3917891     1.2878615     1.1855595     1.0857351     0.9891598     0.8965029     0.8083181     0.7250380     0.6469751
    -3.7555166    -3.7481299    -3.7358180    -3.7185822    -3.6964289    -3.6693730    -3.6374433    -3.6006872    -3.5591753    -3.5130058    -3.4623072    -3.4072392    -3.3479922    -3.2847837    -3.2178527    -3.1474531    -3.0738447    -2.9972843    -2.9180170    -2.8362680    -2.7522362    -2.6660894    -2.5779614    -2.4879511    -2.3961227    -2.3025081    -2.2071098    -2.1099046    -2.0108477    -1.9098775    -1.8069195    -1.7018915    -1.5947070    -1.4852802    -1.3735291    -1.2593799    -1.1427702    -1.0236524    -0.9019976    -0.7777981    -0.6510711    -0.5218616    -0.3902458    -0.2563336    -0.1202723     0.0177512     0.1575074     0.2987218     0.4410725     0.5841885     0.7276486     0.8709803     1.0136600     1.1551143     1.2947218     1.4318167     1.5656939     1.6956156     1.8208194     1.9405292     2.0539672     2.1603680     2.2589943     2.3491541     2.4302186     2.5016397     2.5629670     2.6138635     2.6541168     2.6836474     2.7025112     2.7108956     2.7091092     2.6975646     2.6767557     2.6472298     2.6095585     2.5643087     2.5120170     2.4531717     2.3882043     2.3174919     2.2413711     2.1601612     2.0741950     1.9838503     1.8895795     1.7919303     1.6915559     1.5892105     1.4857325     1.3820167     1.2789792     1.1775206     1.0784910     0.9826606     0.8906981     0.8031572     0.7204708     0.6429523
    -3.6442066    -3.6376588    -3.6267352    -3.6114217    -3.5917026    -3.5675637    -3.5389973    -3.5060062    -3.4686094    -3.4268468    -3.3807828    -3.3305100    -3.2761499    -3.2178527    -3.1557943    -3.0901718    -3.0211970    -2.9490888    -2.8740650    -2.7963342    -2.7160882    -2.6334965    -2.5487013    -2.4618147    -2.3729183    -2.2820627    -2.1892702    -2.0945370    -1.9978366    -1.8991242    -1.7983406    -1.6954163    -1.5902763    -1.4828436    -1.3730438    -1.2608085    -1.1460795    -1.0288121    -0.9089785    -0.7865715    -0.6616079    -0.5341313    -0.4042156    -0.2719683    -0.1375333    -0.0010939     0.1371245     0.2768516     0.4177700     0.5595134     0.7016653     0.8437578     0.9852723     1.1256398     1.2642435     1.4004218     1.5334737     1.6626648     1.7872363     1.9064148     2.0194250     2.1255031     2.2239133     2.3139644     2.3950273     2.4665534     2.5280911     2.5793010     2.6199683     2.6500099     2.6694776     2.6785539     2.6775421     2.6668488     2.6469613     2.6184202     2.5817897     2.5376292     2.4864675     2.4287851     2.3650056     2.2954984     2.2205922     2.1405991     2.0558444     1.9666992     1.8736091     1.7771160     1.6778672     1.5766119     1.4741840     1.3714742     1.2693952     1.1688451     1.0706719     0.9756444     0.8844306     0.7975840     0.7155379     0.6386067
    -3.5326169    -3.5268137    -3.5171247    -3.5035262    -3.4859877    -3.4644756    -3.4389563    -3.4094010    -3.3757902    -3.3381185    -3.2963996    -3.2506698    -3.2009912    -3.1474531    -3.0901718    -3.0292879    -2.9649626    -2.8973720    -2.8266996    -2.7531296    -2.6768390    -2.5979909    -2.5167290    -2.4331732    -2.3474173    -2.2595274    -2.1695431    -2.0774782    -1.9833241    -1.8870524    -1.7886190    -1.6879681    -1.5850360    -1.4797557    -1.3720605    -1.2618883    -1.1491855    -1.0339103    -0.9160370    -0.7955589    -0.6724924    -0.5468797    -0.4187928    -0.2883364    -0.1556509    -0.0209159     0.1156473     0.2537730     0.3931486     0.5334127     0.6741538     0.8149093     0.9551654     1.0943582     1.2318756     1.3670607     1.4992167     1.6276132     1.7514950     1.8700918     1.9826307     2.0883504     2.1865161     2.2764375     2.3574857     2.4291113     2.4908614     2.5423946     2.5834929     2.6140699     2.6341728     2.6439792     2.6437864     2.6339948     2.6150847     2.5875895     2.5520656     2.5090642     2.4591060     2.4026629     2.3401504     2.2719292     2.1983199     2.1196265     2.0361666     1.9483037     1.8564767     1.7612206     1.6631767     1.5630887     1.4617856     1.3601537     1.2591022     1.1595261     1.0622713     0.9681051     0.8776946     0.7915931     0.7102344     0.6339339
    -3.4210394    -3.4158948    -3.4073000    -3.3952254    -3.3796318    -3.3604731    -3.3376990    -3.3112591    -3.2811065    -3.2472028    -3.2095223    -3.1680566    -3.1228186    -3.0738447    -3.0211970    -2.9649626    -2.9052522    -2.8421961    -2.7759391    -2.7066345    -2.6344368    -2.5594956    -2.4819486    -2.4019171    -2.3195016    -2.2347793    -2.1478035    -2.0586039    -1.9671877    -1.8735424    -1.7776387    -1.6794343    -1.5788775    -1.4759114    -1.3704778    -1.2625212    -1.1519930    -1.0388550    -0.9230836    -0.8046731    -0.6836396    -0.5600242    -0.4338968    -0.3053593    -0.1745487    -0.0416407     0.0931479     0.2295560     0.3672762     0.5059522     0.6451779     0.7844961     0.9233983     1.0613259     1.1976721     1.3317847     1.4629717     1.5905068     1.7136388     1.8316006     1.9436224     2.0489447     2.1468348     2.2366029     2.3176204     2.3893373     2.4512993     2.5031628     2.5447069     2.5758411     2.5966082     2.6071804     2.6078489     2.5990075     2.5811291     2.5547392     2.5203860     2.4786122     2.4299295     2.3748012     2.3136335     2.2467783     2.1745474     2.0972362     2.0151539     1.9286562     1.8381742     1.7442360     1.6474763     1.5486330     1.4485295     1.3480476     1.2480927     1.1495566     1.0532826     0.9600365     0.8704844     0.7851793     0.7045556     0.6289294
    -3.3096559    -3.3050935    -3.2974671    -3.2867444    -3.2728815    -3.2558255    -3.2355161    -3.2118891    -3.1848796    -3.1544258    -3.1204737    -3.0829806    -3.0419199    -2.9972843    -2.9490888    -2.8973720    -2.8421961    -2.7836458    -2.7218243    -2.6568494    -2.5888475    -2.5179473    -2.4442739    -2.3679428    -2.2890553    -2.2076946    -2.1239238    -2.0377847    -1.9492986    -1.8584673    -1.7652756    -1.6696943    -1.5716837    -1.4711973    -1.3681856    -1.2626003    -1.1543983    -1.0435454    -0.9300204    -0.8138188    -0.6949567    -0.5734742    -0.4494392    -0.3229508    -0.1941426    -0.0631862     0.0697062     0.2042784     0.3402283     0.4772051     0.6148084     0.7525865     0.8900368     1.0266064     1.1616937     1.2946520     1.4247939     1.5513982     1.6737173     1.7909881     1.9024436     2.0073270     2.1049071     2.1944954     2.2754633     2.3472604     2.4094309     2.4616290     2.5036306     2.5353413     2.5567990     2.5681704     2.5697402     2.5618951     2.5451004     2.5198732     2.4867531     2.4462737     2.3989373     2.3451978     2.2854517     2.2200415     2.1492696     2.0734223     1.9927999     1.9077495     1.8186943     1.7261547     1.6307586     1.5332372     1.4344083     1.3351489     1.2363600     1.1389300     1.0436996     0.9514327     0.8627944     0.7783375     0.6984965     0.6235889
    -3.1985560    -3.1945084    -3.1877399    -3.1782170    -3.1658944    -3.1507159    -3.1326163    -3.1115237    -3.0873624    -3.0600555    -3.0295291    -2.9957159    -2.9585592    -2.9180170    -2.8740650    -2.8266996    -2.7759391    -2.7218243    -2.6644167    -2.6037960    -2.5400559    -2.4732990    -2.4036311    -2.3311555    -2.2559679    -2.1781517    -2.0977749    -2.0148879    -1.9295228    -1.8416937    -1.7513980    -1.6586191    -1.5633287    -1.4654908    -1.3650649    -1.2620101    -1.1562891    -1.0478721    -0.9367407    -0.8228920    -0.7063422    -0.5871306    -0.4653232    -0.3410164    -0.2143403    -0.0854623     0.0454101     0.1780259     0.3120884     0.4472526     0.5831239     0.7192568     0.8551547     0.9902706     1.1240087     1.2557279     1.3847461     1.5103468     1.6317871     1.7483077     1.8591448     1.9635444     2.0607772     2.1501558     2.2310521     2.3029151     2.3652876     2.4178214     2.4602893     2.4925928     2.5147648     2.5269659     2.5294744     2.5226693     2.5070080     2.4829988     2.4511722     2.4120520     2.3661309     2.3138526     2.2556035     2.1917162     2.1224830     2.0481804     1.9690994     1.8855781     1.7980309     1.7069704     1.6130168     1.5168945     1.4194154     1.3214509     1.2238975     1.1276400     1.0335162     0.9422880     0.8546193     0.7710625     0.6920526     0.6179080
    -3.0877524    -3.0841619    -3.0781554    -3.0697001    -3.0587508    -3.0452511    -3.0291342    -3.0103252    -2.9887424    -2.9643004    -2.9369127    -2.9064953    -2.8729699    -2.8362680    -2.7963342    -2.7531296    -2.7066345    -2.6568494    -2.6037960    -2.5475155    -2.4880666    -2.4255215    -2.3599616    -2.2914720    -2.2201366    -2.1460331    -2.0692292    -1.9897792    -1.9077225    -1.8230825    -1.7358676    -1.6460720    -1.5536785    -1.4586609    -1.3609878    -1.2606259    -1.1575440    -1.0517168    -0.9431292    -0.8317800    -0.7176860    -0.6008858    -0.4814437    -0.3594532    -0.2350411    -0.1083704     0.0203560     0.1508925     0.2829481     0.4161838     0.5502113     0.6845914     0.8188337     0.9523975     1.0846932     1.2150857     1.3428983     1.4674199     1.5879122     1.7036201     1.8137835     1.9176512     2.0144959     2.1036317     2.1844309     2.2563420     2.3189066     2.3717740     2.4147138     2.4476232     2.4705299     2.4835884     2.4870700     2.4813460     2.4668651     2.4441268     2.4136516     2.3759535     2.3315147     2.2807682     2.2240901     2.1618019     2.0941858     2.0215077     1.9440488     1.8621375     1.7761791     1.6866776     1.5942452     1.4995991     1.4035446     1.3069475     1.2106993     1.1156808     1.0227268     0.9325970     0.8459540     0.7633497     0.6852195     0.6118828
    -2.9771968    -2.9740137    -2.9686873    -2.9611860    -2.9514661    -2.9394725    -2.9251394    -2.9083914    -2.8891454    -2.8673118    -2.8427974    -2.8155076    -2.7853497    -2.7522362    -2.7160882    -2.6768390    -2.6344368    -2.5888475    -2.5400559    -2.4880666    -2.4329027    -2.3746040    -2.3132233    -2.2488228    -2.1814691    -2.1112285    -2.0381627    -1.9623251    -1.8837581    -1.8024911    -1.7185404    -1.6319098    -1.5425913    -1.4505684    -1.3558179    -1.2583143    -1.1580324    -1.0549519    -0.9490612    -0.8403610    -0.7288689    -0.6146231    -0.4976861    -0.3781491    -0.2561352    -0.1318032    -0.0053510     0.1229811     0.2529080     0.3840971     0.5161663     0.6486832     0.7811641     0.9130747     1.0438320     1.1728071     1.2993293     1.4226929     1.5421647     1.6569942     1.7664249     1.8697089     1.9661213     2.0549775     2.1356505     2.2075885     2.2703317     2.3235271     2.3669408     2.4004658     2.4241243     2.4380646     2.4425506     2.4379456     2.4246895     2.4032720     2.3742038     2.3379881     2.2950964     2.2459505     2.1909152     2.1303010     2.0643788     1.9934038     1.9176464     1.8374251     1.7531355     1.6652723     1.5744394     1.4813462     1.3867911     1.2916336     1.1967602     1.1030473     1.0113265     0.9223550     0.8367939     0.7551947     0.6779931     0.6055095
    -2.8667921    -2.8639747    -2.8592591    -2.8526154    -2.8440021    -2.8333665    -2.8206450    -2.8057643    -2.7886420    -2.7691878    -2.7473059    -2.7228963    -2.6958574    -2.6660894    -2.6334965    -2.5979909    -2.5594956    -2.5179473    -2.4732990    -2.4255215    -2.3746040    -2.3205530    -2.2633912    -2.2031539    -2.1398860    -2.0736372    -2.0044578    -1.9323953    -1.8574902    -1.7797742    -1.6992684    -1.6159831    -1.5299185    -1.4410659    -1.3494101    -1.2549327    -1.1576147    -1.0574407    -0.9544027    -0.8485037    -0.7397623    -0.6282163    -0.5139270    -0.3969828    -0.2775036    -0.1556439    -0.0315966     0.0944037     0.2220778     0.3510996     0.4810937     0.6116345     0.7422452     0.8723987     1.0015187     1.1289826     1.2541263     1.3762497     1.4946252     1.6085069     1.7171425     1.8197875     1.9157194     2.0042555     2.0847695     2.1567092     2.2196137     2.2731275     2.3170135     2.3511601     2.3755839     2.3904268     2.3959451     2.3924937     2.3805034     2.3604538     2.3328452     2.2981698     2.2568874     2.2094085     2.1560860     2.0972186     2.0330654     1.9638704     1.8898929     1.8114405     1.7288985     1.6427522     1.5535964     1.4621323     1.3691509     1.2755052     1.1820760     1.0897353     0.9993109     0.9115577     0.8271350     0.7465937     0.6703697     0.5987846
    -2.7564045    -2.7539180    -2.7497551    -2.7438881    -2.7362777    -2.7268744    -2.7156178    -2.7024374    -2.6872535    -2.6699776    -2.6505139    -2.6287607    -2.6046124    -2.5779614    -2.5487013    -2.5167290    -2.4819486    -2.4442739    -2.4036311    -2.3599616    -2.3132233    -2.2633912    -2.2104569    -2.1544274    -2.0953222    -2.0331701    -1.9680057    -1.8998650    -1.8287822    -1.7547867    -1.6779008    -1.5981385    -1.5155053    -1.4299991    -1.3416115    -1.2503302    -1.1561424    -1.0590373    -0.9590105    -0.8560676    -0.7502282    -0.6415301    -0.5300332    -0.4158237    -0.2990180    -0.1797663    -0.0582567     0.0652820     0.1905767     0.3173081     0.4451076     0.5735568     0.7021861     0.8304757     0.9578562     1.0837121     1.2073859     1.3281837     1.4453834     1.5582443     1.6660187     1.7679653     1.8633649     1.9515364     2.0318544     2.1037667     2.1668110     2.2206298     2.2649823     2.2997524     2.3249511     2.3407135     2.3472883     2.3450217     2.3343347     2.3156968     2.2895973     2.2565168     2.2169034     2.1711553     2.1196130     2.0625630     2.0002522     1.9329125     1.8607914     1.7841853     1.7034689     1.6191170     1.5317150     1.4419556     1.3506216     1.2585593     1.1666436     1.0757414     0.9866768     0.9002017     0.8169739     0.7375434     0.6623462     0.5917050
    -2.6458728    -2.6436883    -2.6400301    -2.6348722    -2.6281783    -2.6199018    -2.6099860    -2.5983640    -2.5849597    -2.5696877    -2.5524544    -2.5331590    -2.5116949    -2.4879511    -2.4618147    -2.4331732    -2.4019171    -2.3679428    -2.3311555    -2.2914720    -2.2488228    -2.2031539    -2.1544274    -2.1026211    -2.0477276    -1.9897519    -1.9287083    -1.8646174    -1.7975023    -1.7273856    -1.6542866    -1.5782195    -1.4991926    -1.4172078    -1.3322619    -1.2443481    -1.1534584    -1.0595867    -0.9627321    -0.8629025    -0.7601190    -0.6544191    -0.5458619    -0.4345311    -0.3205400    -0.2040345    -0.0851977     0.0357473     0.1585339     0.2828493     0.4083323     0.5345717     0.6611055     0.7874214     0.9129574     1.0371053     1.1592145     1.2785976     1.3945385     1.5063020     1.6131449     1.7143302     1.8091413     1.8968995     1.9769804     2.0488318     2.1119903     2.1660961     2.2109051     2.2462964     2.2722754     2.2889703     2.2966217     2.2955669     2.2862171     2.2690311     2.2444867     2.2130526     2.1751646     2.1312081     2.0815109     2.0263465     1.9659490     1.9005377     1.8303479     1.7556640     1.6768494     1.5943683     1.5087959     1.4208157     1.3312023     1.2407945     1.1504610     1.0610633     0.9734215     0.8882844     0.8063079     0.7280410     0.6539199     0.5842684
    -2.5350172    -2.5331108    -2.5299175    -2.5254132    -2.5195640    -2.5123266    -2.5036478    -2.4934648    -2.4817054    -2.4682882    -2.4531230    -2.4361116    -2.4171486    -2.3961227    -2.3729183    -2.3474173    -2.3195016    -2.2890553    -2.2559679    -2.2201366    -2.1814691    -2.1398860    -2.0953222    -2.0477276    -1.9970676    -1.9433214    -1.8864805    -1.8265462    -1.7635263    -1.6974323    -1.6282764    -1.5560692    -1.4808182    -1.4025269    -1.3211952    -1.2368201    -1.1493976    -1.0589255    -0.9654059    -0.8688492    -0.7692774    -0.6667286    -0.5612605    -0.4529548    -0.3419215    -0.2283026    -0.1122759     0.0059412     0.1260885     0.2478601     0.3709021     0.4948109     0.6191324     0.7433619     0.8669454     0.9892821     1.1097286     1.2276044     1.3421999     1.4527853     1.5586228     1.6589793     1.7531418     1.8404336     1.9202318     1.9919844     2.0552269     2.1095973     2.1548481     2.1908538     2.2176140     2.2352497     2.2439936     2.2441735     2.2361906     2.2204926     2.1975455     2.1678058     2.1316962     2.0895890     2.0417987     1.9885852     1.9301694     1.8667574     1.7985716     1.7258839     1.6490459     1.5685103     1.4848420     1.3987146     1.3108939     1.2222110     1.1335277     1.0457002     0.9595438     0.8758043     0.7951352     0.7180847     0.6450890     0.5764726
    -2.4236454    -2.4219978    -2.4192370    -2.4153405    -2.4102772    -2.4040064    -2.3964786    -2.3876349    -2.3774074    -2.3657187    -2.3524830    -2.3376055    -2.3209838    -2.3025081    -2.2820627    -2.2595274    -2.2347793    -2.2076946    -2.1781517    -2.1460331    -2.1112285    -2.0736372    -2.0331701    -1.9897519    -1.9433214    -1.8938319    -1.8412507    -1.7855569    -1.7267396    -1.6647954    -1.5997251    -1.5315319    -1.4602190    -1.3857884    -1.3082405    -1.2275740    -1.1437876    -1.0568820    -0.9668616    -0.8737390    -0.7775371    -0.6782940    -0.5760666    -0.4709345    -0.3630045    -0.2524145    -0.1393373    -0.0239846     0.0933900     0.2124875     0.3329617     0.4544167     0.5764063     0.6984341     0.8199539     0.9403729     1.0590552     1.1753276     1.2884872     1.3978102     1.5025640     1.6020202     1.6954693     1.7822373     1.8617026     1.9333137     1.9966051     2.0512130     2.0968862     2.1334947     2.1610322     2.1796125     2.1894599     2.1908929     2.1843021     2.1701240     2.1488124     2.1208109     2.0865289     2.0463252     2.0005002     1.9493000     1.8929315     1.8315869     1.7654753     1.6948557     1.6200669     1.5415500     1.4598587     1.3756563     1.2896994     1.2028108     1.1158451     1.0296525     0.9450438     0.8627609     0.7834552     0.7076736     0.6358522     0.5683167
    -2.3115591    -2.3101545    -2.3077997    -2.3044741    -2.3001483    -2.2947848    -2.2883373    -2.2807506    -2.2719608    -2.2618950    -2.2504717    -2.2376002    -2.2231818    -2.2071098    -2.1892702    -2.1695431    -2.1478035    -2.1239238    -2.0977749    -2.0692292    -2.0381627    -2.0044578    -1.9680057    -1.9287083    -1.8864805    -1.8412507    -1.7929613    -1.7415680    -1.6870390    -1.6293522    -1.5684939    -1.5044558    -1.4372332    -1.3668232    -1.2932236    -1.2164327    -1.1364500    -1.0532774    -0.9669212    -0.8773949    -0.7847223    -0.6889415    -0.5901082    -0.4883000    -0.3836207    -0.2762040    -0.1662178    -0.0538680     0.0605983     0.1768893     0.2946664     0.4135418     0.5330774     0.6527851     0.7721271     0.8905188     1.0073321     1.1219015     1.2335308     1.3415029     1.4450908     1.5435708     1.6362373     1.7224192     1.8014968     1.8729188     1.9362193     1.9910323     2.0371034     2.0742981     2.1026038     2.1221273     2.1330845     2.1357840     2.1306059     2.1179750     2.0983324     2.0721087     2.0396996     2.0014496     1.9576447     1.9085165     1.8542574     1.7950455     1.7310757     1.6625934     1.5899244     1.5134972     1.4338541     1.3516474     1.2676240     1.1825978     1.0974161     1.0129225     0.9299228     0.8491551     0.7712682     0.6968077     0.6262094     0.5597999
    -2.1985582    -2.1973839    -2.1954139    -2.1926289    -2.1890017    -2.1844971    -2.1790720    -2.1726746    -2.1652449    -2.1567142    -2.1470052    -2.1360318    -2.1236992    -2.1099046    -2.0945370    -2.0774782    -2.0586039    -2.0377847    -2.0148879    -1.9897792    -1.9623251    -1.9323953    -1.8998650    -1.8646174    -1.8265462    -1.7855569    -1.7415680    -1.6945118    -1.6443337    -1.5909913    -1.5344528    -1.4746953    -1.4117025    -1.3454631    -1.2759692    -1.2032161    -1.1272015    -1.0479271    -0.9653992    -0.8796319    -0.7906491    -0.6984882    -0.6032039    -0.5048717    -0.4035921    -0.2994950    -0.1927432    -0.0835368     0.0278837     0.1412337     0.2561823     0.3723498     0.4893067     0.6065733     0.7236205     0.8398720     0.9547082     1.0674712     1.1774723     1.2840010     1.3863363     1.4837598     1.5755700     1.6610989     1.7397287     1.8109091     1.8741736     1.9291542     1.9755935     2.0133521     2.0424119     2.0628720     2.0749397     2.0789141     2.0751641     2.0641025     2.0461578     2.0217469     1.9912512     1.9550008     1.9132667     1.8662655     1.8141747     1.7571573     1.6953937     1.6291152     1.5586338     1.4843653     1.4068393     1.3266972     1.2446752     1.1615784     1.0782456     0.9955141     0.9141839     0.8349891     0.7585759     0.6854881     0.6161613     0.5509228
