    -0.0140277    -0.0276241    -0.0403920    -0.0519973    -0.0621886    -0.0708065    -0.0777810    -0.0831220    -0.0869035    -0.0892455    -0.0902971    -0.0902218    -0.0891848    -0.0873454    -0.0848506    -0.0818330    -0.0784089    -0.0746785    -0.0707272    -0.0666267    -0.0624368    -0.0582066    -0.0539768    -0.0497802    -0.0456435    -0.0415882    -0.0376317    -0.0337874    -0.0300662    -0.0264760    -0.0230230    -0.0197115    -0.0165441    -0.0135221    -0.0106456    -0.0079134    -0.0053233    -0.0028720    -0.0005555     0.0016315     0.0036948     0.0056411     0.0074777     0.0092124     0.0108534     0.0124088     0.0138865     0.0152939     0.0166375     0.0179221     0.0191508     0.0203244     0.0214407     0.0224943     0.0234762     0.0243741     0.0251720     0.0258510     0.0263900     0.0267672     0.0269610     0.0269524     0.0267269     0.0262760     0.0255992     0.0247049     0.0236110     0.0223438     0.0209371     0.0194298     0.0178628     0.0162761     0.0147066     0.0131854     0.0117369     0.0103784     0.0091205     0.0079684     0.0069227     0.0059810     0.0051388     0.0043903     0.0037291     0.0031487     0.0026423     0.0022032     0.0018250     0.0015015     0.0012267     0.0009950     0.0008010     0.0006400     0.0005074     0.0003991     0.0003113     0.0002408     0.0001847     0.0001404     0.0001058     0.0000790
    -0.0276241    -0.0544142    -0.0796006    -0.1025324    -0.1227160    -0.1398326    -0.1537360    -0.1644345    -0.1720620    -0.1768451    -0.1790692    -0.1790504    -0.1771111    -0.1735638    -0.1686989    -0.1627790    -0.1560354    -0.1486686    -0.1408496    -0.1327224    -0.1244073    -0.1160037    -0.1075935    -0.0992433    -0.0910075    -0.0829297    -0.0750450    -0.0673813    -0.0599603    -0.0527988    -0.0459093    -0.0393006    -0.0329784    -0.0269454    -0.0212020    -0.0157460    -0.0105732    -0.0056772    -0.0010498     0.0033190     0.0074411     0.0113297     0.0149994     0.0184657     0.0217448     0.0248529     0.0278060     0.0306186     0.0333036     0.0358709     0.0383265     0.0406720     0.0429028     0.0450083     0.0469706     0.0487648     0.0503591     0.0517155     0.0527922     0.0535452     0.0539315     0.0539133     0.0534611     0.0525584     0.0512039     0.0494146     0.0472260     0.0446911     0.0418774     0.0388624     0.0357280     0.0325544     0.0294152     0.0263726     0.0234754     0.0207582     0.0182424     0.0159380     0.0138465     0.0119630     0.0102784     0.0087813     0.0074590     0.0062980     0.0052851     0.0044069     0.0036504     0.0030033     0.0024537     0.0019902     0.0016023     0.0012802     0.0010149     0.0007982     0.0006226     0.0004817     0.0003694     0.0002809     0.0002116     0.0001580
    -0.0403920    -0.0796006    -0.1165294    -0.1502444    -0.1800272    -0.2054016    -0.2261338    -0.2422102    -0.2537996    -0.2612083    -0.2648341    -0.2651248    -0.2625440    -0.2575452    -0.2505542    -0.2419585    -0.2321023    -0.2212853    -0.2097644    -0.1977572    -0.1854459    -0.1729818    -0.1604899    -0.1480723    -0.1358123    -0.1237773    -0.1120215    -0.1005878    -0.0895104    -0.0788153    -0.0685222    -0.0586452    -0.0491933    -0.0401713    -0.0315803    -0.0234174    -0.0156767    -0.0083491    -0.0014224     0.0051182     0.0112901     0.0171130     0.0226087     0.0278002     0.0327116     0.0373673     0.0417909     0.0460044     0.0500267     0.0538728     0.0575516     0.0610653     0.0644072     0.0675613     0.0705008     0.0731882     0.0755757     0.0776068     0.0792183     0.0803444     0.0809208     0.0808905     0.0802097     0.0788532     0.0768193     0.0741336     0.0708491     0.0670454     0.0628238     0.0583003     0.0535979     0.0488370     0.0441276     0.0395632     0.0352170     0.0311408     0.0273668     0.0239100     0.0207724     0.0179468     0.0154197     0.0131738     0.0111901     0.0094485     0.0079289     0.0066114     0.0054766     0.0045058     0.0036811     0.0029858     0.0024039     0.0019207     0.0015227     0.0011975     0.0009342     0.0007226     0.0005542     0.0004214     0.0003175     0.0002371
    -0.0519973    -0.1025324    -0.1502444    -0.1939618    -0.2327673    -0.2660328    -0.2934246    -0.3148814    -0.3305740    -0.3408529    -0.3461945    -0.3471487    -0.3442963    -0.3382138    -0.3294498    -0.3185089    -0.3058433    -0.2918503    -0.2768729    -0.2612033    -0.2450878    -0.2287319    -0.2123058    -0.1959497    -0.1797780    -0.1638838    -0.1483422    -0.1332133    -0.1185444    -0.1043724    -0.0907253    -0.0776231    -0.0650794    -0.0531017    -0.0416920    -0.0308478    -0.0205616    -0.0108219    -0.0016133     0.0070838     0.0152920     0.0230373     0.0303482     0.0372553     0.0437905     0.0499859     0.0558729     0.0614805     0.0668340     0.0719530     0.0768495     0.0815261     0.0859741     0.0901718     0.0940836     0.0976595     0.1008358     0.1035371     0.1056794     0.1071746     0.1079373     0.1078916     0.1069790     0.1051659     0.1024502     0.0988658     0.0944837     0.0894096     0.0837787     0.0777458     0.0714745     0.0651255     0.0588453     0.0527587     0.0469630     0.0415275     0.0364949     0.0318852     0.0277013     0.0239334     0.0205634     0.0175685     0.0149231     0.0126006     0.0105742     0.0088172     0.0073038     0.0060091     0.0049094     0.0039820     0.0032060     0.0025616     0.0020308     0.0015972     0.0012459     0.0009638     0.0007392     0.0005620     0.0004235     0.0003162
    -0.0621886    -0.1227160    -0.1800272    -0.2327673    -0.2798531    -0.3205155    -0.3543110    -0.3811054    -0.4010351    -0.4144548    -0.4218784    -0.4239221    -0.4212527    -0.4145462    -0.4044562    -0.3915926    -0.3765088    -0.3596962    -0.3415830    -0.3225370    -0.3028704    -0.2828456    -0.2626810    -0.2425577    -0.2226240    -0.2030014    -0.1837882    -0.1650634    -0.1468900    -0.1293171    -0.1123822    -0.0961130    -0.0805282    -0.0656391    -0.0514498    -0.0379583    -0.0251566    -0.0130313    -0.0015638     0.0092693     0.0194957     0.0291473     0.0382592     0.0468691     0.0550165     0.0627411     0.0700819     0.0770748     0.0837512     0.0901354     0.0962422     0.1020747     0.1076219     0.1128567     0.1177345     0.1221927     0.1261520     0.1295178     0.1321852     0.1340444     0.1349887     0.1349231     0.1337745     0.1315012     0.1281005     0.1236147     0.1181324     0.1117861     0.1047443     0.0972005     0.0893593     0.0814213     0.0735696     0.0659601     0.0587145     0.0519191     0.0456274     0.0398646     0.0346340     0.0299233     0.0257101     0.0219658     0.0186585     0.0157549     0.0132212     0.0110245     0.0091324     0.0075136     0.0061386     0.0049791     0.0040087     0.0032030     0.0025393     0.0019971     0.0015579     0.0012051     0.0009243     0.0007028     0.0005296     0.0003954
    -0.0708065    -0.1398326    -0.2054016    -0.2660328    -0.3205155    -0.3679565    -0.4077989    -0.4398147    -0.4640725    -0.4808900    -0.4907761    -0.4943720    -0.4923949    -0.4855905    -0.4746952    -0.4604083    -0.4433740    -0.4241718    -0.4033128    -0.3812403    -0.3583342    -0.3349160    -0.3112558    -0.2875783    -0.2640694    -0.2408817    -0.2181397    -0.1959439    -0.1743750    -0.1534964    -0.1333571    -0.1139937    -0.0954317    -0.0776870    -0.0607670    -0.0446712    -0.0293917    -0.0149139    -0.0012168     0.0117265     0.0239484     0.0354860     0.0463809     0.0566775     0.0664226     0.0756634     0.0844460     0.0928132     0.1008022     0.1084419     0.1157498     0.1227296     0.1293676     0.1356314     0.1414673     0.1468003     0.1515351     0.1555584     0.1587443     0.1609612     0.1620810     0.1619901     0.1606007     0.1578626     0.1537730     0.1483824     0.1417973     0.1341762     0.1257216     0.1166655     0.1072531     0.0977251     0.0883012     0.0791681     0.0704719     0.0623162     0.0547650     0.0478485     0.0415707     0.0359170     0.0308602     0.0263662     0.0223966     0.0189114     0.0158704     0.0132337     0.0109625     0.0090194     0.0073689     0.0059771     0.0048123     0.0038451     0.0030484     0.0023975     0.0018702     0.0014468     0.0011096     0.0008437     0.0006358     0.0004747
    -0.0777810    -0.1537360    -0.2261338    -0.2934246    -0.3543110    -0.4077989    -0.4532229    -0.4902481    -0.5188489    -0.5392694    -0.5519721    -0.5575812    -0.5568252    -0.5504862    -0.5393559    -0.5242026    -0.5057471    -0.4846481    -0.4614948    -0.4368044    -0.4110248    -0.3845391    -0.3576714    -0.3306939    -0.3038330    -0.2772760    -0.2511767    -0.2256600    -0.2008269    -0.1767576    -0.1535146    -0.1311449    -0.1096827    -0.0891501    -0.0695587    -0.0509106    -0.0331990    -0.0164088    -0.0005174     0.0145050     0.0286949     0.0420943     0.0547504     0.0667144     0.0780397     0.0887808     0.0989908     0.1087190     0.1180084     0.1268920     0.1353902     0.1435067     0.1512257     0.1585088     0.1652936     0.1714925     0.1769941     0.1816666     0.1853632     0.1879304     0.1892188     0.1890961     0.1874601     0.1842523     0.1794693     0.1731702     0.1654789     0.1565806     0.1467111     0.1361409     0.1251560     0.1140370     0.1030400     0.0923826     0.0822353     0.0727188     0.0639077     0.0558371     0.0485118     0.0419146     0.0360139     0.0307698     0.0261376     0.0220706     0.0185218     0.0154447     0.0127942     0.0105266     0.0086004     0.0069760     0.0056166     0.0044878     0.0035580     0.0027983     0.0021829     0.0016887     0.0012952     0.0009848     0.0007421     0.0005541
    -0.0831220    -0.1644345    -0.2422102    -0.3148814    -0.3811054    -0.4398147    -0.4902481    -0.5319617    -0.5648186    -0.5889614    -0.6047704    -0.6128131    -0.6137904    -0.6084843    -0.5977110    -0.5822832    -0.5629798    -0.5405262    -0.5155814    -0.4887328    -0.4604956    -0.4313148    -0.4015713    -0.3715874    -0.3416336    -0.3119352    -0.2826787    -0.2540168    -0.2260734    -0.1989482    -0.1727194    -0.1474472    -0.1231755    -0.0999344    -0.0777414    -0.0566021    -0.0365121    -0.0174568     0.0005873     0.0176522     0.0337776     0.0490100     0.0634019     0.0770104     0.0898956     0.1021185     0.1137390     0.1248128     0.1353882     0.1455024     0.1551783     0.1644196     0.1732079     0.1814994     0.1892224     0.1962769     0.2025356     0.2078479     0.2120462     0.2149552     0.2164046     0.2162430     0.2143540     0.2106707     0.2051894     0.1979775     0.1891767     0.1789983     0.1677116     0.1556258     0.1430671     0.1303560     0.1177852     0.1056031     0.0940042     0.0831265     0.0730551     0.0638302     0.0554570     0.0479159     0.0411710     0.0351765     0.0298813     0.0252322     0.0211754     0.0176577     0.0146277     0.0120353     0.0098331     0.0079760     0.0064218     0.0051312     0.0040681     0.0031996     0.0024960     0.0019309     0.0014810     0.0011260     0.0008485     0.0006336
    -0.0869035    -0.1720620    -0.2537996    -0.3305740    -0.4010351    -0.4640725    -0.5188489    -0.5648186    -0.6017284    -0.6296020    -0.6487107    -0.6595318    -0.6627020    -0.6589669    -0.6491348    -0.6340341    -0.6144794    -0.5912460    -0.5650518    -0.5365473    -0.5063111    -0.4748501    -0.4426026    -0.4099436    -0.3771905    -0.3446103    -0.3124252    -0.2808190    -0.2499420    -0.2199159    -0.1908374    -0.1627817    -0.1358051    -0.1099474    -0.0852332    -0.0616735    -0.0392672    -0.0180014     0.0021474     0.0212124     0.0392359     0.0562681     0.0723664     0.0875932     0.1020147     0.1156982     0.1287100     0.1411117     0.1529567     0.1642864     0.1751256     0.1854781     0.1953229     0.2046104     0.2132597     0.2211584     0.2281632     0.2341049     0.2387950     0.2420366     0.2436383     0.2434301     0.2412811     0.2371163     0.2309314     0.2228023     0.2128884     0.2014271     0.1887211     0.1751179     0.1609843     0.1466804     0.1325352     0.1188280     0.1057773     0.0935382     0.0822063     0.0718268     0.0624055     0.0539205     0.0463311     0.0395860     0.0336276     0.0283961     0.0238310     0.0198726     0.0164627     0.0135454     0.0110670     0.0089771     0.0072279     0.0057754     0.0045789     0.0036013     0.0028094     0.0021733     0.0016670     0.0012674     0.0009551     0.0007132
    -0.0892455    -0.1768451    -0.2612083    -0.3408529    -0.4144548    -0.4808900    -0.5392694    -0.5889614    -0.6296020    -0.6610908    -0.6835738    -0.6974136    -0.7031519    -0.7014650    -0.6931196    -0.6789302    -0.6597214    -0.6362976    -0.6094205    -0.5797931    -0.5480518    -0.5147617    -0.4804185    -0.4454506    -0.4102251    -0.3750530    -0.3401959    -0.3058718    -0.2722605    -0.2395087    -0.2077346    -0.1770308    -0.1474683    -0.1190982    -0.0919545    -0.0660549    -0.0414030    -0.0179889     0.0042098     0.0252267     0.0451057     0.0639002     0.0816714     0.0984867     0.1144178     0.1295380     0.1439193     0.1576290     0.1707254     0.1832534     0.1952399     0.2066887     0.2175757     0.2278455     0.2374081     0.2461384     0.2538774     0.2604371     0.2656084     0.2691727     0.2709175     0.2706544     0.2682380     0.2635852     0.2566913     0.2476406     0.2366099     0.2238630     0.2097357     0.1946137     0.1789043     0.1630071     0.1472873     0.1320548     0.1175523     0.1039519     0.0913596     0.0798256     0.0693563     0.0599273     0.0514935     0.0439976     0.0373759     0.0315619     0.0264884     0.0220890     0.0182991     0.0150566     0.0123020     0.0099790     0.0080347     0.0064202     0.0050901     0.0040035     0.0031231     0.0024161     0.0018532     0.0014090     0.0010618     0.0007929
    -0.0902971    -0.1790692    -0.2648341    -0.3461945    -0.4218784    -0.4907761    -0.5519721    -0.6047704    -0.6487107    -0.6835738    -0.7093759    -0.7263509    -0.7349231    -0.7356717    -0.7292918    -0.7165535    -0.6982637    -0.6752327    -0.6482466    -0.6180476    -0.5853196    -0.5506807    -0.5146809    -0.4778019    -0.4404612    -0.4030165    -0.3657711    -0.3289805    -0.2928569    -0.2575755    -0.2232781    -0.1900780    -0.1580630    -0.1272979    -0.0978277    -0.0696788    -0.0428610    -0.0173686     0.0068183     0.0297327     0.0514194     0.0719338     0.0913403     0.1097107     0.1271216     0.1436515     0.1593781     0.1743737     0.1887012     0.2024088     0.2155251     0.2280536     0.2399671     0.2512044     0.2616661     0.2712146     0.2796750     0.2868407     0.2924817     0.2963581     0.2982365     0.2979098     0.2952184     0.2900710     0.2824627     0.2724860     0.2603352     0.2463001     0.2307499     0.2141081     0.1968224     0.1793318     0.1620375     0.1452802     0.1293263     0.1143650     0.1005127     0.0878246     0.0763076     0.0659348     0.0566567     0.0484102     0.0411254     0.0347289     0.0291468     0.0243064     0.0201365     0.0165688     0.0135378     0.0109816     0.0088421     0.0070654     0.0056018     0.0044060     0.0034372     0.0026591     0.0020396     0.0015508     0.0011686     0.0008727
    -0.0902218    -0.1790504    -0.2651248    -0.3471487    -0.4239221    -0.4943720    -0.5575812    -0.6128131    -0.6595318    -0.6974136    -0.7263509    -0.7464454    -0.7579915    -0.7614517    -0.7574239    -0.7466063    -0.7297606    -0.7076772    -0.6811455    -0.6509285    -0.6177451    -0.5822577    -0.5450648    -0.5066992    -0.4676282    -0.4282569    -0.3889330    -0.3499515    -0.3115603    -0.2739654    -0.2373360    -0.2018081    -0.1674888    -0.1344593    -0.1027776    -0.0724805    -0.0435857    -0.0160932     0.0100132     0.0347644     0.0582052     0.0803922     0.1013923     0.1212806     0.1401381     0.1580480     0.1750931     0.1913502     0.2068865     0.2217531     0.2359802     0.2495705     0.2624938     0.2746826     0.2860283     0.2963807     0.3055489     0.3133078     0.3194067     0.3235843     0.3255864     0.3251872     0.3222131     0.3165648     0.3082366     0.2973298     0.2840558     0.2687305     0.2517561     0.2335942     0.2147322     0.1956487     0.1767807     0.1584993     0.1410950     0.1247738     0.1096625     0.0958210     0.0832571     0.0719411     0.0618192     0.0528225     0.0448747     0.0378959     0.0318056     0.0265242     0.0219743     0.0180814     0.0147739     0.0119846     0.0096499     0.0077110     0.0061138     0.0048087     0.0037514     0.0029022     0.0022261     0.0016926     0.0012755     0.0009525
    -0.0891848    -0.1771111    -0.2625440    -0.3442963    -0.4212527    -0.4923949    -0.5568252    -0.6137904    -0.6627020    -0.7031519    -0.7349231    -0.7579915    -0.7725199    -0.7788425    -0.7774426    -0.7689234    -0.7539757    -0.7333449    -0.7077997    -0.6781042    -0.6449961    -0.6091693    -0.5712632    -0.5318560    -0.4914626    -0.4505353    -0.4094665    -0.3685930    -0.3282006    -0.2885291    -0.2497773    -0.2121069    -0.1756471    -0.1404975    -0.1067313    -0.0743979    -0.0435246    -0.0141187     0.0138307     0.0403516     0.0654873     0.0892945     0.1118418     0.1332070     0.1534744     0.1727318     0.1910658     0.2085579     0.2252787     0.2412821     0.2565993     0.2712322     0.2851473     0.2982707     0.3104845     0.3216257     0.3314877     0.3398265     0.3463711     0.3508388     0.3529544     0.3524739     0.3492096     0.3430541     0.3340012     0.3221605     0.3077609     0.2911440     0.2727449     0.2530629     0.2326255     0.2119503     0.1915101     0.1717063     0.1528533     0.1351737     0.1188048     0.1038114     0.0902016     0.0779435     0.0669786     0.0572325     0.0486224     0.0410618     0.0344635     0.0287415     0.0238118     0.0195938     0.0160100     0.0129876     0.0104577     0.0083567     0.0066258     0.0052116     0.0040657     0.0031454     0.0024127     0.0018345     0.0013825     0.0010324
    -0.0873454    -0.1735638    -0.2575452    -0.3382138    -0.4145462    -0.4855905    -0.5504862    -0.6084843    -0.6589669    -0.7014650    -0.7356717    -0.7614517    -0.7788425    -0.7880492    -0.7894305    -0.7834785    -0.7707923    -0.7520485    -0.7279717    -0.6993052    -0.6667865    -0.6311262    -0.5929928    -0.5530023    -0.5117123    -0.4696197    -0.4271613    -0.3847163    -0.3426101    -0.3011186    -0.2604725    -0.2208621    -0.1824409    -0.1453294    -0.1096185    -0.0753719    -0.0426285    -0.0114048     0.0183036     0.0465200     0.0732852     0.0986550     0.1226986     0.1454954     0.1671328     0.1877017     0.2072926     0.2259907     0.2438697     0.2609860     0.2773713     0.2930263     0.3079141     0.3219543     0.3350196     0.3469339     0.3574750     0.3663803     0.3733582     0.3781047     0.3803239     0.3797537     0.3761919     0.3695233     0.3597414     0.3469639     0.3314369     0.3135277     0.2937043     0.2725034     0.2504923     0.2282275     0.2062175     0.1848939     0.1645945     0.1455589     0.1279346     0.1117912     0.0971374     0.0839388     0.0721322     0.0616378     0.0523663     0.0442247     0.0371192     0.0309570     0.0256481     0.0211052     0.0172455     0.0139901     0.0112652     0.0090021     0.0071377     0.0056143     0.0043800     0.0033886     0.0025992     0.0019764     0.0014894     0.0011122
    -0.0848506    -0.1686989    -0.2505542    -0.3294498    -0.4044562    -0.4746952    -0.5393559    -0.5977110    -0.6491348    -0.6931196    -0.7292918    -0.7574239    -0.7774426    -0.7894305    -0.7936213    -0.7903871    -0.7802204    -0.7637100    -0.7415145    -0.7143345    -0.6828870    -0.6478815    -0.6100016    -0.5698902    -0.5281401    -0.4852883    -0.4418135    -0.3981369    -0.3546239    -0.3115880    -0.2692942    -0.2279631    -0.1877752    -0.1488744    -0.1113712    -0.0753461    -0.0408515    -0.0079148     0.0234603     0.0532910     0.0816140     0.1084832     0.1339672     0.1581463     0.1811098     0.2029512     0.2237642     0.2436370     0.2626461     0.2808493     0.2982792     0.3149347     0.3307752     0.3457137     0.3596130     0.3722845     0.3834898     0.3929479     0.4003468     0.4053610     0.4076742     0.4070059     0.4031401     0.3959533     0.3854388     0.3717223     0.3550671     0.3358662     0.3146199     0.2919024     0.2683205     0.2444694     0.2208930     0.1980530     0.1763107     0.1559224     0.1370458     0.1197551     0.1040599     0.0899229     0.0772767     0.0660356     0.0561042     0.0473828     0.0397709     0.0331695     0.0274818     0.0226148     0.0184794     0.0149915     0.0120718     0.0096469     0.0076491     0.0060166     0.0046940     0.0036315     0.0027856     0.0021181     0.0015963     0.0011920
    -0.0818330    -0.1627790    -0.2419585    -0.3185089    -0.3915926    -0.4604083    -0.5242026    -0.5822832    -0.6340341    -0.6789302    -0.7165535    -0.7466063    -0.7689234    -0.7834785    -0.7903871    -0.7899012    -0.7823988    -0.7683672    -0.7483811    -0.7230784    -0.6931350    -0.6592405    -0.6220769    -0.5823008    -0.5405298    -0.4973339    -0.4532294    -0.4086769    -0.3640816    -0.3197947    -0.2761168    -0.2333011    -0.1915570    -0.1510537    -0.1119241    -0.0742671    -0.0381509    -0.0036154     0.0293255     0.0606815     0.0904841     0.1187837     0.1456471     0.1711547     0.1953966     0.2184683     0.2404657     0.2614794     0.2815881     0.3008510     0.3193004     0.3369337     0.3537058     0.3695232     0.3842389     0.3976511     0.4095056     0.4195029     0.4273104     0.4325817     0.4349797     0.4342059     0.4300301     0.4223210     0.4110713     0.3964148     0.3786320     0.3581410     0.3354746     0.3112442     0.2860957     0.2606628     0.2355248     0.2111732     0.1879926     0.1662559     0.1461310     0.1276969     0.1109634     0.0958910     0.0824078     0.0704223     0.0598329     0.0505334     0.0424167     0.0353772     0.0293118     0.0241213     0.0197110     0.0159910     0.0128770     0.0102906     0.0081596     0.0064183     0.0050075     0.0038741     0.0029718     0.0022597     0.0017030     0.0012717
    -0.0784089    -0.1560354    -0.2321023    -0.3058433    -0.3765088    -0.4433740    -0.5057471    -0.5629798    -0.6144794    -0.6597214    -0.6982637    -0.7297606    -0.7539757    -0.7707923    -0.7802204    -0.7823988    -0.7775910    -0.7661755    -0.7486307    -0.7255151    -0.6974447    -0.6650702    -0.6290542    -0.5900512    -0.5486915    -0.5055681    -0.4612282    -0.4161676    -0.3708288    -0.3256002    -0.2808184    -0.2367702    -0.1936955    -0.1517913    -0.1112143    -0.0720842    -0.0344870     0.0015230     0.0359200     0.0687046     0.0999014     0.1295560     0.1577327     0.1845102     0.2099788     0.2342349     0.2573759     0.2794944     0.3006702     0.3209635     0.3404061     0.3589931     0.3766752     0.3933515     0.4088653     0.4230016     0.4354904     0.4460134     0.4542178     0.4597359     0.4622103     0.4613242     0.4568337     0.4485992     0.4366130     0.4210170     0.4021084     0.3803307     0.3562485     0.3305104     0.3038010     0.2767926     0.2500992     0.2242421     0.1996293     0.1765499     0.1551819     0.1356091     0.1178417     0.1018378     0.0875209     0.0747940     0.0635492     0.0536737     0.0450541     0.0375780     0.0311362     0.0256235     0.0209391     0.0169877     0.0136800     0.0109325     0.0086688     0.0068190     0.0053202     0.0041162     0.0031575     0.0024009     0.0018094     0.0013513
    -0.0746785    -0.1486686    -0.2212853    -0.2918503    -0.3596962    -0.4241718    -0.4846481    -0.5405262    -0.5912460    -0.6362976    -0.6752327    -0.7076772    -0.7333449    -0.7520485    -0.7637100    -0.7683672    -0.7661755    -0.7574048    -0.7424307    -0.7217204    -0.6958150    -0.6653082    -0.6308257    -0.5930033    -0.5524692    -0.5098275    -0.4656472    -0.4204528    -0.3747199    -0.3288721    -0.2832810    -0.2382672    -0.1941027    -0.1510132    -0.1091812    -0.0687495    -0.0298232     0.0075266     0.0432607     0.0773688     0.1098672     0.1407953     0.1702131     0.1981971     0.2248364     0.2502274     0.2744683     0.2976524     0.3198607     0.3411534     0.3615613     0.3810770     0.3996463     0.4171611     0.4334544     0.4482983     0.4614064     0.4724421     0.4810321     0.4867876     0.4893308     0.4883269     0.4835179     0.4747564     0.4620340     0.4455005     0.4254699     0.4024104     0.3769187     0.3496799     0.3214174     0.2928413     0.2646005     0.2372458     0.2112082     0.1867931     0.1641886     0.1434830     0.1246872     0.1077566     0.0926104     0.0791459     0.0672490     0.0568004     0.0476802     0.0397696     0.0329532     0.0271196     0.0221623     0.0179807     0.0144799     0.0115721     0.0091762     0.0072183     0.0056318     0.0043573     0.0033425     0.0025417     0.0019156     0.0014305
    -0.0707272    -0.1408496    -0.2097644    -0.2768729    -0.3415830    -0.4033128    -0.4614948    -0.5155814    -0.5650518    -0.6094205    -0.6482466    -0.6811455    -0.7077997    -0.7279717    -0.7415145    -0.7483811    -0.7486307    -0.7424307    -0.7300539    -0.7118703    -0.6883349    -0.6599707    -0.6273494    -0.5910718    -0.5517479    -0.5099798    -0.4663464    -0.4213927    -0.3756210    -0.3294859    -0.2833922    -0.2376934    -0.1926935    -0.1486480    -0.1057670    -0.0642174    -0.0241257     0.0144187     0.0513613     0.0866793     0.1203788     0.1524919     0.1830728     0.2121946     0.2399440     0.2664164     0.2917100     0.3159181     0.3391219     0.3613810     0.3827249     0.4031430     0.4225761     0.4409084     0.4579625     0.4734972     0.4872101     0.4987457     0.5077107     0.5136951     0.5163008     0.5151748     0.5100452     0.5007567     0.4873002     0.4698332     0.4486861     0.4243520     0.3974591     0.3687287     0.3389228     0.3087890     0.2790108     0.2501681     0.2227150     0.1969729     0.1731400     0.1513091     0.1314916     0.1136403     0.0976701     0.0834727     0.0709277     0.0599096     0.0502919     0.0419494     0.0347605     0.0286079     0.0233793     0.0189686     0.0152759     0.0122086     0.0096812     0.0076157     0.0059420     0.0045974     0.0035267     0.0026818     0.0020212     0.0015094
    -0.0666267    -0.1327224    -0.1977572    -0.2612033    -0.3225370    -0.3812403    -0.4368044    -0.4887328    -0.5365473    -0.5797931    -0.6180476    -0.6509285    -0.6781042    -0.6993052    -0.7143345    -0.7230784    -0.7255151    -0.7217204    -0.7118703    -0.6962378    -0.6751863    -0.6491574    -0.6186560    -0.5842320    -0.5464621    -0.5059310    -0.4632151    -0.4188689    -0.3734133    -0.3273281    -0.2810471    -0.2349549    -0.1893865    -0.1446275    -0.1009161    -0.0584448    -0.0173631     0.0222198     0.0602323     0.0966374     0.1314297     0.1646319     0.1962917     0.2264770     0.2552710     0.2827674     0.3090628     0.3342502     0.3584099     0.3816006     0.4038496     0.4251427     0.4454151     0.4645434     0.4823394     0.4985484     0.5128518     0.5248755     0.5342058     0.5404116     0.5430746     0.5418237     0.5363732     0.5265596     0.5123730     0.4939785     0.4717230     0.4461237     0.4178403     0.3876299     0.3562925     0.3246133     0.2933098     0.2629910     0.2341335     0.2070751     0.1820236     0.1590764     0.1382452     0.1194806     0.1026928     0.0877682     0.0745803     0.0629970     0.0528855     0.0441143     0.0365557     0.0300863     0.0245883     0.0199501     0.0160669     0.0128411     0.0101830     0.0080106     0.0062503     0.0048360     0.0037099     0.0028211     0.0021262     0.0015879
    -0.0624368    -0.1244073    -0.1854459    -0.2450878    -0.3028704    -0.3583342    -0.4110248    -0.4604956    -0.5063111    -0.5480518    -0.5853196    -0.6177451    -0.6449961    -0.6667865    -0.6828870    -0.6931350    -0.6974447    -0.6958150    -0.6883349    -0.6751863    -0.6566407    -0.6330538    -0.6048536    -0.5725269    -0.5366023    -0.4976326    -0.4561780    -0.4127899    -0.3679978    -0.3222991    -0.2761508    -0.2299649    -0.1841052    -0.1388867    -0.0945756    -0.0513909    -0.0095062     0.0309481     0.0698817     0.1072418     0.1430099     0.1771981     0.2098456     0.2410141     0.2707823     0.2992405     0.3264833     0.3526020     0.3776755     0.4017606     0.4248820     0.4470214     0.4681081     0.4880103     0.5065290     0.5233959     0.5382760     0.5507765     0.5604634     0.5668845     0.5696012     0.5682244     0.5624544     0.5521197     0.5372094     0.5178961     0.4945424     0.4676901     0.4380295     0.4063532     0.3734991     0.3402893     0.3074750     0.2756942     0.2454459     0.2170838     0.1908253     0.1667724     0.1449374     0.1252682     0.1076707     0.0920258     0.0782009     0.0660577     0.0554569     0.0462610     0.0383359     0.0315526     0.0257875     0.0209238     0.0168515     0.0134686     0.0106808     0.0084025     0.0065562     0.0050728     0.0038916     0.0029594     0.0022304     0.0016657
    -0.0582066    -0.1160037    -0.1729818    -0.2287319    -0.2828456    -0.3349160    -0.3845391    -0.4313148    -0.4748501    -0.5147617    -0.5506807    -0.5822577    -0.6091693    -0.6311262    -0.6478815    -0.6592405    -0.6650702    -0.6653082    -0.6599707    -0.6491574    -0.6330538    -0.6119290    -0.5861300    -0.5560713    -0.5222217    -0.4850887    -0.4452019    -0.4030969    -0.3593005    -0.3143176    -0.2686213    -0.2226453    -0.1767791    -0.1313647    -0.0866956    -0.0430172    -0.0005277     0.0406198     0.0803154     0.1184888     0.1551069     0.1901699     0.2237069     0.2557721     0.2864383     0.3157915     0.3439231     0.3709217     0.3968639     0.4218041     0.4457633     0.4687189     0.4905937     0.5112472     0.5304694     0.5479779     0.5634213     0.5763882     0.5864240     0.5930556     0.5958240     0.5943221     0.5882364     0.5773868     0.5617617     0.5415408     0.5171024     0.4890119     0.4579903     0.4248654     0.3905120     0.3557892     0.3214815     0.2882554     0.2566322     0.2269812     0.1995296     0.1743838     0.1515564     0.1309929     0.1125949     0.0962378     0.0817831     0.0690863     0.0580016     0.0483856     0.0400980     0.0330041     0.0269747     0.0218878     0.0176285     0.0140900     0.0111739     0.0087906     0.0068592     0.0053074     0.0040716     0.0030963     0.0023337     0.0017429
    -0.0539768    -0.1075935    -0.1604899    -0.2123058    -0.2626810    -0.3112558    -0.3576714    -0.4015713    -0.4426026    -0.4804185    -0.5146809    -0.5450648    -0.5712632    -0.5929928    -0.6100016    -0.6220769    -0.6290542    -0.6308257    -0.6273494    -0.6186560    -0.6048536    -0.5861300    -0.5627510    -0.5350543    -0.5034407    -0.4683611    -0.4303020    -0.3897704    -0.3472773    -0.3033248    -0.2583928    -0.2129299    -0.1673457    -0.1220060    -0.0772296    -0.0332874     0.0095978     0.0512498     0.0915378     0.1303731     0.1677065     0.2035245     0.2378455     0.2707141     0.3021964     0.3323726     0.3613298     0.3891531     0.4159159     0.4416690     0.4664296     0.4901698     0.5128054     0.5341870     0.5540929     0.5722269     0.5882208     0.6016444     0.6120226     0.6188613     0.6216812     0.6200572     0.6136616     0.6023061     0.5859779     0.5648634     0.5393566     0.5100461     0.4776829     0.4431296     0.4072978     0.3710826     0.3353019     0.3006501     0.2676705     0.2367481     0.2081195     0.1818955     0.1580891     0.1366434     0.1174557     0.1003960     0.0853199     0.0720767     0.0605147     0.0504839     0.0418386     0.0344380     0.0281477     0.0228403     0.0183962     0.0147041     0.0116613     0.0091743     0.0071587     0.0055393     0.0042496     0.0032318     0.0024358     0.0018192
    -0.0497802    -0.0992433    -0.1480723    -0.1959497    -0.2425577    -0.2875783    -0.3306939    -0.3715874    -0.4099436    -0.4454506    -0.4778019    -0.5066992    -0.5318560    -0.5530023    -0.5698902    -0.5823008    -0.5900512    -0.5930033    -0.5910718    -0.5842320    -0.5725269    -0.5560713    -0.5350543    -0.5097372    -0.4804482    -0.4475740    -0.4115477    -0.3728352    -0.3319202    -0.2892897    -0.2454204    -0.2007670    -0.1557526    -0.1107617    -0.0661353    -0.0221677     0.0208943     0.0628520     0.1035527     0.1428885     0.1807931     0.2172382     0.2522294     0.2858013     0.3180113     0.3489330     0.3786479     0.4072366     0.4347681     0.4612893     0.4868124     0.5113037     0.5346715     0.5567570     0.5773268     0.5960701     0.6126021     0.6264735     0.6371888     0.6442328     0.6471057     0.6453646     0.6386675     0.6268177     0.6098009     0.5878102     0.5612545     0.5307456     0.4970638     0.4611059     0.4238199     0.3861365     0.3489062     0.3128513     0.2785369     0.2463632     0.2165762     0.1892911     0.1645213     0.1422073     0.1222425     0.1044913     0.0888036     0.0750227     0.0629905     0.0525514     0.0435537     0.0358511     0.0293038     0.0237793     0.0191531     0.0153096     0.0121418     0.0095526     0.0074541     0.0057680     0.0044252     0.0033653     0.0025365     0.0018944
    -0.0456435    -0.0910075    -0.1358123    -0.1797780    -0.2226240    -0.2640694    -0.3038330    -0.3416336    -0.3771905    -0.4102251    -0.4404612    -0.4676282    -0.4914626    -0.5117123    -0.5281401    -0.5405298    -0.5486915    -0.5524692    -0.5517479    -0.5464621    -0.5366023    -0.5222217    -0.5034407    -0.4804482    -0.4535003    -0.4229153    -0.3890656    -0.3523663    -0.3132623    -0.2722142    -0.2296842    -0.1861234    -0.1419602    -0.0975917    -0.0533759    -0.0096277     0.0333845     0.0754395     0.1163636     0.1560291     0.1943514     0.2312865     0.2668263     0.3009937     0.3338365     0.3654201     0.3958196     0.4251097     0.4533544     0.4805955     0.5068396     0.5320464     0.5561164     0.5788807     0.6000936     0.6194300     0.6364879     0.6507990     0.6618470     0.6690959     0.6720254     0.6701744     0.6631867     0.6508571     0.6331693     0.6103231     0.5827418     0.5510595     0.5160858     0.4787509     0.4400386     0.4009147     0.3622620     0.3248301     0.2892054     0.2558035     0.2248795     0.1965530     0.1708375     0.1476715     0.1269437     0.1085139     0.0922258     0.0779169     0.0654232     0.0545832     0.0452394     0.0372402     0.0304403     0.0247024     0.0198974     0.0159050     0.0126144     0.0099247     0.0077447     0.0059930     0.0045979     0.0034967     0.0026356     0.0019685
    -0.0415882    -0.0829297    -0.1237773    -0.1638838    -0.2030014    -0.2408817    -0.2772760    -0.3119352    -0.3446103    -0.3750530    -0.4030165    -0.4282569    -0.4505353    -0.4696197    -0.4852883    -0.4973339    -0.5055681    -0.5098275    -0.5099798    -0.5059310    -0.4976326    -0.4850887    -0.4683611    -0.4475740    -0.4229153    -0.3946352    -0.3630416    -0.3284918    -0.2913827    -0.2521379    -0.2111941    -0.1689885    -0.1259455    -0.0824668    -0.0389216     0.0043593     0.0470887     0.0890253     0.1299748     0.1697897     0.2083671     0.2456463     0.2816046     0.3162519     0.3496252     0.3817809     0.4127860     0.4427087     0.4716068     0.4995159     0.5264365     0.5523209     0.5770610     0.6004774     0.6223121     0.6422249     0.6597966     0.6745397     0.6859173     0.6933721     0.6963635     0.6944120     0.6871473     0.6743551     0.6560174     0.6323397     0.6037597     0.5709332     0.5346982     0.4960180     0.4559113     0.4153785     0.3753342     0.3365549     0.2996481     0.2650442     0.2330077     0.2036619     0.1770212     0.1530213     0.1315471     0.1124531     0.0955775     0.0807518     0.0678064     0.0565738     0.0468912     0.0386014     0.0315542     0.0256073     0.0206270     0.0164887     0.0130778     0.0102896     0.0080296     0.0062136     0.0047673     0.0036256     0.0027328     0.0020411
    -0.0376317    -0.0750450    -0.1120215    -0.1483422    -0.1837882    -0.2181397    -0.2511767    -0.2826787    -0.3124252    -0.3401959    -0.3657711    -0.3889330    -0.4094665    -0.4271613    -0.4418135    -0.4532294    -0.4612282    -0.4656472    -0.4663464    -0.4632151    -0.4561780    -0.4452019    -0.4303020    -0.4115477    -0.3890656    -0.3630416    -0.3337189    -0.3013941    -0.2664093    -0.2291423    -0.1899945    -0.1493786    -0.1077053    -0.0653719    -0.0227517     0.0198147     0.0620254     0.1036219     0.1443913     0.1841670     0.2228281     0.2602968     0.2965347     0.3315382     0.3653325     0.3979634     0.4294892     0.4599701     0.4894568     0.5179781     0.5455270     0.5720481     0.5974240     0.6214643     0.6438981     0.6643699     0.6824432     0.6976109     0.7093156     0.7169785     0.7200387     0.7179984     0.7104727     0.6972383     0.6782749     0.6537936     0.6242456     0.5903080     0.5528467     0.5128570     0.4713921     0.4294863     0.3880853     0.3479921     0.3098350     0.2740589     0.2409372     0.2105975     0.1830544     0.1582413     0.1360392     0.1162974     0.0988488     0.0835191     0.0701330     0.0585176     0.0485043     0.0399310     0.0326424     0.0264914     0.0213399     0.0170592     0.0135307     0.0106462     0.0083081     0.0064293     0.0049329     0.0037517     0.0028279     0.0021121
    -0.0337874    -0.0673813    -0.1005878    -0.1332133    -0.1650634    -0.1959439    -0.2256600    -0.2540168    -0.2808190    -0.3058718    -0.3289805    -0.3499515    -0.3685930    -0.3847163    -0.3981369    -0.4086769    -0.4161676    -0.4204528    -0.4213927    -0.4188689    -0.4127899    -0.4030969    -0.3897704    -0.3728352    -0.3523663    -0.3284918    -0.3013941    -0.2713087    -0.2385200    -0.2033536    -0.1661676    -0.1273407    -0.0872600    -0.0463092    -0.0048571     0.0367527     0.0782094     0.1192412     0.1596194     0.1991604     0.2377256     0.2752204     0.3115907     0.3468186     0.3809163     0.4139184     0.4458731     0.4768319     0.5068373     0.5359100     0.5640352     0.5911488     0.6171232     0.6417569     0.6647654     0.6857777     0.7043397     0.7199248     0.7319544     0.7398289     0.7429664     0.7408508     0.7330826     0.7194293     0.6998679     0.6746144     0.6441332     0.6091220     0.5704736     0.5292148     0.4864324     0.4431939     0.4004755     0.3591060     0.3197341     0.2828192     0.2486432     0.2173379     0.1889181     0.1633151     0.1404059     0.1200349     0.1020296     0.0862102     0.0723959     0.0604082     0.0500736     0.0412246     0.0337012     0.0273518     0.0220338     0.0176145     0.0139716     0.0109935     0.0085794     0.0066394     0.0050941     0.0038744     0.0029204     0.0021813
