    -0.0000153    -0.0000596    -0.0001281    -0.0002138    -0.0003088    -0.0004050    -0.0004958    -0.0005759    -0.0006422    -0.0006933    -0.0007294    -0.0007515    -0.0007616    -0.0007617    -0.0007540    -0.0007405    -0.0007229    -0.0007027    -0.0006810    -0.0006587    -0.0006363    -0.0006145    -0.0005933    -0.0005731    -0.0005538    -0.0005354    -0.0005180    -0.0005014    -0.0004855    -0.0004703    -0.0004557    -0.0004417    -0.0004280    -0.0004147    -0.0004017    -0.0003889    -0.0003763    -0.0003639    -0.0003516    -0.0003393    -0.0003269    -0.0003145    -0.0003018    -0.0002887    -0.0002752    -0.0002610    -0.0002459    -0.0002297    -0.0002122    -0.0001930    -0.0001720    -0.0001489    -0.0001236    -0.0000958    -0.0000656    -0.0000331     0.0000015     0.0000379     0.0000755     0.0001134     0.0001509     0.0001870     0.0002205     0.0002504     0.0002757     0.0002955     0.0003094     0.0003171     0.0003187     0.0003145     0.0003053     0.0002918     0.0002752     0.0002562     0.0002360     0.0002153     0.0001946     0.0001745     0.0001553     0.0001373     0.0001205     0.0001050     0.0000909     0.0000781     0.0000666     0.0000564     0.0000474     0.0000396     0.0000328     0.0000269     0.0000219     0.0000177     0.0000142     0.0000113     0.0000089     0.0000069     0.0000054     0.0000041     0.0000031     0.0000023
    -0.0000596    -0.0002320    -0.0004990    -0.0008340    -0.0012062    -0.0015848    -0.0019432    -0.0022614    -0.0025263    -0.0027322    -0.0028791    -0.0029711    -0.0030152    -0.0030196    -0.0029925    -0.0029419    -0.0028745    -0.0027963    -0.0027116    -0.0026242    -0.0025364    -0.0024502    -0.0023667    -0.0022865    -0.0022099    -0.0021370    -0.0020677    -0.0020016    -0.0019385    -0.0018780    -0.0018199    -0.0017637    -0.0017091    -0.0016560    -0.0016041    -0.0015531    -0.0015029    -0.0014533    -0.0014041    -0.0013549    -0.0013056    -0.0012559    -0.0012052    -0.0011531    -0.0010990    -0.0010423    -0.0009820    -0.0009172    -0.0008471    -0.0007706    -0.0006867    -0.0005944    -0.0004930    -0.0003821    -0.0002615    -0.0001314     0.0000071     0.0001525     0.0003026     0.0004545     0.0006045     0.0007486     0.0008825     0.0010020     0.0011030     0.0011825     0.0012381     0.0012689     0.0012751     0.0012583     0.0012213     0.0011674     0.0011007     0.0010251     0.0009442     0.0008612     0.0007785     0.0006982     0.0006214     0.0005492     0.0004820     0.0004201     0.0003635     0.0003124     0.0002665     0.0002258     0.0001898     0.0001583     0.0001311     0.0001076     0.0000877     0.0000709     0.0000568     0.0000451     0.0000355     0.0000277     0.0000214     0.0000164     0.0000125     0.0000094
    -0.0001281    -0.0004990    -0.0010750    -0.0018003    -0.0026098    -0.0034382    -0.0042280    -0.0049348    -0.0055294    -0.0059973    -0.0063370    -0.0065563    -0.0066693    -0.0066931    -0.0066457    -0.0065442    -0.0064038    -0.0062373    -0.0060551    -0.0058652    -0.0056735    -0.0054842    -0.0053001    -0.0051227    -0.0049530    -0.0047910    -0.0046366    -0.0044893    -0.0043484    -0.0042132    -0.0040831    -0.0039572    -0.0038351    -0.0037161    -0.0035996    -0.0034853    -0.0033727    -0.0032614    -0.0031508    -0.0030405    -0.0029299    -0.0028182    -0.0027045    -0.0025876    -0.0024662    -0.0023387    -0.0022033    -0.0020579    -0.0019004    -0.0017285    -0.0015399    -0.0013326    -0.0011048    -0.0008554    -0.0005842    -0.0002919     0.0000195     0.0003464     0.0006839     0.0010253     0.0013625     0.0016865     0.0019876     0.0022562     0.0024834     0.0026621     0.0027870     0.0028560     0.0028698     0.0028320     0.0027485     0.0026273     0.0024772     0.0023069     0.0021248     0.0019379     0.0017519     0.0015711     0.0013984     0.0012358     0.0010846     0.0009452     0.0008180     0.0007030     0.0005998     0.0005080     0.0004270     0.0003563     0.0002949     0.0002422     0.0001973     0.0001594     0.0001277     0.0001015     0.0000799     0.0000624     0.0000482     0.0000370     0.0000281     0.0000211
    -0.0002138    -0.0008340    -0.0018003    -0.0030230    -0.0043961    -0.0058123    -0.0071753    -0.0084084    -0.0094594    -0.0103003    -0.0109248    -0.0113428    -0.0115758    -0.0116515    -0.0115996    -0.0114491    -0.0112264    -0.0109539    -0.0106501    -0.0103295    -0.0100028    -0.0096779    -0.0093600    -0.0090525    -0.0087570    -0.0084741    -0.0082037    -0.0079451    -0.0076974    -0.0074593    -0.0072298    -0.0070077    -0.0067919    -0.0065814    -0.0063755    -0.0061732    -0.0059738    -0.0057766    -0.0055808    -0.0053855    -0.0051895    -0.0049916    -0.0047900    -0.0045829    -0.0043677    -0.0041417    -0.0039016    -0.0036439    -0.0033646    -0.0030596    -0.0027250    -0.0023570    -0.0019528    -0.0015102    -0.0010287    -0.0005097     0.0000432     0.0006239     0.0012232     0.0018294     0.0024284     0.0030038     0.0035385     0.0040155     0.0044190     0.0047360     0.0049578     0.0050801     0.0051043     0.0050367     0.0048880     0.0046723     0.0044051     0.0041023     0.0037784     0.0034460     0.0031152     0.0027936     0.0024865     0.0021974     0.0019284     0.0016806     0.0014545     0.0012499     0.0010664     0.0009032     0.0007592     0.0006334     0.0005243     0.0004306     0.0003508     0.0002834     0.0002271     0.0001804     0.0001421     0.0001109     0.0000858     0.0000657     0.0000499     0.0000375
    -0.0003088    -0.0012062    -0.0026098    -0.0043961    -0.0064177    -0.0085224    -0.0105706    -0.0124484    -0.0140741    -0.0154003    -0.0164108    -0.0171143    -0.0175377    -0.0177185    -0.0176991    -0.0175219    -0.0172262    -0.0168465    -0.0164115    -0.0159440    -0.0154616    -0.0149772    -0.0144996    -0.0140345    -0.0135854    -0.0131536    -0.0127395    -0.0123422    -0.0119606    -0.0115932    -0.0112384    -0.0108945    -0.0105600    -0.0102335    -0.0099138    -0.0095995    -0.0092897    -0.0089832    -0.0086788    -0.0083750    -0.0080701    -0.0077622    -0.0074486    -0.0071263    -0.0067914    -0.0064396    -0.0060658    -0.0056644    -0.0052293    -0.0047541    -0.0042326    -0.0036590    -0.0030287    -0.0023385    -0.0015875    -0.0007779     0.0000847     0.0009907     0.0019258     0.0028718     0.0038064     0.0047044     0.0055388     0.0062830     0.0069124     0.0074069     0.0077525     0.0079429     0.0079800     0.0078737     0.0076409     0.0073034     0.0068855     0.0064119     0.0059054     0.0053858     0.0048687     0.0043660     0.0038860     0.0034341     0.0030136     0.0026264     0.0022730     0.0019532     0.0016664     0.0014114     0.0011864     0.0009898     0.0008193     0.0006729     0.0005482     0.0004429     0.0003548     0.0002819     0.0002220     0.0001732     0.0001340     0.0001027     0.0000780     0.0000586
    -0.0004050    -0.0015848    -0.0034382    -0.0058123    -0.0085224    -0.0113738    -0.0141841    -0.0167989    -0.0191027    -0.0210227    -0.0225264    -0.0236159    -0.0243189    -0.0246803    -0.0247536    -0.0245948    -0.0242573    -0.0237890    -0.0232306    -0.0226154    -0.0219695    -0.0213124    -0.0206580    -0.0200156    -0.0193911    -0.0187875    -0.0182058    -0.0176457    -0.0171061    -0.0165851    -0.0160809    -0.0155913    -0.0151145    -0.0146485    -0.0141917    -0.0137425    -0.0132994    -0.0128608    -0.0124250    -0.0119901    -0.0115536    -0.0111126    -0.0106634    -0.0102015    -0.0097216    -0.0092174    -0.0086815    -0.0081058    -0.0074815    -0.0067996    -0.0060510    -0.0052274    -0.0043221    -0.0033306    -0.0022516    -0.0010880     0.0001519     0.0014541     0.0027985     0.0041586     0.0055023     0.0067933     0.0079929     0.0090627     0.0099674     0.0106778     0.0111740     0.0114468     0.0114989     0.0113448     0.0110086     0.0105217     0.0099192     0.0092366     0.0085067     0.0077579     0.0070129     0.0062887     0.0055972     0.0049462     0.0043405     0.0037827     0.0032736     0.0028131     0.0024000     0.0020326     0.0017087     0.0014254     0.0011799     0.0009690     0.0007894     0.0006378     0.0005110     0.0004059     0.0003196     0.0002495     0.0001930     0.0001479     0.0001123     0.0000844
    -0.0004958    -0.0019432    -0.0042280    -0.0071753    -0.0105706    -0.0141841    -0.0177941    -0.0212068    -0.0242704    -0.0268815    -0.0289850    -0.0305691    -0.0316564    -0.0322939    -0.0325432    -0.0324719    -0.0321469    -0.0316303    -0.0309763    -0.0302301    -0.0294281    -0.0285981    -0.0277607    -0.0269302    -0.0261161    -0.0253237    -0.0245558    -0.0238130    -0.0230944    -0.0223985    -0.0217232    -0.0210660    -0.0204248    -0.0197973    -0.0191816    -0.0185755    -0.0179773    -0.0173848    -0.0167960    -0.0162081    -0.0156179    -0.0150215    -0.0144139    -0.0137890    -0.0131396    -0.0124571    -0.0117314    -0.0109516    -0.0101057    -0.0091813    -0.0081662    -0.0070491    -0.0058207    -0.0044748    -0.0030099    -0.0014300     0.0002539     0.0020228     0.0038491     0.0056968     0.0075223     0.0092763     0.0109060     0.0123591     0.0135877     0.0145521     0.0152251     0.0155943     0.0156633     0.0154518     0.0149927     0.0143287     0.0135074     0.0125773     0.0115830     0.0105631     0.0095484     0.0085620     0.0076203     0.0067339     0.0059092     0.0051497     0.0044565     0.0038295     0.0032671     0.0027670     0.0023259     0.0019403     0.0016061     0.0013190     0.0010745     0.0008681     0.0006955     0.0005525     0.0004351     0.0003396     0.0002626     0.0002013     0.0001528     0.0001149
    -0.0005759    -0.0022614    -0.0049348    -0.0084084    -0.0124484    -0.0167989    -0.0212068    -0.0254432    -0.0293202    -0.0327007    -0.0355013    -0.0376892    -0.0392742    -0.0402988    -0.0408271    -0.0409345    -0.0406996    -0.0401977    -0.0394969    -0.0386556    -0.0377217    -0.0367334    -0.0357193    -0.0347005    -0.0336912    -0.0327006    -0.0317338    -0.0307933    -0.0298791    -0.0289902    -0.0281248    -0.0272806    -0.0264551    -0.0256459    -0.0248508    -0.0240674    -0.0232935    -0.0225266    -0.0217640    -0.0210023    -0.0202375    -0.0194644    -0.0186766    -0.0178662    -0.0170237    -0.0161379    -0.0151958    -0.0141830    -0.0130839    -0.0118823    -0.0105621    -0.0091088    -0.0075101    -0.0057580    -0.0038503    -0.0017923     0.0004015     0.0027063     0.0050863     0.0074944     0.0098737     0.0121597     0.0142837     0.0161772     0.0177778     0.0190336     0.0199092     0.0203881     0.0204755     0.0201967     0.0195948     0.0187255     0.0176512     0.0164348     0.0151349     0.0138017     0.0124754     0.0111864     0.0099557     0.0087974     0.0077198     0.0067274     0.0058217     0.0050025     0.0042678     0.0036144     0.0030382     0.0025345     0.0020979     0.0017229     0.0014035     0.0011339     0.0009084     0.0007216     0.0005682     0.0004435     0.0003430     0.0002629     0.0001995     0.0001500
    -0.0006422    -0.0025263    -0.0055294    -0.0094594    -0.0140741    -0.0191027    -0.0242704    -0.0293202    -0.0340316    -0.0382336    -0.0418107    -0.0447026    -0.0468987    -0.0484292    -0.0493533    -0.0497490    -0.0497024    -0.0492998    -0.0486221    -0.0477413    -0.0467180    -0.0456019    -0.0444315    -0.0432360    -0.0420362    -0.0408463    -0.0396751    -0.0385277    -0.0374060    -0.0363103    -0.0352394    -0.0341914    -0.0331641    -0.0321552    -0.0311621    -0.0301825    -0.0292138    -0.0282533    -0.0272976    -0.0263426    -0.0253834    -0.0244135    -0.0234248    -0.0224075    -0.0213495    -0.0202366    -0.0190525    -0.0177789    -0.0163960    -0.0148835    -0.0132209    -0.0113897    -0.0093746    -0.0071653    -0.0047591    -0.0021625     0.0006061     0.0035153     0.0065198     0.0095601     0.0125642     0.0154504     0.0181319     0.0205223     0.0225421     0.0241262     0.0252293     0.0258311     0.0259376     0.0255813     0.0248164     0.0237135     0.0223514     0.0208099     0.0191630     0.0174742     0.0157944     0.0141619     0.0126035     0.0111367     0.0097723     0.0085158     0.0073692     0.0063321     0.0054019     0.0045748     0.0038454     0.0032078     0.0026552     0.0021805     0.0017762     0.0014350     0.0011497     0.0009132     0.0007191     0.0005612     0.0004341     0.0003326     0.0002525     0.0001899
    -0.0006933    -0.0027322    -0.0059973    -0.0103003    -0.0154003    -0.0210227    -0.0268815    -0.0327007    -0.0382336    -0.0432780    -0.0476850    -0.0513628    -0.0542735    -0.0564270    -0.0578700    -0.0586755    -0.0589314    -0.0587312    -0.0581664    -0.0573212    -0.0562693    -0.0550728    -0.0537814    -0.0524340    -0.0510596    -0.0496789    -0.0483058    -0.0469492    -0.0456139    -0.0443021    -0.0430142    -0.0417492    -0.0405055    -0.0392811    -0.0380737    -0.0368810    -0.0357003    -0.0345285    -0.0333618    -0.0321955    -0.0310234    -0.0298379    -0.0286289    -0.0273845    -0.0260898    -0.0247273    -0.0232769    -0.0217160    -0.0200202    -0.0181642    -0.0161231    -0.0138738    -0.0113973    -0.0086811    -0.0057217    -0.0025272     0.0008799     0.0044608     0.0081595     0.0119028     0.0156016     0.0191555     0.0224569     0.0253995     0.0278852     0.0298335     0.0311888     0.0319256     0.0320518     0.0316071     0.0306587     0.0292935     0.0276088     0.0257031     0.0236676     0.0215807     0.0195053     0.0174886     0.0155635     0.0137518     0.0120666     0.0105147     0.0090987     0.0078180     0.0066694     0.0056480     0.0047474     0.0039602     0.0032779     0.0026918     0.0021927     0.0017715     0.0014192     0.0011273     0.0008877     0.0006928     0.0005358     0.0004106     0.0003117     0.0002343
    -0.0007294    -0.0028791    -0.0063370    -0.0109248    -0.0164108    -0.0225264    -0.0289850    -0.0355013    -0.0418107    -0.0476850    -0.0529443    -0.0574634    -0.0611728    -0.0640551    -0.0661364    -0.0674770    -0.0681595    -0.0682788    -0.0679330    -0.0672163    -0.0662144    -0.0650017    -0.0636401    -0.0621797    -0.0606588    -0.0591064    -0.0575429    -0.0559823    -0.0544337    -0.0529021    -0.0513903    -0.0498989    -0.0484275    -0.0469749    -0.0455394    -0.0441190    -0.0427110    -0.0413122    -0.0399184    -0.0385243    -0.0371225    -0.0357040    -0.0342570    -0.0327669    -0.0312157    -0.0295825    -0.0278428    -0.0259695    -0.0239329    -0.0217026    -0.0192481    -0.0165417    -0.0135604    -0.0102889    -0.0067229    -0.0028724     0.0012356     0.0055542     0.0100157     0.0145314     0.0189940     0.0232816     0.0272645     0.0308138     0.0338111     0.0361591     0.0377902     0.0386739     0.0388196     0.0382754     0.0371225     0.0354660     0.0334236     0.0311144     0.0286486     0.0261211     0.0236079     0.0211661     0.0188354     0.0166422     0.0146023     0.0127239     0.0110100     0.0094600     0.0080699     0.0068338     0.0057441     0.0047914     0.0039659     0.0032566     0.0026527     0.0021431     0.0017169     0.0013638     0.0010738     0.0008381     0.0006481     0.0004967     0.0003770     0.0002835
    -0.0007515    -0.0029711    -0.0065563    -0.0113428    -0.0171143    -0.0236159    -0.0305691    -0.0376892    -0.0447026    -0.0513628    -0.0574634    -0.0628476    -0.0674125    -0.0711085    -0.0739345    -0.0759301    -0.0771650    -0.0777285    -0.0777196    -0.0772387    -0.0763810    -0.0752324    -0.0738670    -0.0723465    -0.0707203    -0.0690266    -0.0672940    -0.0655434    -0.0637889    -0.0620401    -0.0603027    -0.0585799    -0.0568734    -0.0551832    -0.0535087    -0.0518485    -0.0502003    -0.0485609    -0.0469260    -0.0452894    -0.0436430    -0.0419761    -0.0402748    -0.0385219    -0.0366962    -0.0347728    -0.0327226    -0.0305133    -0.0281097    -0.0254754    -0.0225744    -0.0193735    -0.0158453    -0.0119716    -0.0077473    -0.0031840     0.0016859     0.0068068     0.0120983     0.0174549     0.0227489     0.0278354     0.0325601     0.0367697     0.0403235     0.0431056     0.0450357     0.0460775     0.0462421     0.0455867     0.0442080     0.0422309     0.0397955     0.0370433     0.0341054     0.0310947     0.0281016     0.0251937     0.0224186     0.0198073     0.0173787     0.0151426     0.0131025     0.0112575     0.0096030     0.0081319     0.0068349     0.0057012     0.0047188     0.0038748     0.0031562     0.0025498     0.0020427     0.0016225     0.0012775     0.0009970     0.0007711     0.0005908     0.0004485     0.0003372
    -0.0007616    -0.0030152    -0.0066693    -0.0115758    -0.0175377    -0.0243189    -0.0316564    -0.0392742    -0.0468987    -0.0542735    -0.0611728    -0.0674125    -0.0728573    -0.0774237    -0.0810789    -0.0838349    -0.0857407    -0.0868728    -0.0873243    -0.0871962    -0.0865896    -0.0855994    -0.0843109    -0.0827974    -0.0811200    -0.0793274    -0.0774580    -0.0755404    -0.0735957    -0.0716389    -0.0696802    -0.0677264    -0.0657816    -0.0638483    -0.0619272    -0.0600181    -0.0581194    -0.0562284    -0.0543404    -0.0524490    -0.0505450    -0.0486160    -0.0466462    -0.0446154    -0.0424989    -0.0402676    -0.0378874    -0.0353203    -0.0325252    -0.0294593    -0.0260802    -0.0223490    -0.0182335    -0.0137124    -0.0087794    -0.0034484     0.0022430     0.0082295     0.0144168     0.0206813     0.0268731     0.0328224     0.0383483     0.0432709     0.0474251     0.0506749     0.0529264     0.0541368     0.0543192     0.0535408     0.0519146     0.0495875     0.0467235     0.0434887     0.0400369     0.0365003     0.0329850     0.0295703     0.0263118     0.0232460     0.0203949     0.0177700     0.0153754     0.0132098     0.0112680     0.0095415     0.0080195     0.0066891     0.0055363     0.0045460     0.0037028     0.0029913     0.0023963     0.0019033     0.0014986     0.0011695     0.0009045     0.0006931     0.0005261     0.0003955
    -0.0007617    -0.0030196    -0.0066931    -0.0116515    -0.0177185    -0.0246803    -0.0322939    -0.0402988    -0.0484292    -0.0564270    -0.0640551    -0.0711085    -0.0774237    -0.0828847    -0.0874244    -0.0910231    -0.0937027    -0.0955191    -0.0965526    -0.0968983    -0.0966577    -0.0959311    -0.0948126    -0.0933864    -0.0917247    -0.0898879    -0.0879246    -0.0858731    -0.0837625    -0.0816147    -0.0794457    -0.0772667    -0.0750857    -0.0729079    -0.0707365    -0.0685728    -0.0664165    -0.0642654    -0.0621152    -0.0599589    -0.0577865    -0.0555841    -0.0533336    -0.0510118    -0.0485904    -0.0460355    -0.0433077    -0.0403631    -0.0371538    -0.0336303    -0.0297436    -0.0254482    -0.0207069    -0.0154947    -0.0098046    -0.0036524     0.0029184     0.0098323     0.0169798     0.0242177     0.0313725     0.0382474     0.0446326     0.0503196     0.0551173     0.0588678     0.0614624     0.0628515     0.0630501     0.0621361     0.0602407     0.0575337     0.0542056     0.0504486     0.0464410     0.0423360     0.0382563     0.0342940     0.0305134     0.0269568     0.0236495     0.0206048     0.0178275     0.0153160     0.0130641     0.0110620     0.0092971     0.0077545     0.0064179     0.0052697     0.0042922     0.0034674     0.0027776     0.0022061     0.0017370     0.0013555     0.0010483     0.0008033     0.0006097     0.0004584
    -0.0007540    -0.0029925    -0.0066457    -0.0115996    -0.0176991    -0.0247536    -0.0325432    -0.0408271    -0.0493533    -0.0578700    -0.0661364    -0.0739345    -0.0810789    -0.0874244    -0.0928712    -0.0973655    -0.1008981    -0.1034979    -0.1052251    -0.1061623    -0.1064049    -0.1060538    -0.1052080    -0.1039602    -0.1023932    -0.1005784    -0.0985757    -0.0964336    -0.0941909    -0.0918774    -0.0895161    -0.0871243    -0.0847145    -0.0822959    -0.0798747    -0.0774546    -0.0750369    -0.0726206    -0.0702017    -0.0677732    -0.0653243    -0.0628396    -0.0602986    -0.0576751    -0.0549367    -0.0520446    -0.0489539    -0.0456140    -0.0419701    -0.0379653    -0.0335431    -0.0286516    -0.0232478    -0.0173031    -0.0108091    -0.0037839     0.0037225     0.0116237     0.0197942     0.0280697     0.0362513     0.0441132     0.0514147     0.0579168     0.0634000     0.0676834     0.0706421     0.0722193     0.0724322     0.0713699     0.0691832     0.0660667     0.0622388     0.0579199     0.0533147     0.0485987     0.0439128     0.0393623     0.0350211     0.0309375     0.0271405     0.0236453     0.0204572     0.0175745     0.0149899     0.0126923     0.0106669     0.0088967     0.0073630     0.0060456     0.0049240     0.0039776     0.0031863     0.0025307     0.0019925     0.0015549     0.0012024     0.0009213     0.0006994     0.0005258
    -0.0007405    -0.0029419    -0.0065442    -0.0114491    -0.0175219    -0.0245948    -0.0324719    -0.0409345    -0.0497490    -0.0586755    -0.0674770    -0.0759301    -0.0838349    -0.0910231    -0.0973655    -0.1027758    -0.1072110    -0.1106693    -0.1131849    -0.1148206    -0.1156595    -0.1157967    -0.1153316    -0.1143618    -0.1129782    -0.1112626    -0.1092856    -0.1071068    -0.1047752    -0.1023302    -0.0998028    -0.0972174    -0.0945925    -0.0919422    -0.0892766    -0.0866025    -0.0839235    -0.0812402    -0.0785496    -0.0758447    -0.0731140    -0.0703407    -0.0675021    -0.0645686    -0.0615037    -0.0582634    -0.0547967    -0.0510461    -0.0469494    -0.0424416    -0.0374586    -0.0319411    -0.0258403    -0.0191233    -0.0117806    -0.0038327     0.0046638     0.0136106     0.0228653     0.0322411     0.0415119     0.0504208     0.0586946     0.0660612     0.0722712     0.0771189     0.0804622     0.0822364     0.0824612     0.0812379     0.0787375     0.0751816     0.0708184     0.0658983     0.0606538     0.0552846     0.0499507     0.0447718     0.0398317     0.0351852     0.0308653     0.0268891     0.0232626     0.0199837     0.0170441     0.0144310     0.0121277     0.0101148     0.0083707     0.0068728     0.0055976     0.0045216     0.0036220     0.0028766     0.0022648     0.0017673     0.0013667     0.0010472     0.0007949     0.0005976
    -0.0007229    -0.0028745    -0.0064038    -0.0112264    -0.0172262    -0.0242573    -0.0321469    -0.0406996    -0.0497024    -0.0589314    -0.0681595    -0.0771650    -0.0857407    -0.0937027    -0.1008981    -0.1072110    -0.1125660    -0.1169288    -0.1203033    -0.1227270    -0.1242642    -0.1249978    -0.1250216    -0.1244336    -0.1233295    -0.1217991    -0.1199228    -0.1177712    -0.1154039    -0.1128705    -0.1102116    -0.1074595    -0.1046399    -0.1017730    -0.0988737    -0.0959529    -0.0930171    -0.0900692    -0.0871073    -0.0841250    -0.0811105    -0.0780455    -0.0749049    -0.0716560    -0.0682578    -0.0646608    -0.0608077    -0.0566335    -0.0520681    -0.0470382    -0.0414712    -0.0353002    -0.0284699    -0.0209432    -0.0127091    -0.0037906     0.0057485     0.0157976     0.0261960     0.0367331     0.0471540     0.0571690     0.0664697     0.0747493     0.0817265     0.0871692     0.0909169     0.0928968     0.0931309     0.0917335     0.0888974     0.0848724     0.0799383     0.0743778     0.0684528     0.0623886     0.0563653     0.0505180     0.0449411     0.0396963     0.0348206     0.0303333     0.0262410     0.0225413     0.0192246     0.0162765     0.0136781     0.0114074     0.0094402     0.0077506     0.0063123     0.0050988     0.0040842     0.0032436     0.0025537     0.0019927     0.0015410     0.0011807     0.0008962     0.0006737
    -0.0007027    -0.0027963    -0.0062373    -0.0109539    -0.0168465    -0.0237890    -0.0316303    -0.0401977    -0.0492998    -0.0587312    -0.0682788    -0.0777285    -0.0868728    -0.0955191    -0.1034979    -0.1106693    -0.1169288    -0.1222100    -0.1264853    -0.1297629    -0.1320827    -0.1335092    -0.1341248    -0.1340220    -0.1332970    -0.1320442    -0.1303520    -0.1283005    -0.1259600    -0.1233908    -0.1206433    -0.1177595    -0.1147731    -0.1117113    -0.1085950    -0.1054401    -0.1022569    -0.0990509    -0.0958224    -0.0925656    -0.0892686    -0.0859120    -0.0824685    -0.0789017    -0.0751663    -0.0712070    -0.0669597    -0.0623518    -0.0573046    -0.0517358    -0.0455642    -0.0387146    -0.0311247    -0.0227530    -0.0135870    -0.0036521     0.0069802     0.0181863     0.0297862     0.0415443     0.0531748     0.0643533     0.0747345     0.0839747     0.0917587     0.0978264     0.1019980     0.1041919     0.1044326     0.1028480     0.0996541     0.0951306     0.0895907     0.0833509     0.0767046     0.0699038     0.0631505     0.0565954     0.0503444     0.0444663     0.0390025     0.0339744     0.0293894     0.0252445     0.0215291     0.0182268     0.0153164     0.0127732     0.0105700     0.0086779     0.0070673     0.0057085     0.0045724     0.0036312     0.0028588     0.0022307     0.0017250     0.0013216     0.0010031     0.0007541
    -0.0006810    -0.0027116    -0.0060551    -0.0106501    -0.0164115    -0.0232306    -0.0309763    -0.0394969    -0.0486221    -0.0581664    -0.0679330    -0.0777196    -0.0873243    -0.0965526    -0.1052251    -0.1131849    -0.1203033    -0.1264853    -0.1316722    -0.1358415    -0.1390048    -0.1412034    -0.1425019    -0.1429820    -0.1427348    -0.1418550    -0.1404359    -0.1385651    -0.1363225    -0.1337787    -0.1309947    -0.1280224    -0.1249047    -0.1216768    -0.1183669    -0.1149963    -0.1115804    -0.1081280    -0.1046419    -0.1011177    -0.0975436    -0.0938992    -0.0901550    -0.0862713    -0.0821980    -0.0778740    -0.0732278    -0.0681789    -0.0626394    -0.0565179    -0.0497236    -0.0421728    -0.0337958    -0.0245462    -0.0144099    -0.0034150     0.0083592     0.0207751     0.0336326     0.0466695     0.0595676     0.0719661     0.0834803     0.0937278     0.1023573     0.1090796     0.1136943     0.1161103     0.1163549     0.1145703     0.1109968     0.1059456     0.0997653     0.0928081     0.0854002     0.0778222     0.0702985     0.0629970     0.0560352     0.0494895     0.0434059     0.0378080     0.0327038     0.0280900     0.0239547     0.0202794     0.0170405     0.0142104     0.0117589     0.0096536     0.0078616     0.0063498     0.0050859     0.0040389     0.0031796     0.0024810     0.0019185     0.0014698     0.0011156     0.0008387
    -0.0006587    -0.0026242    -0.0058652    -0.0103295    -0.0159440    -0.0226154    -0.0302301    -0.0386556    -0.0477413    -0.0573212    -0.0672163    -0.0772387    -0.0871962    -0.0968983    -0.1061623    -0.1148206    -0.1227270    -0.1297629    -0.1358415    -0.1409101    -0.1449509    -0.1479780    -0.1500337    -0.1511829    -0.1515062    -0.1510937    -0.1500391    -0.1484348    -0.1463682    -0.1439191    -0.1411590    -0.1381498    -0.1349444    -0.1315870    -0.1281136    -0.1245524    -0.1209243    -0.1172425    -0.1135129    -0.1097329    -0.1058913    -0.1019669    -0.0979283    -0.0937323    -0.0893239    -0.0846359    -0.0795894    -0.0740952    -0.0680562    -0.0613710    -0.0539388    -0.0456668    -0.0364777    -0.0263198    -0.0151772    -0.0030808     0.0098818     0.0235585     0.0377279     0.0520999     0.0663224     0.0799958     0.0926945     0.1039950     0.1135083     0.1209143     0.1259909     0.1286371     0.1288830     0.1268859     0.1229115     0.1173042     0.1104497     0.1027375     0.0945287     0.0861336     0.0778003     0.0697145     0.0620059     0.0547591     0.0480247     0.0418286     0.0361796     0.0310738     0.0264978     0.0224313     0.0188478     0.0157169     0.0130049     0.0106761     0.0086940     0.0070219     0.0056240     0.0044661     0.0035158     0.0027433     0.0021212     0.0016251     0.0012334     0.0009272
    -0.0006363    -0.0025364    -0.0056735    -0.0100028    -0.0154616    -0.0219695    -0.0294281    -0.0377217    -0.0467180    -0.0562693    -0.0662144    -0.0763810    -0.0865896    -0.0966577    -0.1064049    -0.1156595    -0.1242642    -0.1320827    -0.1390048    -0.1449509    -0.1498739    -0.1537598    -0.1566250    -0.1585128    -0.1594882    -0.1596312    -0.1590313    -0.1577815    -0.1559737    -0.1536956    -0.1510273    -0.1480410    -0.1447997    -0.1413570    -0.1377578    -0.1340379    -0.1302246    -0.1263363    -0.1223827    -0.1183636    -0.1142688    -0.1100768    -0.1057541    -0.1012542    -0.0965173    -0.0914697    -0.0860249    -0.0800846    -0.0735419    -0.0662849    -0.0582026    -0.0491924    -0.0391688    -0.0280747    -0.0158923    -0.0026553     0.0115402     0.0265266     0.0420604     0.0578222     0.0734243     0.0884266     0.1023602     0.1147587     0.1251936     0.1333120     0.1388692     0.1417539     0.1419990     0.1397773     0.1353815     0.1291904     0.1216287     0.1131250     0.1040769     0.0948258     0.0856447     0.0767377     0.0682476     0.0602672     0.0528519     0.0460302     0.0398114     0.0341911     0.0291545     0.0246790     0.0207354     0.0172902     0.0143061     0.0117438     0.0095630     0.0077235     0.0061857     0.0049120     0.0038667     0.0030170     0.0023327     0.0017871     0.0013563     0.0010196
    -0.0006145    -0.0024502    -0.0054842    -0.0096779    -0.0149772    -0.0213124    -0.0285981    -0.0367334    -0.0456019    -0.0550728    -0.0650017    -0.0752324    -0.0855994    -0.0959311    -0.1060538    -0.1157967    -0.1249978    -0.1335092    -0.1412034    -0.1479780    -0.1537598    -0.1585068    -0.1622085    -0.1648836    -0.1665765    -0.1673524    -0.1672915    -0.1664827    -0.1650189    -0.1629922    -0.1604902    -0.1575940    -0.1543763    -0.1509007    -0.1472210    -0.1433816    -0.1394170    -0.1353516    -0.1311994    -0.1269634    -0.1226349    -0.1181923    -0.1136004    -0.1088095    -0.1037546    -0.0983557    -0.0925182    -0.0861346    -0.0790874    -0.0712540    -0.0625124    -0.0527497    -0.0418722    -0.0298167    -0.0165634    -0.0021489     0.0133215     0.0296647     0.0466137     0.0638183     0.0808539     0.0972377     0.1124558     0.1259966     0.1373903     0.1462498     0.1523066     0.1554383     0.1556808     0.1532233     0.1483862     0.1415847     0.1332840     0.1239536     0.1140291     0.1038844     0.0938185     0.0840549     0.0747496     0.0660041     0.0578790     0.0504051     0.0435926     0.0374363     0.0319199     0.0270184     0.0226999     0.0189273     0.0156599     0.0128546     0.0104672     0.0084534     0.0067700     0.0053758     0.0042317     0.0033016     0.0025527     0.0019556     0.0014842     0.0011156
    -0.0005933    -0.0023667    -0.0053001    -0.0093600    -0.0144996    -0.0206580    -0.0277607    -0.0357193    -0.0444315    -0.0537814    -0.0636401    -0.0738670    -0.0843109    -0.0948126    -0.1052080    -0.1153316    -0.1250216    -0.1341248    -0.1425019    -0.1500337    -0.1566250    -0.1622085    -0.1667472    -0.1702339    -0.1726897    -0.1741606    -0.1747125    -0.1744256    -0.1733893    -0.1716966    -0.1694399    -0.1667071    -0.1635799    -0.1601311    -0.1564241    -0.1525121    -0.1484373    -0.1442309    -0.1399121    -0.1354874    -0.1309503    -0.1262794    -0.1214381    -0.1163735    -0.1110157    -0.1052780    -0.0990574    -0.0922367    -0.0846879    -0.0762767    -0.0668699    -0.0563438    -0.0445957    -0.0315564    -0.0172037    -0.0015774     0.0152081     0.0329530     0.0513659     0.0700650     0.0885864     0.1064034     0.1229546     0.1376815     0.1500709     0.1597000     0.1662755     0.1696633     0.1699022     0.1671985     0.1619016     0.1544644     0.1453942     0.1352034     0.1243670     0.1132926     0.1023065     0.0916521     0.0814994     0.0719589     0.0630963     0.0549450     0.0475158     0.0408030     0.0347885     0.0294449     0.0247372     0.0206250     0.0170638     0.0140063     0.0114045     0.0092100     0.0073757     0.0058565     0.0046099     0.0035966     0.0027807     0.0021302     0.0016166     0.0012152
    -0.0005731    -0.0022865    -0.0051227    -0.0090525    -0.0140345    -0.0200156    -0.0269302    -0.0347005    -0.0432360    -0.0524340    -0.0621797    -0.0723465    -0.0827974    -0.0933864    -0.1039602    -0.1143618    -0.1244336    -0.1340220    -0.1429820    -0.1511829    -0.1585128    -0.1648836    -0.1702339    -0.1745313    -0.1777725    -0.1799812    -0.1812051    -0.1815113    -0.1809807    -0.1797033    -0.1777725    -0.1752809    -0.1723169    -0.1689619    -0.1652883    -0.1613582    -0.1572220    -0.1529180    -0.1484713    -0.1438927    -0.1391779    -0.1343067    -0.1292411    -0.1239251    -0.1182841    -0.1122243    -0.1056344    -0.0983872    -0.0903432    -0.0813566    -0.0712819    -0.0599846    -0.0473524    -0.0333096    -0.0178318    -0.0009617     0.0171765     0.0363658     0.0562898     0.0765331     0.0965915     0.1158921     0.1338243     0.1497805     0.1632024     0.1736298     0.1807434     0.1843970     0.1846323     0.1816733     0.1758995     0.1678027     0.1579344     0.1468512     0.1350690     0.1230309     0.1110909     0.0995134     0.0884828     0.0781188     0.0684924     0.0596399     0.0515725     0.0442838     0.0377539     0.0319530     0.0268429     0.0223795     0.0185144     0.0151963     0.0123729     0.0099916     0.0080013     0.0063530     0.0050005     0.0039012     0.0030161     0.0023105     0.0017534     0.0013179
    -0.0005538    -0.0022099    -0.0049530    -0.0087570    -0.0135854    -0.0193911    -0.0261161    -0.0336912    -0.0420362    -0.0510596    -0.0606588    -0.0707203    -0.0811200    -0.0917247    -0.1023932    -0.1129782    -0.1233295    -0.1332970    -0.1427348    -0.1515062    -0.1594882    -0.1665765    -0.1726897    -0.1777725    -0.1817975    -0.1847650    -0.1867020    -0.1876582    -0.1877024    -0.1869165    -0.1853913    -0.1832205    -0.1804969    -0.1773087    -0.1737362    -0.1698498    -0.1657085    -0.1613578    -0.1568291    -0.1521380    -0.1472833    -0.1422456    -0.1369864    -0.1314468    -0.1255471    -0.1191868    -0.1122458    -0.1045865    -0.0960580    -0.0865019    -0.0757605    -0.0636874    -0.0501608    -0.0350979    -0.0184719    -0.0003287     0.0191976     0.0398722     0.0613523     0.0831881     0.1048332     0.1256667     0.1450270     0.1622552     0.1767462     0.1880007     0.1956725     0.1996025     0.1998355     0.1966135     0.1903471     0.1815690     0.1708758     0.1588702     0.1461107     0.1330767     0.1201513     0.1076204     0.0956833     0.0844692     0.0740547     0.0644786     0.0557529     0.0478702     0.0408090     0.0345366     0.0290117     0.0241864     0.0200082     0.0164216     0.0133698     0.0107962     0.0086453     0.0068640     0.0054026     0.0042147     0.0032584     0.0024960     0.0018941     0.0014236
    -0.0005354    -0.0021370    -0.0047910    -0.0084741    -0.0131536    -0.0187875    -0.0253237    -0.0327006    -0.0408463    -0.0496789    -0.0591064    -0.0690266    -0.0793274    -0.0898879    -0.1005784    -0.1112626    -0.1217991    -0.1320442    -0.1418550    -0.1510937    -0.1596312    -0.1673524    -0.1741606    -0.1799812    -0.1847650    -0.1884898    -0.1911602    -0.1928065    -0.1934811    -0.1932543    -0.1922098    -0.1904385    -0.1880346    -0.1850904    -0.1816924    -0.1779187    -0.1738358    -0.1694968    -0.1649395    -0.1601845    -0.1552341    -0.1500705    -0.1446545    -0.1389245    -0.1327961    -0.1261618    -0.1188925    -0.1108402    -0.1018418    -0.0917261    -0.0803226    -0.0674728    -0.0530445    -0.0369479    -0.0191536     0.0002894     0.0212366     0.0434349     0.0665143     0.0899891     0.1132692     0.1356840     0.1565185     0.1750611     0.1906577     0.2027686     0.2110193     0.2152374     0.2154706     0.2119797     0.2052074     0.1957281     0.1841857     0.1712302     0.1574642     0.1434047     0.1294647     0.1159524     0.1030824     0.0909937     0.0797686     0.0694485     0.0600459     0.0515528     0.0439456     0.0371888     0.0312378     0.0260408     0.0215411     0.0176788     0.0143928     0.0116217     0.0093059     0.0073882     0.0058149     0.0045362     0.0035068     0.0026862     0.0020383     0.0015320
    -0.0005180    -0.0020677    -0.0046366    -0.0082037    -0.0127395    -0.0182058    -0.0245558    -0.0317338    -0.0396751    -0.0483058    -0.0575429    -0.0672940    -0.0774580    -0.0879246    -0.0985757    -0.1092856    -0.1199228    -0.1303520    -0.1404359    -0.1500391    -0.1590313    -0.1672915    -0.1747125    -0.1812051    -0.1867020    -0.1911602    -0.1945630    -0.1969198    -0.1982644    -0.1986520    -0.1981550    -0.1968579    -0.1948522    -0.1922313    -0.1890858    -0.1854994    -0.1815454    -0.1772838    -0.1727585    -0.1679956    -0.1630009    -0.1577584    -0.1522287    -0.1463477    -0.1400260    -0.1331494    -0.1255797    -0.1171578    -0.1077085    -0.0970472    -0.0849901    -0.0713662    -0.0560325    -0.0388919    -0.0199121     0.0008546     0.0232532     0.0470113     0.0717310     0.0968895     0.1218513     0.1458944     0.1682487     0.1881475     0.2048863     0.2178833     0.2267344     0.2312536     0.2314913     0.2277274     0.2204379     0.2102402     0.1978269     0.1838968     0.1690980     0.1539861     0.1390051     0.1244861     0.1106593     0.0976739     0.0856179     0.0745353     0.0644393     0.0553209     0.0471545     0.0399019     0.0335147     0.0279373     0.0231086     0.0189644     0.0154386     0.0124655     0.0099811     0.0079240     0.0062363     0.0048647     0.0037607     0.0028805     0.0021857     0.0016427
    -0.0005014    -0.0020016    -0.0044893    -0.0079451    -0.0123422    -0.0176457    -0.0238130    -0.0307933    -0.0385277    -0.0469492    -0.0559823    -0.0655434    -0.0755404    -0.0858731    -0.0964336    -0.1071068    -0.1177712    -0.1283005    -0.1385651    -0.1484348    -0.1577815    -0.1664827    -0.1744256    -0.1815113    -0.1876582    -0.1928065    -0.1969198    -0.1999873    -0.2020231    -0.2030650    -0.2031708    -0.2024148    -0.2008820    -0.1986634    -0.1958505    -0.1925305    -0.1887816    -0.1846696    -0.1802444    -0.1755368    -0.1705564    -0.1652891    -0.1596953    -0.1537087    -0.1472352    -0.1401535    -0.1323162    -0.1235531    -0.1136763    -0.1024877    -0.0897895    -0.0753977    -0.0591585    -0.0409668    -0.0207875     0.0013239     0.0252015     0.0505532     0.0769520     0.1038369     0.1305256     0.1562428     0.1801614     0.2014579     0.2193752     0.2332883     0.2427625     0.2475971     0.2478453     0.2438067     0.2359912     0.2250609     0.2117578     0.1968316     0.1809766     0.1647887     0.1487434     0.1331952     0.1183907     0.1044891     0.0915843     0.0797231     0.0689193     0.0591628     0.0504258     0.0426672     0.0358352     0.0298699     0.0247058     0.0202740     0.0165039     0.0133250     0.0106688     0.0084696     0.0066654     0.0051993     0.0040191     0.0030784     0.0023358     0.0017554
