     0.0000002     0.0000013     0.0000040     0.0000085     0.0000147     0.0000220     0.0000296     0.0000369     0.0000431     0.0000479     0.0000511     0.0000528     0.0000531     0.0000522     0.0000505     0.0000480     0.0000451     0.0000419     0.0000386     0.0000354     0.0000322     0.0000292     0.0000264     0.0000237     0.0000213     0.0000191     0.0000171     0.0000153     0.0000137     0.0000123     0.0000110     0.0000098     0.0000088     0.0000079     0.0000071     0.0000063     0.0000057     0.0000052     0.0000047     0.0000042     0.0000039     0.0000035     0.0000032     0.0000030     0.0000027     0.0000025     0.0000024     0.0000022     0.0000021     0.0000019     0.0000018     0.0000017     0.0000017     0.0000016     0.0000015     0.0000014     0.0000014     0.0000013     0.0000012     0.0000012     0.0000011     0.0000011     0.0000010     0.0000010     0.0000010     0.0000009     0.0000009     0.0000008     0.0000008     0.0000007     0.0000007     0.0000006     0.0000006     0.0000006     0.0000005     0.0000005     0.0000004     0.0000004     0.0000003     0.0000003     0.0000003     0.0000002     0.0000002     0.0000002     0.0000002     0.0000001     0.0000001     0.0000001     0.0000001     0.0000001     0.0000001     0.0000000     0.0000000     0.0000000     0.0000000     0.0000000     0.0000000     0.0000000     0.0000000     0.0000000
     0.0000013     0.0000097     0.0000305     0.0000657     0.0001137     0.0001703     0.0002299     0.0002866     0.0003358     0.0003743     0.0004008     0.0004151     0.0004183     0.0004123     0.0003988     0.0003799     0.0003573     0.0003326     0.0003069     0.0002813     0.0002563     0.0002324     0.0002100     0.0001891     0.0001700     0.0001525     0.0001366     0.0001223     0.0001094     0.0000979     0.0000876     0.0000784     0.0000702     0.0000629     0.0000565     0.0000508     0.0000457     0.0000413     0.0000374     0.0000339     0.0000309     0.0000282     0.0000258     0.0000238     0.0000219     0.0000203     0.0000189     0.0000177     0.0000166     0.0000156     0.0000147     0.0000139     0.0000132     0.0000126     0.0000120     0.0000114     0.0000109     0.0000104     0.0000100     0.0000096     0.0000091     0.0000088     0.0000084     0.0000080     0.0000077     0.0000073     0.0000069     0.0000066     0.0000062     0.0000059     0.0000055     0.0000052     0.0000048     0.0000044     0.0000041     0.0000037     0.0000034     0.0000031     0.0000028     0.0000024     0.0000022     0.0000019     0.0000017     0.0000014     0.0000012     0.0000011     0.0000009     0.0000007     0.0000006     0.0000005     0.0000004     0.0000003     0.0000003     0.0000002     0.0000002     0.0000001     0.0000001     0.0000001     0.0000001     0.0000000
     0.0000040     0.0000305     0.0000962     0.0002078     0.0003612     0.0005435     0.0007369     0.0009230     0.0010864     0.0012164     0.0013077     0.0013596     0.0013752     0.0013595     0.0013188     0.0012595     0.0011873     0.0011073     0.0010237     0.0009395     0.0008571     0.0007782     0.0007038     0.0006346     0.0005707     0.0005124     0.0004593     0.0004114     0.0003682     0.0003295     0.0002949     0.0002640     0.0002365     0.0002121     0.0001904     0.0001713     0.0001543     0.0001393     0.0001261     0.0001144     0.0001042     0.0000951     0.0000872     0.0000802     0.0000741     0.0000687     0.0000639     0.0000597     0.0000559     0.0000526     0.0000497     0.0000470     0.0000446     0.0000424     0.0000404     0.0000385     0.0000368     0.0000352     0.0000337     0.0000323     0.0000309     0.0000296     0.0000283     0.0000270     0.0000258     0.0000246     0.0000234     0.0000223     0.0000211     0.0000199     0.0000187     0.0000174     0.0000162     0.0000150     0.0000138     0.0000126     0.0000115     0.0000104     0.0000093     0.0000083     0.0000073     0.0000064     0.0000056     0.0000048     0.0000042     0.0000035     0.0000030     0.0000025     0.0000021     0.0000017     0.0000014     0.0000012     0.0000009     0.0000007     0.0000006     0.0000005     0.0000004     0.0000003     0.0000002     0.0000002
     0.0000085     0.0000657     0.0002078     0.0004509     0.0007877     0.0011920     0.0016262     0.0020498     0.0024278     0.0027348     0.0029568     0.0030906     0.0031412     0.0031191     0.0030379     0.0029115     0.0027533     0.0025749     0.0023862     0.0021947     0.0020060     0.0018243     0.0016523     0.0014916     0.0013430     0.0012068     0.0010828     0.0009705     0.0008693     0.0007784     0.0006970     0.0006243     0.0005595     0.0005019     0.0004508     0.0004055     0.0003655     0.0003300     0.0002988     0.0002712     0.0002469     0.0002256     0.0002068     0.0001902     0.0001757     0.0001629     0.0001516     0.0001416     0.0001327     0.0001249     0.0001178     0.0001115     0.0001058     0.0001006     0.0000958     0.0000914     0.0000873     0.0000835     0.0000799     0.0000765     0.0000732     0.0000701     0.0000671     0.0000641     0.0000612     0.0000584     0.0000556     0.0000528     0.0000499     0.0000471     0.0000442     0.0000414     0.0000385     0.0000356     0.0000327     0.0000299     0.0000272     0.0000245     0.0000220     0.0000196     0.0000173     0.0000152     0.0000133     0.0000115     0.0000099     0.0000084     0.0000071     0.0000060     0.0000050     0.0000041     0.0000034     0.0000027     0.0000022     0.0000018     0.0000014     0.0000011     0.0000009     0.0000007     0.0000005     0.0000004
     0.0000147     0.0001137     0.0003612     0.0007877     0.0013848     0.0021103     0.0029005     0.0036845     0.0043978     0.0049911     0.0054349     0.0057190     0.0058486     0.0058403     0.0057171     0.0055042     0.0052262     0.0049053     0.0045601     0.0042057     0.0038536     0.0035121     0.0031869     0.0028816     0.0025984     0.0023378     0.0020999     0.0018840     0.0016890     0.0015135     0.0013561     0.0012155     0.0010900     0.0009783     0.0008791     0.0007911     0.0007131     0.0006442     0.0005834     0.0005297     0.0004824     0.0004407     0.0004041     0.0003718     0.0003434     0.0003184     0.0002963     0.0002768     0.0002595     0.0002442     0.0002304     0.0002180     0.0002069     0.0001967     0.0001874     0.0001788     0.0001707     0.0001633     0.0001562     0.0001495     0.0001431     0.0001370     0.0001310     0.0001253     0.0001196     0.0001141     0.0001086     0.0001031     0.0000975     0.0000920     0.0000864     0.0000808     0.0000751     0.0000695     0.0000639     0.0000585     0.0000531     0.0000479     0.0000430     0.0000383     0.0000338     0.0000297     0.0000259     0.0000224     0.0000193     0.0000164     0.0000139     0.0000117     0.0000097     0.0000080     0.0000066     0.0000053     0.0000043     0.0000034     0.0000027     0.0000021     0.0000017     0.0000013     0.0000010     0.0000007
     0.0000220     0.0001703     0.0005435     0.0011920     0.0021103     0.0032417     0.0044938     0.0057593     0.0069358     0.0079410     0.0087204     0.0092495     0.0095293     0.0095807     0.0094366     0.0091358     0.0087174     0.0082182     0.0076696     0.0070979     0.0065232     0.0059608     0.0054214     0.0049122     0.0044372     0.0039986     0.0035967     0.0032308     0.0028995     0.0026007     0.0023324     0.0020920     0.0018773     0.0016860     0.0015158     0.0013648     0.0012309     0.0011124     0.0010077     0.0009153     0.0008338     0.0007620     0.0006987     0.0006431     0.0005940     0.0005508     0.0005127     0.0004790     0.0004491     0.0004225     0.0003987     0.0003773     0.0003579     0.0003403     0.0003242     0.0003092     0.0002954     0.0002824     0.0002701     0.0002585     0.0002474     0.0002368     0.0002265     0.0002166     0.0002068     0.0001972     0.0001876     0.0001781     0.0001686     0.0001590     0.0001493     0.0001396     0.0001299     0.0001201     0.0001105     0.0001010     0.0000918     0.0000828     0.0000743     0.0000661     0.0000585     0.0000513     0.0000448     0.0000387     0.0000333     0.0000284     0.0000240     0.0000202     0.0000168     0.0000139     0.0000114     0.0000092     0.0000074     0.0000059     0.0000047     0.0000037     0.0000029     0.0000022     0.0000017     0.0000013
     0.0000296     0.0002299     0.0007369     0.0016262     0.0029005     0.0044938     0.0062877     0.0081374     0.0098974     0.0114438     0.0126877     0.0135804     0.0141112     0.0142996     0.0141863     0.0138238     0.0132683     0.0125739     0.0117891     0.0109550     0.0101044     0.0092626     0.0084481     0.0076733     0.0069463     0.0062715     0.0056506     0.0050833     0.0045679     0.0041021     0.0036826     0.0033061     0.0029693     0.0026687     0.0024009     0.0021630     0.0019519     0.0017649     0.0015994     0.0014533     0.0013244     0.0012107     0.0011105     0.0010222     0.0009445     0.0008759     0.0008154     0.0007618     0.0007143     0.0006720     0.0006341     0.0006001     0.0005693     0.0005412     0.0005155     0.0004917     0.0004696     0.0004489     0.0004294     0.0004109     0.0003932     0.0003763     0.0003599     0.0003441     0.0003285     0.0003132     0.0002980     0.0002829     0.0002677     0.0002525     0.0002371     0.0002217     0.0002062     0.0001908     0.0001754     0.0001604     0.0001457     0.0001315     0.0001179     0.0001050     0.0000928     0.0000815     0.0000711     0.0000615     0.0000528     0.0000451     0.0000381     0.0000320     0.0000267     0.0000220     0.0000181     0.0000147     0.0000118     0.0000094     0.0000075     0.0000059     0.0000046     0.0000035     0.0000027     0.0000020
     0.0000369     0.0002866     0.0009230     0.0020498     0.0036845     0.0057593     0.0081374     0.0106406     0.0130804     0.0152863     0.0171260     0.0185165     0.0194243     0.0198594     0.0198640     0.0195014     0.0188443     0.0179663     0.0169360     0.0158131     0.0146471     0.0134770     0.0123322     0.0112336     0.0101952     0.0092254     0.0083285     0.0075054     0.0067549     0.0060743     0.0054598     0.0049070     0.0044114     0.0039682     0.0035729     0.0032211     0.0029086     0.0026314     0.0023860     0.0021690     0.0019773     0.0018082     0.0016591     0.0015276     0.0014117     0.0013095     0.0012191     0.0011392     0.0010682     0.0010049     0.0009483     0.0008974     0.0008512     0.0008092     0.0007707     0.0007350     0.0007019     0.0006709     0.0006416     0.0006139     0.0005875     0.0005621     0.0005377     0.0005139     0.0004906     0.0004677     0.0004450     0.0004224     0.0003997     0.0003769     0.0003540     0.0003309     0.0003078     0.0002847     0.0002619     0.0002394     0.0002174     0.0001962     0.0001759     0.0001567     0.0001385     0.0001216     0.0001060     0.0000918     0.0000789     0.0000672     0.0000569     0.0000478     0.0000398     0.0000329     0.0000269     0.0000219     0.0000176     0.0000141     0.0000112     0.0000088     0.0000068     0.0000052     0.0000040     0.0000030
     0.0000431     0.0003358     0.0010864     0.0024278     0.0043978     0.0069358     0.0098974     0.0130804     0.0162586     0.0192149     0.0217688     0.0237929     0.0252197     0.0260379     0.0262818     0.0260185     0.0253336     0.0243195     0.0230662     0.0216552     0.0201562     0.0186260     0.0171086     0.0156368     0.0142333     0.0129129     0.0116842     0.0105508     0.0095129     0.0085680     0.0077121     0.0069401     0.0062462     0.0056244     0.0050688     0.0045734     0.0041327     0.0037414     0.0033945     0.0030874     0.0028159     0.0025761     0.0023645     0.0021778     0.0020131     0.0018676     0.0017391     0.0016252     0.0015240     0.0014338     0.0013530     0.0012802     0.0012144     0.0011543     0.0010992     0.0010483     0.0010009     0.0009565     0.0009147     0.0008751     0.0008373     0.0008010     0.0007661     0.0007321     0.0006989     0.0006662     0.0006338     0.0006015     0.0005692     0.0005367     0.0005040     0.0004711     0.0004382     0.0004053     0.0003728     0.0003408     0.0003095     0.0002793     0.0002504     0.0002230     0.0001972     0.0001731     0.0001509     0.0001306     0.0001122     0.0000957     0.0000810     0.0000680     0.0000566     0.0000468     0.0000383     0.0000312     0.0000251     0.0000201     0.0000159     0.0000125     0.0000097     0.0000075     0.0000057     0.0000043
     0.0000479     0.0003743     0.0012164     0.0027348     0.0049911     0.0079410     0.0114438     0.0152863     0.0192149     0.0229722     0.0263288     0.0291074     0.0311959     0.0325489     0.0331804     0.0331507     0.0325509     0.0314880     0.0300721     0.0284077     0.0265875     0.0246896     0.0227769     0.0208973     0.0190861     0.0173674     0.0157563     0.0142612     0.0128848     0.0116263     0.0104820     0.0094464     0.0085129     0.0076745     0.0069235     0.0062528     0.0056550     0.0051234     0.0046515     0.0042333     0.0038631     0.0035358     0.0032467     0.0029914     0.0027659     0.0025666     0.0023903     0.0022340     0.0020951     0.0019712     0.0018601     0.0017600     0.0016693     0.0015866     0.0015107     0.0014405     0.0013752     0.0013141     0.0012564     0.0012018     0.0011497     0.0010998     0.0010516     0.0010049     0.0009592     0.0009142     0.0008697     0.0008253     0.0007809     0.0007362     0.0006913     0.0006462     0.0006010     0.0005559     0.0005112     0.0004673     0.0004245     0.0003830     0.0003434     0.0003058     0.0002704     0.0002374     0.0002070     0.0001791     0.0001539     0.0001312     0.0001110     0.0000932     0.0000776     0.0000641     0.0000526     0.0000427     0.0000344     0.0000275     0.0000218     0.0000171     0.0000133     0.0000102     0.0000078     0.0000059
     0.0000511     0.0004008     0.0013077     0.0029568     0.0054349     0.0087204     0.0126877     0.0171260     0.0217688     0.0263288     0.0305338     0.0341559     0.0370314     0.0390697     0.0402508     0.0406151     0.0402478     0.0392623     0.0377845     0.0359401     0.0338458     0.0316035     0.0292983     0.0269976     0.0247526     0.0226002     0.0205655     0.0186635     0.0169020     0.0152831     0.0138045     0.0124612     0.0112465     0.0101522     0.0091698     0.0082902     0.0075049     0.0068052     0.0061832     0.0056311     0.0051418     0.0047087     0.0043256     0.0039870     0.0036876     0.0034229     0.0031884     0.0029803     0.0027952     0.0026299     0.0024817     0.0023481     0.0022269     0.0021164     0.0020149     0.0019210     0.0018336     0.0017518     0.0016747     0.0016016     0.0015319     0.0014652     0.0014008     0.0013383     0.0012773     0.0012173     0.0011578     0.0010986     0.0010393     0.0009798     0.0009200     0.0008599     0.0007997     0.0007396     0.0006802     0.0006217     0.0005647     0.0005096     0.0004568     0.0004067     0.0003597     0.0003158     0.0002753     0.0002382     0.0002047     0.0001745     0.0001477     0.0001240     0.0001033     0.0000853     0.0000699     0.0000568     0.0000458     0.0000366     0.0000290     0.0000227     0.0000177     0.0000136     0.0000104     0.0000078
     0.0000528     0.0004151     0.0013596     0.0030906     0.0057190     0.0092495     0.0135804     0.0185165     0.0237929     0.0291074     0.0341559     0.0386650     0.0424184     0.0452725     0.0471615     0.0480916     0.0481283     0.0473797     0.0459788     0.0440676     0.0417847     0.0392568     0.0365933     0.0338846     0.0312016     0.0285980     0.0261118     0.0237683     0.0215825     0.0195615     0.0177062     0.0160133     0.0144766     0.0130876     0.0118370     0.0107145     0.0097100     0.0088133     0.0080146     0.0073046     0.0066745     0.0061159     0.0056212     0.0051834     0.0047960     0.0044529     0.0041487     0.0038786     0.0036381     0.0034231     0.0032302     0.0030561     0.0028982     0.0027540     0.0026215     0.0024990     0.0023849     0.0022781     0.0021774     0.0020820     0.0019911     0.0019040     0.0018200     0.0017385     0.0016590     0.0015808     0.0015034     0.0014264     0.0013493     0.0012719     0.0011941     0.0011160     0.0010378     0.0009599     0.0008826     0.0008067     0.0007327     0.0006612     0.0005927     0.0005277     0.0004666     0.0004097     0.0003571     0.0003091     0.0002655     0.0002264     0.0001915     0.0001608     0.0001339     0.0001107     0.0000907     0.0000737     0.0000594     0.0000474     0.0000376     0.0000295     0.0000229     0.0000177     0.0000135     0.0000102
     0.0000531     0.0004183     0.0013752     0.0031412     0.0058486     0.0095293     0.0141112     0.0194243     0.0252197     0.0311959     0.0370314     0.0424184     0.0470927     0.0508561     0.0535886     0.0552496     0.0558706     0.0555399     0.0543855     0.0525570     0.0502097     0.0474927     0.0445404     0.0414680     0.0383698     0.0353196     0.0323723     0.0295669     0.0269287     0.0244722     0.0222038     0.0201235     0.0182266     0.0165057     0.0149509     0.0135515     0.0122959     0.0111725     0.0101699     0.0092769     0.0084830     0.0077783     0.0071533     0.0065993     0.0061085     0.0056733     0.0052871     0.0049438     0.0046377     0.0043639     0.0041179     0.0038958     0.0036942     0.0035100     0.0033406     0.0031840     0.0030381     0.0029014     0.0027726     0.0026505     0.0025343     0.0024229     0.0023156     0.0022116     0.0021101     0.0020103     0.0019117     0.0018135     0.0017153     0.0016167     0.0015177     0.0014183     0.0013188     0.0012197     0.0011215     0.0010250     0.0009310     0.0008400     0.0007530     0.0006704     0.0005928     0.0005204     0.0004537     0.0003926     0.0003373     0.0002876     0.0002433     0.0002043     0.0001701     0.0001406     0.0001152     0.0000936     0.0000754     0.0000602     0.0000477     0.0000374     0.0000291     0.0000224     0.0000171     0.0000129
     0.0000522     0.0004123     0.0013595     0.0031191     0.0058403     0.0095807     0.0142996     0.0198594     0.0260379     0.0325489     0.0390697     0.0452725     0.0508561     0.0555719     0.0592435     0.0617751     0.0631510     0.0634250     0.0627059     0.0611382     0.0588850     0.0561123     0.0529771     0.0496198     0.0461599     0.0426944     0.0392989     0.0360295     0.0329253     0.0300115     0.0273023     0.0248030     0.0225126     0.0204255     0.0185329     0.0168236     0.0152855     0.0139058     0.0126716     0.0115700     0.0105888     0.0097163     0.0089412     0.0082533     0.0076428     0.0071009     0.0066194     0.0061907     0.0058082     0.0054656     0.0051575     0.0048791     0.0046262     0.0043950     0.0041822     0.0039853     0.0038019     0.0036301     0.0034682     0.0033149     0.0031688     0.0030289     0.0028942     0.0027636     0.0026363     0.0025112     0.0023876     0.0022647     0.0021418     0.0020185     0.0018947     0.0017705     0.0016462     0.0015223     0.0013997     0.0012792     0.0011617     0.0010482     0.0009396     0.0008365     0.0007396     0.0006493     0.0005660     0.0004898     0.0004208     0.0003588     0.0003035     0.0002548     0.0002122     0.0001754     0.0001437     0.0001168     0.0000941     0.0000752     0.0000595     0.0000467     0.0000363     0.0000280     0.0000213     0.0000161
     0.0000505     0.0003988     0.0013188     0.0030379     0.0057171     0.0094366     0.0141863     0.0198640     0.0262818     0.0331804     0.0402508     0.0471615     0.0535886     0.0592435     0.0638974     0.0673969     0.0696700     0.0707232     0.0706308     0.0695181     0.0675434     0.0648805     0.0617034     0.0581750     0.0544400     0.0506206     0.0468159     0.0431027     0.0395373     0.0361591     0.0329929     0.0300523     0.0273418     0.0248595     0.0225985     0.0205489     0.0186985     0.0170336     0.0155404     0.0142045     0.0130121     0.0119496     0.0110042     0.0101636     0.0094165     0.0087524     0.0081613     0.0076345     0.0071638     0.0067417     0.0063618     0.0060181     0.0057055     0.0054196     0.0051564     0.0049127     0.0046856     0.0044728     0.0042724     0.0040824     0.0039016     0.0037285     0.0035619     0.0034005     0.0032432     0.0030888     0.0029363     0.0027847     0.0026332     0.0024813     0.0023289     0.0021760     0.0020231     0.0018707     0.0017199     0.0015718     0.0014274     0.0012879     0.0011543     0.0010276     0.0009086     0.0007977     0.0006953     0.0006017     0.0005169     0.0004407     0.0003728     0.0003130     0.0002607     0.0002154     0.0001765     0.0001434     0.0001156     0.0000923     0.0000731     0.0000573     0.0000446     0.0000343     0.0000262     0.0000198
     0.0000480     0.0003799     0.0012595     0.0029115     0.0055042     0.0091358     0.0138238     0.0195014     0.0260185     0.0331507     0.0406151     0.0480916     0.0552496     0.0617751     0.0673969     0.0719073     0.0751754     0.0771516     0.0778625     0.0773991     0.0759007     0.0735365     0.0704880     0.0669352     0.0630451     0.0589651     0.0548193     0.0507079     0.0467080     0.0428764     0.0392520     0.0358593     0.0327112     0.0298115     0.0271572     0.0247405     0.0225503     0.0205733     0.0187947     0.0171994     0.0157719     0.0144972     0.0133606     0.0123482     0.0114468     0.0106441     0.0099288     0.0092902     0.0087187     0.0082058     0.0077434     0.0073248     0.0069437     0.0065947     0.0062734     0.0059756     0.0056981     0.0054380     0.0051929     0.0049608     0.0047399     0.0045285     0.0043251     0.0041282     0.0039364     0.0037483     0.0035625     0.0033780     0.0031938     0.0030093     0.0028241     0.0026385     0.0024528     0.0022679     0.0020849     0.0019052     0.0017301     0.0015609     0.0013990     0.0012454     0.0011011     0.0009666     0.0008426     0.0007291     0.0006263     0.0005340     0.0004518     0.0003793     0.0003159     0.0002610     0.0002138     0.0001738     0.0001400     0.0001118     0.0000885     0.0000695     0.0000540     0.0000416     0.0000318     0.0000240
     0.0000451     0.0003573     0.0011873     0.0027533     0.0052262     0.0087174     0.0132683     0.0188443     0.0253336     0.0325509     0.0402478     0.0481283     0.0558706     0.0631510     0.0696700     0.0751754     0.0794812     0.0824780     0.0841359     0.0844990     0.0836724     0.0818063     0.0790780     0.0756748     0.0717805     0.0675647     0.0631763     0.0587404     0.0543573     0.0501045     0.0460384     0.0421976     0.0386060     0.0352759     0.0322102     0.0294051     0.0268519     0.0245384     0.0224501     0.0205712     0.0188855     0.0173765     0.0160279     0.0148242     0.0137504     0.0127925     0.0119373     0.0111726     0.0104873     0.0098713     0.0093154     0.0088113     0.0083520     0.0079311     0.0075432     0.0071835     0.0068483     0.0065340     0.0062378     0.0059574     0.0056906     0.0054353     0.0051899     0.0049524     0.0047213     0.0044947     0.0042712     0.0040493     0.0038279     0.0036062     0.0033839     0.0031611     0.0029383     0.0027166     0.0024973     0.0022819     0.0020720     0.0018694     0.0016754     0.0014914     0.0013185     0.0011574     0.0010089     0.0008730     0.0007499     0.0006393     0.0005409     0.0004541     0.0003782     0.0003124     0.0002560     0.0002080     0.0001676     0.0001339     0.0001060     0.0000832     0.0000647     0.0000498     0.0000380     0.0000287
     0.0000419     0.0003326     0.0011073     0.0025749     0.0049053     0.0082182     0.0125739     0.0179663     0.0243195     0.0314880     0.0392623     0.0473797     0.0555399     0.0634250     0.0707232     0.0771516     0.0824780     0.0865367     0.0892383     0.0905706     0.0905921     0.0894194     0.0872110     0.0841501     0.0804277     0.0762297     0.0717271     0.0670692     0.0623811     0.0577631     0.0532923     0.0490245     0.0449980     0.0412361     0.0377501     0.0345423     0.0316081     0.0289378     0.0265182     0.0243339     0.0223681     0.0206035     0.0190226     0.0176081     0.0163436     0.0152133     0.0142022     0.0132966     0.0124837     0.0117518     0.0110903     0.0104898     0.0099420     0.0094395     0.0089760     0.0085461     0.0081451     0.0077691     0.0074149     0.0070795     0.0067604     0.0064554     0.0061622     0.0058787     0.0056030     0.0053329     0.0050667     0.0048026     0.0045393     0.0042758     0.0040117     0.0037471     0.0034827     0.0032197     0.0029595     0.0027040     0.0024552     0.0022149     0.0019850     0.0017669     0.0015620     0.0013712     0.0011951     0.0010341     0.0008883     0.0007573     0.0006407     0.0005378     0.0004479     0.0003701     0.0003032     0.0002464     0.0001985     0.0001586     0.0001255     0.0000985     0.0000766     0.0000590     0.0000450     0.0000340
     0.0000386     0.0003069     0.0010237     0.0023862     0.0045601     0.0076696     0.0117891     0.0169360     0.0230662     0.0300721     0.0377845     0.0459788     0.0543855     0.0627059     0.0706308     0.0778625     0.0841359     0.0892383     0.0930236     0.0954199     0.0964303     0.0961253     0.0946305     0.0921107     0.0887525     0.0847492     0.0802876     0.0755384     0.0706509     0.0657494     0.0609337     0.0562801     0.0518440     0.0476626     0.0437588     0.0401430     0.0368169     0.0337750     0.0310067     0.0284979     0.0262323     0.0241921     0.0223592     0.0207150     0.0192416     0.0179216     0.0167384     0.0156766     0.0147216     0.0138604     0.0130808     0.0123722     0.0117249     0.0111305     0.0105818     0.0100725     0.0095973     0.0091516     0.0087317     0.0083341     0.0079561     0.0075948     0.0072477     0.0069125     0.0065866     0.0062676     0.0059534     0.0056420     0.0053317     0.0050215     0.0047107     0.0043995     0.0040887     0.0037795     0.0034738     0.0031737     0.0028815     0.0025993     0.0023293     0.0020733     0.0018328     0.0016089     0.0014022     0.0012133     0.0010422     0.0008884     0.0007516     0.0006309     0.0005255     0.0004341     0.0003557     0.0002890     0.0002329     0.0001860     0.0001473     0.0001156     0.0000898     0.0000692     0.0000528     0.0000399
     0.0000354     0.0002813     0.0009395     0.0021947     0.0042057     0.0070979     0.0109550     0.0158131     0.0216552     0.0284077     0.0359401     0.0440676     0.0525570     0.0611382     0.0695181     0.0773991     0.0844990     0.0905706     0.0954199     0.0989185     0.1010103     0.1017112     0.1011017     0.0993139     0.0965169     0.0928993     0.0886549     0.0839703     0.0790154     0.0739382     0.0688620     0.0638856     0.0590841     0.0545121     0.0502063     0.0461883     0.0424682     0.0390467     0.0359175     0.0330693     0.0304871     0.0281537     0.0260505     0.0241586     0.0224585     0.0209317     0.0195600     0.0183263     0.0172145     0.0162100     0.0152993     0.0144701     0.0137117     0.0130145     0.0123703     0.0117719     0.0112133     0.0106893     0.0101956     0.0097282     0.0092839     0.0088595     0.0084521     0.0080587     0.0076767     0.0073031     0.0069355     0.0065713     0.0062088     0.0058466     0.0054839     0.0051210     0.0047587     0.0043984     0.0040423     0.0036928     0.0033526     0.0030241     0.0027098     0.0024119     0.0021320     0.0018714     0.0016310     0.0014113     0.0012121     0.0010333     0.0008742     0.0007338     0.0006111     0.0005049     0.0004137     0.0003361     0.0002708     0.0002163     0.0001713     0.0001344     0.0001045     0.0000805     0.0000614     0.0000464
     0.0000322     0.0002563     0.0008571     0.0020060     0.0038536     0.0065232     0.0101044     0.0146471     0.0201562     0.0265875     0.0338458     0.0417847     0.0502097     0.0588850     0.0675434     0.0759007     0.0836724     0.0905921     0.0964303     0.1010103     0.1042198     0.1060166     0.1064272     0.1055397     0.1034915     0.1004536     0.0966155     0.0921705     0.0873037     0.0821833     0.0769556     0.0717425     0.0666411     0.0617256     0.0570493     0.0526479     0.0485424     0.0447420     0.0412466     0.0380492     0.0351376     0.0324961     0.0301067     0.0279503     0.0260068     0.0242565     0.0226801     0.0212588     0.0199753     0.0188132     0.0177576     0.0167950     0.0159133     0.0151017     0.0143511     0.0136533     0.0130016     0.0123900     0.0118137     0.0112683     0.0107499     0.0102550     0.0097803     0.0093223     0.0088777     0.0084435     0.0080165     0.0075939     0.0071736     0.0067539     0.0063341     0.0059141     0.0054950     0.0050785     0.0046669     0.0042631     0.0038700     0.0034906     0.0031277     0.0027837     0.0024605     0.0021597     0.0018822     0.0016285     0.0013987     0.0011923     0.0010087     0.0008467     0.0007051     0.0005825     0.0004773     0.0003878     0.0003125     0.0002496     0.0001976     0.0001550     0.0001205     0.0000928     0.0000708     0.0000535
     0.0000292     0.0002324     0.0007782     0.0018243     0.0035121     0.0059608     0.0092626     0.0134770     0.0186260     0.0246896     0.0316035     0.0392568     0.0474927     0.0561123     0.0648805     0.0735365     0.0818063     0.0894194     0.0961253     0.1017112     0.1060166     0.1089434     0.1104611     0.1106054     0.1094701     0.1071956     0.1039543     0.0999350     0.0953293     0.0903201     0.0850733     0.0797331     0.0744193     0.0692273     0.0642297     0.0594788     0.0550092     0.0508409     0.0469823     0.0434326     0.0401839     0.0372234     0.0345347     0.0320992     0.0298969     0.0279075     0.0261105     0.0244862     0.0230158     0.0216816     0.0204672     0.0193577     0.0183399     0.0174018     0.0165332     0.0157250     0.0149698     0.0142609     0.0135927     0.0129605     0.0123598     0.0117866     0.0112371     0.0107074     0.0101937     0.0096924     0.0091999     0.0087130     0.0082290     0.0077462     0.0072635     0.0067810     0.0062997     0.0058215     0.0053492     0.0048860     0.0044351     0.0040001     0.0035840     0.0031896     0.0028192     0.0024744     0.0021564     0.0018657     0.0016024     0.0013659     0.0011555     0.0009699     0.0008077     0.0006672     0.0005467     0.0004442     0.0003579     0.0002859     0.0002263     0.0001776     0.0001381     0.0001063     0.0000811     0.0000613
     0.0000264     0.0002100     0.0007038     0.0016523     0.0031869     0.0054214     0.0084481     0.0123322     0.0171086     0.0227769     0.0292983     0.0365933     0.0445404     0.0529771     0.0617034     0.0704880     0.0790780     0.0872110     0.0946305     0.1011017     0.1064272     0.1104611     0.1131182     0.1143780     0.1142833     0.1129322     0.1104671     0.1070599     0.1028980     0.0981704     0.0930572     0.0877215     0.0823048     0.0769244     0.0716739     0.0666242     0.0618261     0.0573131     0.0531044     0.0492073     0.0456203     0.0423349     0.0393375     0.0366112     0.0341368     0.0318938     0.0298615     0.0280192     0.0263470     0.0248260     0.0234385     0.0221684     0.0210012     0.0199239     0.0189251     0.0179951     0.0171254     0.0163087     0.0155389     0.0148105     0.0141187     0.0134589     0.0128268     0.0122179     0.0116281     0.0110530     0.0104885     0.0099310     0.0093774     0.0088255     0.0082742     0.0077234     0.0071743     0.0066290     0.0060906     0.0055627     0.0050490     0.0045534     0.0040795     0.0036304     0.0032087     0.0028161     0.0024541     0.0021232     0.0018234     0.0015543     0.0013148     0.0011036     0.0009190     0.0007592     0.0006220     0.0005054     0.0004072     0.0003252     0.0002575     0.0002020     0.0001571     0.0001210     0.0000923     0.0000698
     0.0000237     0.0001891     0.0006346     0.0014916     0.0028816     0.0049122     0.0076733     0.0112336     0.0156368     0.0208973     0.0269976     0.0338846     0.0414680     0.0496198     0.0581750     0.0669352     0.0756748     0.0841501     0.0921107     0.0993139     0.1055397     0.1106054     0.1143780     0.1167836     0.1178101     0.1175060     0.1159724     0.1133522     0.1098161     0.1055490     0.1007368     0.0955560     0.0901666     0.0847069     0.0792916     0.0740121     0.0689373     0.0641167     0.0595825     0.0553527     0.0514340     0.0478239     0.0445133     0.0414882     0.0387310     0.0362222     0.0339411     0.0318666     0.0299782     0.0282558     0.0266809     0.0252362     0.0239060     0.0226763     0.0215348     0.0204708     0.0194750     0.0185396     0.0176577     0.0168234     0.0160312     0.0152760     0.0145530     0.0138572     0.0131838     0.0125279     0.0118847     0.0112502     0.0106207     0.0099936     0.0093677     0.0087428     0.0081201     0.0075021     0.0068921     0.0062941     0.0057124     0.0051514     0.0046150     0.0041067     0.0036294     0.0031853     0.0027757     0.0024013     0.0020622     0.0017577     0.0014869     0.0012480     0.0010393     0.0008585     0.0007034     0.0005715     0.0004604     0.0003677     0.0002911     0.0002284     0.0001776     0.0001368     0.0001044     0.0000789
     0.0000213     0.0001700     0.0005707     0.0013430     0.0025984     0.0044372     0.0069463     0.0101952     0.0142333     0.0190861     0.0247526     0.0312016     0.0383698     0.0461599     0.0544400     0.0630451     0.0717805     0.0804277     0.0887525     0.0965169     0.1034915     0.1094701     0.1142833     0.1178101     0.1199861     0.1208065     0.1203239     0.1186413     0.1159010     0.1122718     0.1079352     0.1030734     0.0978592     0.0924486     0.0869766     0.0815551     0.0762729     0.0711971     0.0663754     0.0618387     0.0576040     0.0536771     0.0500548     0.0467275     0.0436805     0.0408962     0.0383547     0.0360352     0.0339169     0.0319792     0.0302027     0.0285693     0.0270622     0.0256666     0.0243693     0.0231586     0.0220248     0.0209591     0.0199542     0.0190035     0.0181011     0.0172414     0.0164189     0.0156280     0.0148633     0.0141191     0.0133904     0.0126720     0.0119602     0.0112517     0.0105451     0.0098401     0.0091380     0.0084415     0.0077543     0.0070808     0.0064259     0.0057944     0.0051906     0.0046187     0.0040817     0.0035820     0.0031213     0.0027002     0.0023188     0.0019764     0.0016718     0.0014032     0.0011685     0.0009652     0.0007908     0.0006425     0.0005176     0.0004134     0.0003273     0.0002568     0.0001996     0.0001538     0.0001173     0.0000887
     0.0000191     0.0001525     0.0005124     0.0012068     0.0023378     0.0039986     0.0062715     0.0092254     0.0129129     0.0173674     0.0226002     0.0285980     0.0353196     0.0426944     0.0506206     0.0589651     0.0675647     0.0762297     0.0847492     0.0928993     0.1004536     0.1071956     0.1129322     0.1175060     0.1208065     0.1227778     0.1234206     0.1227909     0.1209923     0.1181659     0.1144775     0.1101050     0.1052262     0.1000095     0.0946072     0.0891503     0.0837478     0.0784858     0.0734293     0.0686243     0.0641002     0.0598731     0.0559479     0.0523207     0.0489815     0.0459153     0.0431044     0.0405289     0.0381684     0.0360021     0.0340103     0.0321742     0.0304763     0.0289010     0.0274344     0.0260641     0.0247796     0.0235716     0.0224323     0.0213545     0.0203317     0.0193577     0.0184266     0.0175321     0.0166680     0.0158281     0.0150065     0.0141976     0.0133967     0.0126005     0.0118069     0.0110157     0.0102283     0.0094475     0.0086774     0.0079230     0.0071896     0.0064825     0.0058067     0.0051665     0.0045656     0.0040065     0.0034909     0.0030199     0.0025932     0.0022102     0.0018695     0.0015691     0.0013066     0.0010793     0.0008842     0.0007184     0.0005788     0.0004623     0.0003659     0.0002871     0.0002232     0.0001719     0.0001312     0.0000991
     0.0000171     0.0001366     0.0004593     0.0010828     0.0020999     0.0035967     0.0056506     0.0083285     0.0116842     0.0157563     0.0205655     0.0261118     0.0323723     0.0392989     0.0468159     0.0548193     0.0631763     0.0717271     0.0802876     0.0886549     0.0966155     0.1039543     0.1104671     0.1159724     0.1203239     0.1234206     0.1252135     0.1257081     0.1249623     0.1230798     0.1201994     0.1164837     0.1121060     0.1072397     0.1020485     0.0966803     0.0912624     0.0859003     0.0806774     0.0756566     0.0708819     0.0663816     0.0621706     0.0582529     0.0546244     0.0512745     0.0481885     0.0453485     0.0427351     0.0403282     0.0381081     0.0360557     0.0341532     0.0323844     0.0307348     0.0291915     0.0277434     0.0263808     0.0250951     0.0238789     0.0227250     0.0216268     0.0205776     0.0195706     0.0185989     0.0176555     0.0167336     0.0158269     0.0149303     0.0140398     0.0131530     0.0122695     0.0113908     0.0105199     0.0096613     0.0088205     0.0080032     0.0072155     0.0064628     0.0057500     0.0050809     0.0044584     0.0038846     0.0033602     0.0028854     0.0024592     0.0020800     0.0017457     0.0014536     0.0012007     0.0009837     0.0007992     0.0006439     0.0005142     0.0004071     0.0003194     0.0002483     0.0001913     0.0001459     0.0001103
     0.0000153     0.0001223     0.0004114     0.0009705     0.0018840     0.0032308     0.0050833     0.0075054     0.0105508     0.0142612     0.0186635     0.0237683     0.0295669     0.0360295     0.0431027     0.0507079     0.0587404     0.0670692     0.0755384     0.0839703     0.0921705     0.0999350     0.1070599     0.1133522     0.1186413     0.1227909     0.1257081     0.1273498     0.1277253     0.1268937     0.1249576     0.1220533     0.1183393     0.1139842     0.1091565     0.1040150     0.0987028     0.0933435     0.0880390     0.0828699     0.0778968     0.0731619     0.0686922     0.0645015     0.0605933     0.0569631     0.0536004     0.0504905     0.0476160     0.0449581     0.0424979     0.0402164     0.0380959     0.0361199     0.0342736     0.0325438     0.0309189     0.0293887     0.0279445     0.0265781     0.0252822     0.0240493     0.0228723     0.0217437     0.0206558     0.0196008     0.0185710     0.0175596     0.0165604     0.0155690     0.0145826     0.0136007     0.0126247     0.0116579     0.0107052     0.0097725     0.0088662     0.0079929     0.0071586     0.0063686     0.0056271     0.0049375     0.0043018     0.0037210     0.0031950     0.0027230     0.0023031     0.0019329     0.0016094     0.0013294     0.0010891     0.0008848     0.0007128     0.0005693     0.0004507     0.0003536     0.0002749     0.0002117     0.0001615     0.0001221
