     0.0189911     0.0372106     0.0539683     0.0687210     0.0811117     0.0909789     0.0983394     0.1033529     0.1062777     0.1074276     0.1071346     0.1057205     0.1034789     0.1006644     0.0974894     0.0941245     0.0907025     0.0873227     0.0840569     0.0809539     0.0780448     0.0753465     0.0728653     0.0705995     0.0685415     0.0666798     0.0649994     0.0634838     0.0621147     0.0608730     0.0597393     0.0586934     0.0577155     0.0567853     0.0558828     0.0549882     0.0540819     0.0531447     0.0521583     0.0511048     0.0499679     0.0487325     0.0473853     0.0459152     0.0443141     0.0425767     0.0407015     0.0386910     0.0365521     0.0342960     0.0319390     0.0295017     0.0270089     0.0244890     0.0219732     0.0194945     0.0170863     0.0147808     0.0126078     0.0105935     0.0087584     0.0071174     0.0056782     0.0044419     0.0034028     0.0025493     0.0018652     0.0013308     0.0009245     0.0006243     0.0004091     0.0002598     0.0001595     0.0000945     0.0000539     0.0000296     0.0000156     0.0000078     0.0000038     0.0000017     0.0000008     0.0000003     0.0000001     0.0000000     0.0000000     0.0000000     0.0000000     0.0000000     0.0000000     0.0000000     0.0000000     0.0000000     0.0000000     0.0000000     0.0000000     0.0000000     0.0000000     0.0000000     0.0000000     0.0000000
     0.0372106     0.0729464     0.1058830     0.1349697     0.1595045     0.1791548     0.1939291     0.2041128     0.2101879     0.2127503     0.2124385     0.2098777     0.2056428     0.2002365     0.1940808     0.1875173     0.1808130     0.1741694     0.1677331     0.1616048     0.1558494     0.1505033     0.1455814     0.1410821     0.1369920     0.1332889     0.1299443     0.1269257     0.1241975     0.1217220     0.1194605     0.1173736     0.1154213     0.1135637     0.1117607     0.1099730     0.1081614     0.1062879     0.1043155     0.1022089     0.0999353     0.0974644     0.0947699     0.0918298     0.0886274     0.0851525     0.0814020     0.0773809     0.0731029     0.0685907     0.0638767     0.0590020     0.0540164     0.0489766     0.0439451     0.0389879     0.0341714     0.0295605     0.0252147     0.0211861     0.0175162     0.0142342     0.0113560     0.0088835     0.0068053     0.0050984     0.0037303     0.0026614     0.0018488     0.0012485     0.0008182     0.0005195     0.0003189     0.0001890     0.0001079     0.0000592     0.0000312     0.0000157     0.0000076     0.0000035     0.0000015     0.0000006     0.0000002     0.0000001     0.0000000     0.0000000     0.0000000     0.0000000     0.0000000     0.0000000     0.0000000     0.0000000     0.0000000     0.0000000     0.0000000     0.0000000     0.0000000     0.0000000     0.0000000     0.0000000
     0.0539683     0.1058830     0.1538894     0.1964966     0.2326827     0.2619300     0.2841947     0.2998280     0.3094705     0.3139404     0.3141333     0.3109412     0.3051956     0.2976333     0.2888794     0.2794457     0.2697364     0.2600600     0.2506434     0.2416451     0.2331694     0.2252772     0.2179960     0.2113284     0.2052580     0.1997547     0.1947786     0.1902828     0.1862156     0.1825221     0.1791452     0.1760267     0.1731073     0.1703278     0.1676286     0.1649508     0.1622362     0.1594278     0.1564705     0.1533114     0.1499014     0.1461952     0.1421534     0.1377429     0.1329391     0.1277264     0.1221004     0.1160685     0.1096511     0.1028828     0.0958116     0.0884995     0.0810210     0.0734614     0.0659144     0.0584787     0.0512542     0.0443381     0.0378198     0.0317771     0.0262725     0.0213499     0.0170328     0.0133243     0.0102072     0.0076471     0.0055949     0.0039918     0.0027730     0.0018726     0.0012272     0.0007792     0.0004784     0.0002835     0.0001618     0.0000888     0.0000467     0.0000235     0.0000113     0.0000052     0.0000023     0.0000009     0.0000004     0.0000001     0.0000000     0.0000000     0.0000000     0.0000000     0.0000000     0.0000000     0.0000000     0.0000000     0.0000000     0.0000000     0.0000000     0.0000000     0.0000000     0.0000000     0.0000000     0.0000000
     0.0687210     0.1349697     0.1964966     0.2514627     0.2985661     0.3370931     0.3668971     0.3883198     0.4020753     0.4091230     0.4105458     0.4074484     0.4008815     0.3917923     0.3809977     0.3691764     0.3568723     0.3445067     0.3323941     0.3207591     0.3097528     0.2994678     0.2899509     0.2812138     0.2732420     0.2660012     0.2594432     0.2535093     0.2481341     0.2432467     0.2387733     0.2346378     0.2307626     0.2270697     0.2234807     0.2199176     0.2163034     0.2125625     0.2086218     0.2044113     0.1998653     0.1949241     0.1895349     0.1836540     0.1772483     0.1702976     0.1627956     0.1547525     0.1461957     0.1371708     0.1277423     0.1179928     0.1080215     0.0979422     0.0878797     0.0779658     0.0683336     0.0591126     0.0504220     0.0423657     0.0350268     0.0284638     0.0227082     0.0177639     0.0136082     0.0101950     0.0074591     0.0053218     0.0036970     0.0024965     0.0016361     0.0010388     0.0006378     0.0003779     0.0002157     0.0001184     0.0000623     0.0000314     0.0000151     0.0000069     0.0000030     0.0000012     0.0000005     0.0000002     0.0000001     0.0000000     0.0000000     0.0000000     0.0000000     0.0000000     0.0000000     0.0000000     0.0000000     0.0000000     0.0000000     0.0000000     0.0000000     0.0000000     0.0000000     0.0000000
     0.0811117     0.1595045     0.2326827     0.2985661     0.3556267     0.4029558     0.4402597     0.4677941     0.4862549     0.4966487     0.5001614     0.4980415     0.4915082     0.4816853     0.4695626     0.4559776     0.4416142     0.4270114     0.4125798     0.3986188     0.3853360     0.3728646     0.3612785     0.3506057     0.3408395     0.3319465     0.3238743     0.3165561     0.3099149     0.3038668     0.2983227     0.2931903     0.2883747     0.2837802     0.2793102     0.2748685     0.2703594     0.2656895     0.2607678     0.2555072     0.2498262     0.2436501     0.2369135     0.2295619     0.2215542     0.2128649     0.2034865     0.1934318     0.1827350     0.1714534     0.1596675     0.1474804     0.1350163     0.1224174     0.1098397     0.0974479     0.0854084     0.0738829     0.0630206     0.0529511     0.0437783     0.0355753     0.0283816     0.0222020     0.0170080     0.0127420     0.0093226     0.0066514     0.0046205     0.0031202     0.0020448     0.0012983     0.0007971     0.0004723     0.0002696     0.0001479     0.0000779     0.0000392     0.0000189     0.0000086     0.0000038     0.0000016     0.0000006     0.0000002     0.0000001     0.0000000     0.0000000     0.0000000     0.0000000     0.0000000     0.0000000     0.0000000     0.0000000     0.0000000     0.0000000     0.0000000     0.0000000     0.0000000     0.0000000     0.0000000
     0.0909789     0.1791548     0.2619300     0.3370931     0.4029558     0.4584319     0.5030529     0.5369253     0.5606409     0.5751588     0.5816764     0.5815070     0.5759751     0.5663368     0.5537259     0.5391241     0.5233505     0.5070649     0.4907804     0.4748809     0.4596407     0.4452433     0.4317992     0.4193612     0.4079373     0.3975014     0.3880020     0.3793683     0.3715158     0.3643498     0.3577685     0.3516652     0.3459294     0.3404487     0.3351094     0.3297976     0.3244001     0.3188056     0.3129059     0.3065972     0.2997823     0.2923720     0.2842882     0.2754657     0.2658554     0.2554270     0.2441718     0.2321050     0.2192678     0.2057291     0.1915855     0.1769608     0.1620039     0.1468856     0.1317931     0.1169237     0.1024774     0.0886479     0.0756144     0.0635323     0.0525262     0.0426839     0.0340526     0.0266381     0.0204062     0.0152879     0.0111852     0.0079802     0.0055437     0.0037436     0.0024534     0.0015576     0.0009563     0.0005667     0.0003235     0.0001775     0.0000934     0.0000471     0.0000226     0.0000104     0.0000045     0.0000019     0.0000007     0.0000003     0.0000001     0.0000000     0.0000000     0.0000000     0.0000000     0.0000000     0.0000000     0.0000000     0.0000000     0.0000000     0.0000000     0.0000000     0.0000000     0.0000000     0.0000000     0.0000000
     0.0983394     0.1939291     0.2841947     0.3668971     0.4402597     0.5030529     0.5546287     0.5949038     0.6242982     0.6436394     0.6540475     0.6568166     0.6533054     0.6448466     0.6326795     0.6179061     0.6014696     0.5841479     0.5665611     0.5491853     0.5323713     0.5163634     0.5013188     0.4873241     0.4744108     0.4625670     0.4517482     0.4418847     0.4328887     0.4246583     0.4170819     0.4100404     0.4034097     0.3970623     0.3908684     0.3846976     0.3784198     0.3719066     0.3650330     0.3576789     0.3497317     0.3410880     0.3316572     0.3213636     0.3101504     0.2979825     0.2848499     0.2707704     0.2557924     0.2399963     0.2234947     0.2064323     0.1889828     0.1713453     0.1537382     0.1363918     0.1195392     0.1034066     0.0882025     0.0741085     0.0612699     0.0497889     0.0397207     0.0310718     0.0238026     0.0178323     0.0130468     0.0093084     0.0064662     0.0043666     0.0028616     0.0018168     0.0011154     0.0006610     0.0003773     0.0002070     0.0001090     0.0000549     0.0000264     0.0000121     0.0000053     0.0000022     0.0000008     0.0000003     0.0000001     0.0000000     0.0000000     0.0000000     0.0000000     0.0000000     0.0000000     0.0000000     0.0000000     0.0000000     0.0000000     0.0000000     0.0000000     0.0000000     0.0000000     0.0000000
     0.1033529     0.2041128     0.2998280     0.3883198     0.4677941     0.5369253     0.5949038     0.6414438     0.6767517     0.7014594     0.7165328     0.7231669     0.7226796     0.7164171     0.7056752     0.6916431     0.6753672     0.6577352     0.6394730     0.6211539     0.6032131     0.5859657     0.5696254     0.5543229     0.5401218     0.5270327     0.5150248     0.5040357     0.4939788     0.4847494     0.4762292     0.4682897     0.4607954     0.4536053     0.4465753     0.4395594     0.4324115     0.4249870     0.4171447     0.4087487     0.3996714     0.3897956     0.3790183     0.3672538     0.3544374     0.3405294     0.3255187     0.3094261     0.2923068     0.2742529     0.2553932     0.2358931     0.2159511     0.1957947     0.1756736     0.1558508     0.1365927     0.1181575     0.1007838     0.0846788     0.0700085     0.0568897     0.0453853     0.0355028     0.0271968     0.0203750     0.0149070     0.0106356     0.0073882     0.0049891     0.0032696     0.0020758     0.0012745     0.0007552     0.0004311     0.0002365     0.0001245     0.0000627     0.0000302     0.0000138     0.0000060     0.0000025     0.0000010     0.0000004     0.0000001     0.0000000     0.0000000     0.0000000     0.0000000     0.0000000     0.0000000     0.0000000     0.0000000     0.0000000     0.0000000     0.0000000     0.0000000     0.0000000     0.0000000     0.0000000
     0.1062777     0.2101879     0.3094705     0.4020753     0.4862549     0.5606409     0.6242982     0.6767517     0.7179813     0.7483863     0.7687214     0.7800140     0.7834703     0.7803834     0.7720494     0.7597012     0.7444594     0.7273033     0.7090575     0.6903923     0.6718322     0.6537708     0.6364882     0.6201683     0.6049165     0.5907741     0.5777319     0.5657413     0.5547226     0.5445727     0.5351708     0.5263821     0.5180621     0.5100587     0.5022150     0.4943710     0.4863658     0.4780393     0.4692349     0.4598017     0.4495973     0.4384912     0.4263683     0.4131331     0.3987134     0.3830651     0.3661759     0.3480696     0.3288086     0.3084966     0.2872787     0.2653409     0.2429066     0.2202318     0.1975972     0.1752988     0.1536360     0.1328993     0.1133570     0.0952421     0.0787411     0.0639854     0.0510457     0.0399304     0.0305884     0.0229158     0.0167659     0.0119617     0.0083094     0.0056112     0.0036773     0.0023346     0.0014333     0.0008494     0.0004848     0.0002660     0.0001400     0.0000705     0.0000339     0.0000155     0.0000068     0.0000028     0.0000011     0.0000004     0.0000001     0.0000000     0.0000000     0.0000000     0.0000000     0.0000000     0.0000000     0.0000000     0.0000000     0.0000000     0.0000000     0.0000000     0.0000000     0.0000000     0.0000000     0.0000000
     0.1074276     0.2127503     0.3139404     0.4091230     0.4966487     0.5751588     0.6436394     0.7014594     0.7483863     0.7845772     0.8105444     0.8270981     0.8352725     0.8362440     0.8312499     0.8215161     0.8081985     0.7923416     0.7748530     0.7564932     0.7378763     0.7194792     0.7016554     0.6846513     0.6686228     0.6536508     0.6397558     0.6269098     0.6150464     0.6040694     0.5938597     0.5842802     0.5751801     0.5663990     0.5577689     0.5491177     0.5402708     0.5310539     0.5212959     0.5108312     0.4995037     0.4871698     0.4737028     0.4589976     0.4429748     0.4255859     0.4068179     0.3866976     0.3652946     0.3427243     0.3191481     0.2947728     0.2698467     0.2446541     0.2195069     0.1947337     0.1706674     0.1476304     0.1259207     0.1057970     0.0874666     0.0710752     0.0567014     0.0443542     0.0339770     0.0254542     0.0186229     0.0132866     0.0092296     0.0062326     0.0040845     0.0025932     0.0015921     0.0009434     0.0005385     0.0002955     0.0001555     0.0000783     0.0000377     0.0000173     0.0000075     0.0000031     0.0000012     0.0000004     0.0000002     0.0000000     0.0000000     0.0000000     0.0000000     0.0000000     0.0000000     0.0000000     0.0000000     0.0000000     0.0000000     0.0000000     0.0000000     0.0000000     0.0000000     0.0000000
     0.1071346     0.2124385     0.3141333     0.4105458     0.5001614     0.5816764     0.6540475     0.7165328     0.7687214     0.8105444     0.8422663     0.8644539     0.8779262     0.8836894     0.8828649     0.8766180     0.8660944     0.8523681     0.8364056     0.8190431     0.8009784     0.7827717     0.7648544     0.7475420     0.7310490     0.7155046     0.7009666     0.6874354     0.6748644     0.6631703     0.6522403     0.6419390     0.6321134     0.6225970     0.6132136     0.6037804     0.5941109     0.5840179     0.5733167     0.5618282     0.5493828     0.5358245     0.5210156     0.5048416     0.4872162     0.4680870     0.4474402     0.4253056     0.4017605     0.3769320     0.3509978     0.3241854     0.2967680     0.2690584     0.2413996     0.2141530     0.1876844     0.1623486     0.1384731     0.1163422     0.0961838     0.0781581     0.0623513     0.0487734     0.0373620     0.0279899     0.0204780     0.0146100     0.0101489     0.0068533     0.0044913     0.0028514     0.0017506     0.0010373     0.0005921     0.0003249     0.0001710     0.0000861     0.0000414     0.0000190     0.0000083     0.0000034     0.0000013     0.0000005     0.0000002     0.0000001     0.0000000     0.0000000     0.0000000     0.0000000     0.0000000     0.0000000     0.0000000     0.0000000     0.0000000     0.0000000     0.0000000     0.0000000     0.0000000     0.0000000
     0.1057205     0.2098777     0.3109412     0.4074484     0.4980415     0.5815070     0.6568166     0.7231669     0.7800140     0.8270981     0.8644539     0.8924028     0.9115263     0.9226225     0.9266487     0.9246583     0.9177374     0.9069482     0.8932832     0.8776322     0.8607630     0.8433135     0.8257928     0.8085894     0.7919828     0.7761574     0.7612167     0.7471964     0.7340770     0.7217938     0.7102462     0.6993049     0.6888182     0.6786172     0.6685198     0.6583351     0.6478663     0.6369149     0.6252835     0.6127806     0.5992240     0.5844460     0.5682983     0.5506575     0.5314307     0.5105617     0.4880363     0.4638879     0.4382009     0.4111144     0.3828227     0.3535739     0.3236663     0.2934409     0.2632719     0.2335534     0.2046843     0.1770515     0.1510119     0.1268756     0.1048910     0.0852327     0.0679944     0.0531873     0.0407428     0.0305224     0.0223307     0.0159316     0.0110669     0.0074732     0.0048975     0.0031093     0.0019089     0.0011311     0.0006457     0.0003543     0.0001865     0.0000939     0.0000452     0.0000207     0.0000090     0.0000037     0.0000015     0.0000005     0.0000002     0.0000001     0.0000000     0.0000000     0.0000000     0.0000000     0.0000000     0.0000000     0.0000000     0.0000000     0.0000000     0.0000000     0.0000000     0.0000000     0.0000000     0.0000000
     0.1034789     0.2056428     0.3051956     0.4008815     0.4915082     0.5759751     0.6533054     0.7226796     0.7834703     0.8352725     0.8779262     0.9115263     0.9364170     0.9531692     0.9625422     0.9654337     0.9628236     0.9557169     0.9450938     0.9318675     0.9168549     0.9007589     0.8841609     0.8675221     0.8511901     0.8354105     0.8203387     0.8060534     0.7925685     0.7798447     0.7677989     0.7563132     0.7452414     0.7344158     0.7236515     0.7127518     0.7015119     0.6897232     0.6771778     0.6636724     0.6490133     0.6330218     0.6155395     0.5964348     0.5756085     0.5530011     0.5285981     0.5024364     0.4746083     0.4452646     0.4146163     0.3829323     0.3505358     0.3177964     0.2851190     0.2529307     0.2216633     0.1917357     0.1635344     0.1373950     0.1135863     0.0922973     0.0736296     0.0575947     0.0441186     0.0330511     0.0241805     0.0172513     0.0119835     0.0080921     0.0053030     0.0033667     0.0020670     0.0012248     0.0006991     0.0003836     0.0002019     0.0001017     0.0000489     0.0000224     0.0000098     0.0000040     0.0000016     0.0000006     0.0000002     0.0000001     0.0000000     0.0000000     0.0000000     0.0000000     0.0000000     0.0000000     0.0000000     0.0000000     0.0000000     0.0000000     0.0000000     0.0000000     0.0000000     0.0000000
     0.1006644     0.2002365     0.2976333     0.3917923     0.4816853     0.5663368     0.6448466     0.7164171     0.7803834     0.8362440     0.8836894     0.9226225     0.9531692     0.9756744     0.9906829     0.9989060     1.0011773     0.9984017     0.9915055     0.9813894     0.9688917     0.9547605     0.9396374     0.9240509     0.9084165     0.8930435     0.8781446     0.8638472     0.8502054     0.8372114     0.8248057     0.8128869     0.8013191     0.7899395     0.7785640     0.7669928     0.7550155     0.7424157     0.7289760     0.7144829     0.6987323     0.6815353     0.6627243     0.6421597     0.6197370     0.5953932     0.5691144     0.5409409     0.5109729     0.4793735     0.4463702     0.4122528     0.3773695     0.3421182     0.3069351     0.2722796     0.2386168     0.2063973     0.1760370     0.1478973     0.1222672     0.0993501     0.0792550     0.0619943     0.0474884     0.0355752     0.0260270     0.0185685     0.0128984     0.0087098     0.0057078     0.0036237     0.0022247     0.0013183     0.0007525     0.0004129     0.0002173     0.0001095     0.0000527     0.0000241     0.0000105     0.0000043     0.0000017     0.0000006     0.0000002     0.0000001     0.0000000     0.0000000     0.0000000     0.0000000     0.0000000     0.0000000     0.0000000     0.0000000     0.0000000     0.0000000     0.0000000     0.0000000     0.0000000     0.0000000
     0.0974894     0.1940808     0.2888794     0.3809977     0.4695626     0.5537259     0.6326795     0.7056752     0.7720494     0.8312499     0.8828649     0.9266487     0.9625422     0.9906829     1.0114027     1.0252120     1.0327698     1.0348443     1.0322680     1.0258909     1.0165390     1.0049798     0.9918966     0.9778736     0.9633891     0.9488153     0.9344246     0.9203978     0.9068345     0.8937645     0.8811577     0.8689345     0.8569744     0.8451236     0.8332026     0.8210117     0.8083374     0.7949578     0.7806478     0.7651853     0.7483571     0.7299649     0.7098328     0.6878142     0.6637993     0.6377226     0.6095706     0.5793876     0.5472820     0.5134293     0.4780734     0.4415253     0.4041580     0.3663980     0.3287124     0.2915933     0.2555386     0.2210308     0.1885153     0.1583787     0.1309305     0.1063883     0.0848686     0.0663847     0.0508509     0.0380939     0.0278694     0.0198827     0.0138113     0.0093262     0.0061117     0.0038801     0.0023821     0.0014115     0.0008057     0.0004421     0.0002327     0.0001172     0.0000564     0.0000258     0.0000112     0.0000046     0.0000018     0.0000007     0.0000002     0.0000001     0.0000000     0.0000000     0.0000000     0.0000000     0.0000000     0.0000000     0.0000000     0.0000000     0.0000000     0.0000000     0.0000000     0.0000000     0.0000000     0.0000000
     0.0941245     0.1875173     0.2794457     0.3691764     0.4559776     0.5391241     0.6179061     0.6916431     0.7597012     0.8215161     0.8766180     0.9246583     0.9654337     0.9989060     1.0252120     1.0446627     1.0577295     1.0650181     1.0672332     1.0651372     1.0595083     1.0511020     1.0406191     1.0286821     1.0158209     1.0024659     0.9889480     0.9755034     0.9622816     0.9493548     0.9367277     0.9243480     0.9121154     0.8998900     0.8875005     0.8747511     0.8614280     0.8473062     0.8321552     0.8157459     0.7978572     0.7782831     0.7568400     0.7333750     0.7077738     0.6799691     0.6499478     0.6177591     0.5835193     0.5474166     0.5097116     0.4707365     0.4308894     0.3906249     0.3504412     0.3108630     0.2724211     0.2356298     0.2009636     0.1688345     0.1395723     0.1134087     0.0904679     0.0707636     0.0542046     0.0406058     0.0297068     0.0211934     0.0147216     0.0099408     0.0065144     0.0041357     0.0025390     0.0015045     0.0008588     0.0004712     0.0002480     0.0001249     0.0000601     0.0000275     0.0000120     0.0000049     0.0000019     0.0000007     0.0000002     0.0000001     0.0000000     0.0000000     0.0000000     0.0000000     0.0000000     0.0000000     0.0000000     0.0000000     0.0000000     0.0000000     0.0000000     0.0000000     0.0000000     0.0000000
     0.0907025     0.1808130     0.2697364     0.3568723     0.4416142     0.5233505     0.6014696     0.6753672     0.7444594     0.8081985     0.8660944     0.9177374     0.9628236     1.0011773     1.0327698     1.0577295     1.0763421     1.0890385     1.0963719     1.0989855     1.0975755     1.0928524     1.0855051     1.0761718     1.0654174     1.0537201     1.0414643     1.0289409     1.0163505     1.0038116     0.9913684     0.9790007     0.9666334     0.9541451     0.9413772     0.9281412     0.9142264     0.8994074     0.8834506     0.8661220     0.8471942     0.8264546     0.8037134     0.7788122     0.7516330     0.7221067     0.6902221     0.6560328     0.6196638     0.5813160     0.5412670     0.4998701     0.4575484     0.4147851     0.3721092     0.3300780     0.2892549     0.2501859     0.2133747     0.1792586     0.1481876     0.1204073     0.0960495     0.0751286     0.0575475     0.0431096     0.0315382     0.0224997     0.0156289     0.0105534     0.0069158     0.0043905     0.0026954     0.0015972     0.0009116     0.0005002     0.0002633     0.0001326     0.0000638     0.0000292     0.0000127     0.0000053     0.0000020     0.0000008     0.0000003     0.0000001     0.0000000     0.0000000     0.0000000     0.0000000     0.0000000     0.0000000     0.0000000     0.0000000     0.0000000     0.0000000     0.0000000     0.0000000     0.0000000     0.0000000
     0.0873227     0.1741694     0.2600600     0.3445067     0.4270114     0.5070649     0.5841479     0.6577352     0.7273033     0.7923416     0.8523681     0.9069482     0.9557169     0.9984017     1.0348443     1.0650181     1.0890385     1.1071634     1.1197833     1.1274002     1.1305991     1.1300134     1.1262896     1.1200540     1.1118852     1.1022936     1.0917074     1.0804668     1.0688231     1.0569420     1.0449107     1.0327454     1.0204005     1.0077780     0.9947360     0.9810974     0.9666582     0.9511955     0.9344752     0.9162607     0.8963200     0.8744357     0.8504127     0.8240884     0.7953418     0.7641032     0.7303631     0.6941804     0.6556891     0.6151029     0.5727168     0.5289052     0.4841162     0.4388615     0.3937010     0.3492244     0.3060278     0.2646886     0.2257397     0.1896436     0.1567701     0.1273791     0.1016095     0.0794766     0.0608772     0.0456034     0.0333623     0.0238008     0.0165325     0.0111634     0.0073155     0.0046442     0.0028512     0.0016894     0.0009643     0.0005291     0.0002785     0.0001403     0.0000675     0.0000309     0.0000135     0.0000056     0.0000022     0.0000008     0.0000003     0.0000001     0.0000000     0.0000000     0.0000000     0.0000000     0.0000000     0.0000000     0.0000000     0.0000000     0.0000000     0.0000000     0.0000000     0.0000000     0.0000000     0.0000000
     0.0840569     0.1677331     0.2506434     0.3323941     0.4125798     0.4907804     0.5665611     0.6394730     0.7090575     0.7748530     0.8364056     0.8932832     0.9450938     0.9915055     1.0322680     1.0672332     1.0963719     1.1197833     1.1376968     1.1504629     1.1585350     1.1624422     1.1627587     1.1600701     1.1549436     1.1479010     1.1394000     1.1298208     1.1194603     1.1085306     1.0971628     1.0854125     1.0732677     1.0606578     1.0474619     1.0335184     1.0186336     1.0025903     0.9851572     0.9660968     0.9451753     0.9221717     0.8968875     0.8691568     0.8388568     0.8059178     0.7703328     0.7321665     0.6915623     0.6487469     0.6040328     0.5578157     0.5105691     0.4628326     0.4151975     0.3682853     0.3227249     0.2791252     0.2380478     0.1999802     0.1653122     0.1343177     0.1071428     0.0838035     0.0641907     0.0480849     0.0351773     0.0250954     0.0174315     0.0117704     0.0077132     0.0048967     0.0030061     0.0017812     0.0010167     0.0005578     0.0002936     0.0001479     0.0000711     0.0000326     0.0000142     0.0000059     0.0000023     0.0000008     0.0000003     0.0000001     0.0000000     0.0000000     0.0000000     0.0000000     0.0000000     0.0000000     0.0000000     0.0000000     0.0000000     0.0000000     0.0000000     0.0000000     0.0000000     0.0000000
     0.0809539     0.1616048     0.2416451     0.3207591     0.3986188     0.4748809     0.5491853     0.6211539     0.6903923     0.7564932     0.8190431     0.8776322     0.9318675     0.9813894     1.0258909     1.0651372     1.0989855     1.1274002     1.1504629     1.1683743     1.1814461     1.1900844     1.1947656     1.1960073     1.1943376     1.1902666     1.1842619     1.1767302     1.1680049     1.1583401     1.1479094     1.1368089     1.1250629     1.1126316     1.0994192     1.0852835     1.0700448     1.0534953     1.0354091     1.0155511     0.9936875     0.9695960     0.9430760     0.9139600     0.8821245     0.8475005     0.8100845     0.7699475     0.7272426     0.6822102     0.6351802     0.5865699     0.5368778     0.4866723     0.4365750     0.3872399     0.3393280     0.2934797     0.2502853     0.2102570     0.1738046     0.1412156     0.1126434     0.0881046     0.0674843     0.0505515     0.0369813     0.0263821     0.0183251     0.0123736     0.0081084     0.0051475     0.0031601     0.0018725     0.0010688     0.0005864     0.0003086     0.0001555     0.0000748     0.0000343     0.0000149     0.0000062     0.0000024     0.0000009     0.0000003     0.0000001     0.0000000     0.0000000     0.0000000     0.0000000     0.0000000     0.0000000     0.0000000     0.0000000     0.0000000     0.0000000     0.0000000     0.0000000     0.0000000     0.0000000
     0.0780448     0.1558494     0.2331694     0.3097528     0.3853360     0.4596407     0.5323713     0.6032131     0.6718322     0.7378763     0.8009784     0.8607630     0.9168549     0.9688917     1.0165390     1.0595083     1.0975755     1.1305991     1.1585350     1.1814461     1.1995041     1.2129832     1.2222442     1.2277128     1.2298526     1.2291363     1.2260195     1.2209172     1.2141862     1.2061141     1.1969128     1.1867174     1.1755896     1.1635228     1.1504496     1.1362506     1.1207640     1.1037950     1.0851261     1.0645278     1.0417686     1.0166272     0.9889029     0.9584280     0.9250794     0.8887902     0.8495612     0.8074702     0.7626806     0.7154468     0.6661165     0.6151287     0.5630071     0.5103483     0.4578048     0.4060626     0.3558149     0.3077330     0.2624358     0.2204603     0.1822358     0.1480634     0.1181039     0.0923741     0.0707536     0.0529998     0.0387719     0.0276591     0.0192119     0.0129723     0.0085006     0.0053965     0.0033129     0.0019630     0.0011204     0.0006148     0.0003236     0.0001630     0.0000784     0.0000359     0.0000156     0.0000065     0.0000025     0.0000009     0.0000003     0.0000001     0.0000000     0.0000000     0.0000000     0.0000000     0.0000000     0.0000000     0.0000000     0.0000000     0.0000000     0.0000000     0.0000000     0.0000000     0.0000000     0.0000000
     0.0753465     0.1505033     0.2252772     0.2994678     0.3728646     0.4452433     0.5163634     0.5859657     0.6537708     0.7194792     0.7827717     0.8433135     0.9007589     0.9547605     1.0049798     1.0511020     1.0928524     1.1300134     1.1624422     1.1900844     1.2129832     1.2312818     1.2452174     1.2551073     1.2613282     1.2642918     1.2644174     1.2621075     1.2577259     1.2515809     1.2439147     1.2348974     1.2246265     1.2131295     1.2003696     1.1862536     1.1706407     1.1533524     1.1341834     1.1129123     1.0893132     1.0631678     1.0342775     1.0024761     0.9676424     0.9297130     0.8886936     0.8446699     0.7978160     0.7484009     0.6967903     0.6434449     0.5889138     0.5338220     0.4788524     0.4247229     0.3721586     0.3218619     0.2744797     0.2305735     0.1905921     0.1548501     0.1235153     0.0966052     0.0739932     0.0554258     0.0405461     0.0289244     0.0200906     0.0135655     0.0088892     0.0056431     0.0034643     0.0020527     0.0011716     0.0006428     0.0003383     0.0001704     0.0000820     0.0000376     0.0000164     0.0000067     0.0000026     0.0000010     0.0000003     0.0000001     0.0000000     0.0000000     0.0000000     0.0000000     0.0000000     0.0000000     0.0000000     0.0000000     0.0000000     0.0000000     0.0000000     0.0000000     0.0000000     0.0000000
     0.0728653     0.1455814     0.2179960     0.2899509     0.3612785     0.4317992     0.5013188     0.5696254     0.6364882     0.7016554     0.7648544     0.8257928     0.8841609     0.9396374     0.9918966     1.0406191     1.0855051     1.1262896     1.1627587     1.1947656     1.2222442     1.2452174     1.2637999     1.2781926     1.2886705     1.2955628     1.2992307     1.3000418     1.2983467     1.2944592     1.2886398     1.2810861     1.2719273     1.2612238     1.2489700     1.2351008     1.2194994     1.2020071     1.1824336     1.1605691     1.1361958     1.1091013     1.0790913     1.0460031     1.0097191     0.9701804     0.9273990     0.8814693     0.8325770     0.7810058     0.7271399     0.6714621     0.6145468     0.5570470     0.4996762     0.4431839     0.3883272     0.3358386     0.2863932     0.2405768     0.1988571     0.1615623     0.1288671     0.1007893     0.0771968     0.0578246     0.0423004     0.0301755     0.0209593     0.0141519     0.0092734     0.0058870     0.0036139     0.0021413     0.0012222     0.0006706     0.0003529     0.0001778     0.0000855     0.0000392     0.0000171     0.0000070     0.0000027     0.0000010     0.0000003     0.0000001     0.0000000     0.0000000     0.0000000     0.0000000     0.0000000     0.0000000     0.0000000     0.0000000     0.0000000     0.0000000     0.0000000     0.0000000     0.0000000     0.0000000
     0.0705995     0.1410821     0.2113284     0.2812138     0.3506057     0.4193612     0.4873241     0.5543229     0.6201683     0.6846513     0.7475420     0.8085894     0.8675221     0.9240509     0.9778736     1.0286821     1.0761718     1.1200540     1.1600701     1.1960073     1.2277128     1.2551073     1.2781926     1.2970549     1.3118595     1.3228395     1.3302780     1.3344868     1.3357829     1.3344664     1.3308017     1.3250025     1.3172227     1.3075516     1.2960138     1.2825728     1.2671379     1.2495723     1.2297044     1.2073385     1.1822685     1.1542902     1.1232160     1.0888889     1.0511969     1.0100871     0.9655790     0.9177766     0.8668780     0.8131823     0.7570924     0.6991133     0.6398448     0.5799682     0.5202271     0.4614024     0.4042825     0.3496302     0.2981484     0.2504465     0.2070114     0.1681842     0.1341466     0.1049168     0.0803569     0.0601908     0.0440307     0.0314094     0.0218161     0.0147302     0.0096522     0.0061274     0.0037615     0.0022287     0.0012721     0.0006979     0.0003673     0.0001850     0.0000890     0.0000408     0.0000178     0.0000073     0.0000029     0.0000011     0.0000004     0.0000001     0.0000000     0.0000000     0.0000000     0.0000000     0.0000000     0.0000000     0.0000000     0.0000000     0.0000000     0.0000000     0.0000000     0.0000000     0.0000000     0.0000000
     0.0685415     0.1369920     0.2052580     0.2732420     0.3408395     0.4079373     0.4744108     0.5401218     0.6049165     0.6686228     0.7310490     0.7919828     0.8511901     0.9084165     0.9633891     1.0158209     1.0654174     1.1118852     1.1549436     1.1943376     1.2298526     1.2613282     1.2886705     1.3118595     1.3309525     1.3460793     1.3574318     1.3652479     1.3697908     1.3713278     1.3701095     1.3663519     1.3602231     1.3518345     1.3412371     1.3284221     1.3133250     1.2958334     1.2757962     1.2530353     1.2273585     1.1985732     1.1665009     1.1309926     1.0919437     1.0493092     1.0031176     0.9534835     0.9006181     0.8448367     0.7865614     0.7263195     0.6647362     0.6025208     0.5404471     0.4793269     0.4199797     0.3631982     0.3097123     0.2601552     0.2150321     0.1746974     0.1393391     0.1089760     0.0834645     0.0625176     0.0457321     0.0326227     0.0226585     0.0152988     0.0100247     0.0063638     0.0039066     0.0023147     0.0013211     0.0007248     0.0003815     0.0001922     0.0000924     0.0000424     0.0000184     0.0000076     0.0000030     0.0000011     0.0000004     0.0000001     0.0000000     0.0000000     0.0000000     0.0000000     0.0000000     0.0000000     0.0000000     0.0000000     0.0000000     0.0000000     0.0000000     0.0000000     0.0000000     0.0000000
     0.0666798     0.1332889     0.1997547     0.2660012     0.3319465     0.3975014     0.4625670     0.5270327     0.5907741     0.6536508     0.7155046     0.7761574     0.8354105     0.8930435     0.9488153     1.0024659     1.0537201     1.1022936     1.1479010     1.1902666     1.2291363     1.2642918     1.2955628     1.3228395     1.3460793     1.3653100     1.3806260     1.3921785     1.4001603     1.4047871     1.4062774     1.4048332     1.4006235     1.3937722     1.3843501     1.3723725     1.3578004     1.3405458     1.3204802     1.2974454     1.2712658     1.2417630     1.2087705     1.1721495     1.1318053     1.0877023     1.0398794     0.9884634     0.9336797     0.8758601     0.8154463     0.7529884     0.6891369     0.6246292     0.5602686     0.4968977     0.4353667     0.3764974     0.3210466     0.2696705     0.2228928     0.1810801     0.1444274     0.1129535     0.0865094     0.0647973     0.0473990     0.0338113     0.0234837     0.0158558     0.0103896     0.0065953     0.0040487     0.0023988     0.0013691     0.0007512     0.0003953     0.0001991     0.0000958     0.0000439     0.0000191     0.0000079     0.0000031     0.0000011     0.0000004     0.0000001     0.0000000     0.0000000     0.0000000     0.0000000     0.0000000     0.0000000     0.0000000     0.0000000     0.0000000     0.0000000     0.0000000     0.0000000     0.0000000     0.0000000
     0.0649994     0.1299443     0.1947786     0.2594432     0.3238743     0.3880020     0.4517482     0.5150248     0.5777319     0.6397558     0.7009666     0.7612167     0.8203387     0.8781446     0.9344246     0.9889480     1.0414643     1.0917074     1.1394000     1.1842619     1.2260195     1.2644174     1.2992307     1.3302780     1.3574318     1.3806260     1.3998583     1.4151876     1.4267244     1.4346171     1.4390345     1.4401474     1.4381104     1.4330473     1.4250396     1.4141208     1.4002739     1.3834344     1.3634970     1.3403246     1.3137610     1.2836443     1.2498224     1.2121697     1.1706031     1.1250987     1.0757076     1.0225699     0.9659262     0.9061258     0.8436305     0.7790132     0.7129499     0.6462058     0.5796134     0.5140457     0.4503829     0.3894756     0.3321069     0.2789553     0.2305625     0.1873075     0.1493915     0.1168337     0.0894797     0.0670210     0.0490249     0.0349705     0.0242886     0.0163990     0.0107454     0.0068211     0.0041872     0.0024809     0.0014160     0.0007769     0.0004089     0.0002060     0.0000991     0.0000454     0.0000198     0.0000082     0.0000032     0.0000012     0.0000004     0.0000001     0.0000000     0.0000000     0.0000000     0.0000000     0.0000000     0.0000000     0.0000000     0.0000000     0.0000000     0.0000000     0.0000000     0.0000000     0.0000000     0.0000000
     0.0634838     0.1269257     0.1902828     0.2535093     0.3165561     0.3793683     0.4418847     0.5040357     0.5657413     0.6269098     0.6874354     0.7471964     0.8060534     0.8638472     0.9203978     0.9755034     1.0289409     1.0804668     1.1298208     1.1767302     1.2209172     1.2621075     1.3000418     1.3344868     1.3652479     1.3921785     1.4151876     1.4342427     1.4493664     1.4606289     1.4681347     1.4720067     1.4723692     1.4693313     1.4629737     1.4533392     1.4404271     1.4241936     1.4045553     1.3813972     1.3545836     1.3239713     1.2894254     1.2508353     1.2081322     1.1613061     1.1104219     1.0556344     0.9972007     0.9354883     0.8709798     0.8042710     0.7360635     0.6671498     0.5983916     0.5306914     0.4649590     0.4020730     0.3428421     0.2879668     0.2380060     0.1933508     0.1542086     0.1205988     0.0923616     0.0691784     0.0506022     0.0360951     0.0250693     0.0169259     0.0110905     0.0070401     0.0043216     0.0025605     0.0014614     0.0008018     0.0004220     0.0002126     0.0001022     0.0000468     0.0000204     0.0000084     0.0000033     0.0000012     0.0000004     0.0000001     0.0000000     0.0000000     0.0000000     0.0000000     0.0000000     0.0000000     0.0000000     0.0000000     0.0000000     0.0000000     0.0000000     0.0000000     0.0000000     0.0000000
