     0.0000000     0.0000000     0.0000000     0.0000000     0.0000000     0.0000000     0.0000000     0.0000000     0.0000000     0.0000000     0.0000000     0.0000000     0.0000000     0.0000000     0.0000000     0.0000000     0.0000000     0.0000000     0.0000000     0.0000000     0.0000000     0.0000000     0.0000000     0.0000000     0.0000000     0.0000000     0.0000000     0.0000000     0.0000000     0.0000000     0.0000000     0.0000000     0.0000000     0.0000000     0.0000000     0.0000000     0.0000000     0.0000000     0.0000000     0.0000000     0.0000000     0.0000000     0.0000000     0.0000000     0.0000000     0.0000000     0.0000000     0.0000000     0.0000000     0.0000000     0.0000000     0.0000000     0.0000000     0.0000000     0.0000000     0.0000000     0.0000000     0.0000000     0.0000000     0.0000000     0.0000000     0.0000000     0.0000000     0.0000000     0.0000000     0.0000000     0.0000000    -0.0000000    -0.0000000    -0.0000000    -0.0000000    -0.0000000    -0.0000000    -0.0000000    -0.0000000    -0.0000000    -0.0000000    -0.0000000    -0.0000000    -0.0000000    -0.0000000    -0.0000000    -0.0000000    -0.0000000    -0.0000000    -0.0000000    -0.0000000    -0.0000000    -0.0000000    -0.0000000    -0.0000000    -0.0000000    -0.0000000    -0.0000000    -0.0000000    -0.0000000    -0.0000000    -0.0000000    -0.0000000    -0.0000000
     0.0000000     0.0000000     0.0000000     0.0000000     0.0000000     0.0000000     0.0000000     0.0000000     0.0000000     0.0000000     0.0000000     0.0000000     0.0000000     0.0000000     0.0000000     0.0000000     0.0000000     0.0000000     0.0000000     0.0000000     0.0000000     0.0000000     0.0000000     0.0000000     0.0000000     0.0000000     0.0000000     0.0000000     0.0000000     0.0000000     0.0000000     0.0000000     0.0000000     0.0000000     0.0000000     0.0000000     0.0000000     0.0000000     0.0000000     0.0000000     0.0000000     0.0000000     0.0000000     0.0000000     0.0000000     0.0000000     0.0000000     0.0000000     0.0000000     0.0000000     0.0000000     0.0000000     0.0000000     0.0000000     0.0000000     0.0000000     0.0000000     0.0000000     0.0000000     0.0000000     0.0000000     0.0000000     0.0000000     0.0000000     0.0000000     0.0000000     0.0000000    -0.0000000    -0.0000000    -0.0000000    -0.0000000    -0.0000000    -0.0000000    -0.0000000    -0.0000000    -0.0000000    -0.0000000    -0.0000000    -0.0000000    -0.0000000    -0.0000000    -0.0000000    -0.0000000    -0.0000000    -0.0000000    -0.0000000    -0.0000000    -0.0000000    -0.0000000    -0.0000000    -0.0000000    -0.0000000    -0.0000000    -0.0000000    -0.0000000    -0.0000000    -0.0000000    -0.0000000    -0.0000000    -0.0000000
     0.0000000     0.0000000     0.0000000     0.0000000     0.0000000     0.0000000     0.0000000     0.0000001     0.0000001     0.0000001     0.0000001     0.0000002     0.0000002     0.0000002     0.0000002     0.0000002     0.0000002     0.0000002     0.0000002     0.0000002     0.0000002     0.0000002     0.0000001     0.0000001     0.0000001     0.0000001     0.0000001     0.0000001     0.0000001     0.0000001     0.0000001     0.0000001     0.0000000     0.0000000     0.0000000     0.0000000     0.0000000     0.0000000     0.0000000     0.0000000     0.0000000     0.0000000     0.0000000     0.0000000     0.0000000     0.0000000     0.0000000     0.0000000     0.0000000     0.0000000     0.0000000     0.0000000     0.0000000     0.0000000     0.0000000     0.0000000     0.0000000     0.0000000     0.0000000     0.0000000     0.0000000     0.0000000     0.0000000     0.0000000     0.0000000     0.0000000     0.0000000    -0.0000000    -0.0000000    -0.0000000    -0.0000000    -0.0000000    -0.0000000    -0.0000000    -0.0000000    -0.0000000    -0.0000000    -0.0000000    -0.0000000    -0.0000000    -0.0000000    -0.0000000    -0.0000000    -0.0000000    -0.0000000    -0.0000000    -0.0000000    -0.0000000    -0.0000000    -0.0000000    -0.0000000    -0.0000000    -0.0000000    -0.0000000    -0.0000000    -0.0000000    -0.0000000    -0.0000000    -0.0000000    -0.0000000
     0.0000000     0.0000000     0.0000000     0.0000000     0.0000000     0.0000001     0.0000002     0.0000003     0.0000004     0.0000006     0.0000007     0.0000008     0.0000010     0.0000010     0.0000011     0.0000011     0.0000011     0.0000011     0.0000010     0.0000010     0.0000009     0.0000008     0.0000008     0.0000007     0.0000006     0.0000006     0.0000005     0.0000004     0.0000004     0.0000004     0.0000003     0.0000003     0.0000002     0.0000002     0.0000002     0.0000002     0.0000002     0.0000001     0.0000001     0.0000001     0.0000001     0.0000001     0.0000001     0.0000001     0.0000001     0.0000000     0.0000000     0.0000000     0.0000000     0.0000000     0.0000000     0.0000000     0.0000000     0.0000000     0.0000000     0.0000000     0.0000000     0.0000000     0.0000000     0.0000000     0.0000000     0.0000000     0.0000000     0.0000000     0.0000000     0.0000000     0.0000000    -0.0000000    -0.0000000    -0.0000000    -0.0000000    -0.0000000    -0.0000000    -0.0000000    -0.0000000    -0.0000000    -0.0000000    -0.0000000    -0.0000000    -0.0000000    -0.0000000    -0.0000000    -0.0000000    -0.0000000    -0.0000000    -0.0000000    -0.0000000    -0.0000000    -0.0000000    -0.0000000    -0.0000000    -0.0000000    -0.0000000    -0.0000000    -0.0000000    -0.0000000    -0.0000000    -0.0000000    -0.0000000    -0.0000000
     0.0000000     0.0000000     0.0000000     0.0000000     0.0000001     0.0000003     0.0000005     0.0000009     0.0000014     0.0000019     0.0000025     0.0000030     0.0000034     0.0000037     0.0000039     0.0000040     0.0000040     0.0000039     0.0000037     0.0000035     0.0000033     0.0000031     0.0000028     0.0000026     0.0000023     0.0000021     0.0000019     0.0000017     0.0000015     0.0000013     0.0000012     0.0000011     0.0000009     0.0000008     0.0000007     0.0000007     0.0000006     0.0000005     0.0000005     0.0000004     0.0000004     0.0000003     0.0000003     0.0000002     0.0000002     0.0000002     0.0000002     0.0000001     0.0000001     0.0000001     0.0000001     0.0000001     0.0000001     0.0000001     0.0000000     0.0000000     0.0000000     0.0000000     0.0000000     0.0000000     0.0000000     0.0000000     0.0000000     0.0000000     0.0000000     0.0000000     0.0000000    -0.0000000    -0.0000000    -0.0000000    -0.0000000    -0.0000000    -0.0000000    -0.0000000    -0.0000000    -0.0000000    -0.0000000    -0.0000000    -0.0000000    -0.0000000    -0.0000000    -0.0000000    -0.0000000    -0.0000000    -0.0000000    -0.0000000    -0.0000000    -0.0000000    -0.0000000    -0.0000000    -0.0000000    -0.0000000    -0.0000000    -0.0000000    -0.0000000    -0.0000000    -0.0000000    -0.0000000    -0.0000000    -0.0000000
     0.0000000     0.0000000     0.0000000     0.0000001     0.0000003     0.0000006     0.0000013     0.0000023     0.0000035     0.0000050     0.0000065     0.0000079     0.0000092     0.0000101     0.0000108     0.0000112     0.0000112     0.0000110     0.0000106     0.0000101     0.0000095     0.0000088     0.0000081     0.0000074     0.0000067     0.0000061     0.0000055     0.0000049     0.0000044     0.0000039     0.0000035     0.0000031     0.0000028     0.0000025     0.0000022     0.0000019     0.0000017     0.0000015     0.0000013     0.0000012     0.0000011     0.0000009     0.0000008     0.0000007     0.0000006     0.0000006     0.0000005     0.0000004     0.0000004     0.0000003     0.0000003     0.0000002     0.0000002     0.0000002     0.0000001     0.0000001     0.0000001     0.0000001     0.0000001     0.0000000     0.0000000     0.0000000     0.0000000     0.0000000     0.0000000     0.0000000     0.0000000    -0.0000000    -0.0000000    -0.0000000    -0.0000000    -0.0000000    -0.0000000    -0.0000000    -0.0000000    -0.0000000    -0.0000000    -0.0000000    -0.0000000    -0.0000000    -0.0000000    -0.0000000    -0.0000000    -0.0000000    -0.0000000    -0.0000000    -0.0000000    -0.0000000    -0.0000000    -0.0000000    -0.0000000    -0.0000000    -0.0000000    -0.0000000    -0.0000000    -0.0000000    -0.0000000    -0.0000000    -0.0000000    -0.0000000
     0.0000000     0.0000000     0.0000000     0.0000002     0.0000005     0.0000013     0.0000027     0.0000048     0.0000075     0.0000107     0.0000141     0.0000175     0.0000205     0.0000230     0.0000248     0.0000258     0.0000262     0.0000260     0.0000253     0.0000242     0.0000228     0.0000213     0.0000197     0.0000180     0.0000164     0.0000149     0.0000134     0.0000121     0.0000108     0.0000097     0.0000086     0.0000077     0.0000069     0.0000061     0.0000054     0.0000048     0.0000043     0.0000038     0.0000034     0.0000030     0.0000026     0.0000023     0.0000021     0.0000018     0.0000016     0.0000014     0.0000012     0.0000011     0.0000009     0.0000008     0.0000007     0.0000006     0.0000005     0.0000004     0.0000004     0.0000003     0.0000002     0.0000002     0.0000002     0.0000001     0.0000001     0.0000001     0.0000000     0.0000000     0.0000000     0.0000000     0.0000000    -0.0000000    -0.0000000    -0.0000000    -0.0000000    -0.0000000    -0.0000000    -0.0000000    -0.0000000    -0.0000000    -0.0000000    -0.0000000    -0.0000000    -0.0000000    -0.0000000    -0.0000000    -0.0000000    -0.0000000    -0.0000000    -0.0000000    -0.0000000    -0.0000000    -0.0000000    -0.0000000    -0.0000000    -0.0000000    -0.0000000    -0.0000000    -0.0000000    -0.0000000    -0.0000000    -0.0000000    -0.0000000    -0.0000000
     0.0000000     0.0000000     0.0000001     0.0000003     0.0000009     0.0000023     0.0000048     0.0000085     0.0000136     0.0000198     0.0000267     0.0000335     0.0000399     0.0000453     0.0000495     0.0000522     0.0000535     0.0000536     0.0000525     0.0000506     0.0000481     0.0000451     0.0000419     0.0000386     0.0000353     0.0000321     0.0000291     0.0000262     0.0000236     0.0000211     0.0000189     0.0000169     0.0000150     0.0000134     0.0000119     0.0000106     0.0000094     0.0000084     0.0000074     0.0000066     0.0000058     0.0000051     0.0000045     0.0000040     0.0000035     0.0000031     0.0000027     0.0000024     0.0000021     0.0000018     0.0000015     0.0000013     0.0000011     0.0000009     0.0000008     0.0000007     0.0000005     0.0000004     0.0000003     0.0000003     0.0000002     0.0000001     0.0000001     0.0000001     0.0000000     0.0000000     0.0000000    -0.0000000    -0.0000000    -0.0000000    -0.0000000    -0.0000000    -0.0000000    -0.0000000    -0.0000000    -0.0000000    -0.0000000    -0.0000000    -0.0000000    -0.0000000    -0.0000000    -0.0000000    -0.0000000    -0.0000000    -0.0000000    -0.0000000    -0.0000000    -0.0000000    -0.0000000    -0.0000000    -0.0000000    -0.0000000    -0.0000000    -0.0000000    -0.0000000    -0.0000000    -0.0000000    -0.0000000    -0.0000000    -0.0000000
     0.0000000     0.0000000     0.0000001     0.0000004     0.0000014     0.0000035     0.0000075     0.0000136     0.0000222     0.0000328     0.0000449     0.0000574     0.0000694     0.0000800     0.0000885     0.0000946     0.0000982     0.0000993     0.0000983     0.0000955     0.0000914     0.0000864     0.0000807     0.0000747     0.0000687     0.0000627     0.0000570     0.0000515     0.0000464     0.0000417     0.0000374     0.0000335     0.0000299     0.0000267     0.0000238     0.0000212     0.0000188     0.0000167     0.0000149     0.0000132     0.0000117     0.0000103     0.0000091     0.0000081     0.0000071     0.0000062     0.0000055     0.0000048     0.0000042     0.0000036     0.0000031     0.0000027     0.0000023     0.0000019     0.0000016     0.0000013     0.0000011     0.0000009     0.0000007     0.0000005     0.0000004     0.0000003     0.0000002     0.0000001     0.0000001     0.0000000     0.0000000    -0.0000000    -0.0000000    -0.0000000    -0.0000000    -0.0000000    -0.0000000    -0.0000000    -0.0000000    -0.0000000    -0.0000000    -0.0000000    -0.0000000    -0.0000000    -0.0000000    -0.0000000    -0.0000000    -0.0000000    -0.0000000    -0.0000000    -0.0000000    -0.0000000    -0.0000000    -0.0000000    -0.0000000    -0.0000000    -0.0000000    -0.0000000    -0.0000000    -0.0000000    -0.0000000    -0.0000000    -0.0000000    -0.0000000
     0.0000000     0.0000000     0.0000001     0.0000006     0.0000019     0.0000050     0.0000107     0.0000198     0.0000328     0.0000494     0.0000687     0.0000895     0.0001100     0.0001289     0.0001448     0.0001570     0.0001649     0.0001688     0.0001688     0.0001657     0.0001599     0.0001522     0.0001432     0.0001334     0.0001232     0.0001130     0.0001031     0.0000936     0.0000846     0.0000763     0.0000685     0.0000615     0.0000550     0.0000492     0.0000439     0.0000391     0.0000349     0.0000310     0.0000276     0.0000245     0.0000217     0.0000192     0.0000170     0.0000150     0.0000133     0.0000117     0.0000102     0.0000089     0.0000078     0.0000067     0.0000058     0.0000050     0.0000042     0.0000036     0.0000030     0.0000025     0.0000020     0.0000016     0.0000013     0.0000010     0.0000008     0.0000006     0.0000004     0.0000003     0.0000002     0.0000001     0.0000000    -0.0000000    -0.0000000    -0.0000000    -0.0000001    -0.0000001    -0.0000001    -0.0000000    -0.0000000    -0.0000000    -0.0000000    -0.0000000    -0.0000000    -0.0000000    -0.0000000    -0.0000000    -0.0000000    -0.0000000    -0.0000000    -0.0000000    -0.0000000    -0.0000000    -0.0000000    -0.0000000    -0.0000000    -0.0000000    -0.0000000    -0.0000000    -0.0000000    -0.0000000    -0.0000000    -0.0000000    -0.0000000    -0.0000000
     0.0000000     0.0000000     0.0000001     0.0000007     0.0000025     0.0000065     0.0000141     0.0000267     0.0000449     0.0000687     0.0000974     0.0001290     0.0001615     0.0001924     0.0002197     0.0002416     0.0002575     0.0002668     0.0002700     0.0002678     0.0002609     0.0002504     0.0002374     0.0002226     0.0002068     0.0001908     0.0001748     0.0001593     0.0001446     0.0001307     0.0001179     0.0001060     0.0000951     0.0000852     0.0000761     0.0000680     0.0000607     0.0000541     0.0000481     0.0000428     0.0000380     0.0000337     0.0000298     0.0000264     0.0000232     0.0000205     0.0000179     0.0000157     0.0000137     0.0000119     0.0000102     0.0000088     0.0000075     0.0000063     0.0000053     0.0000044     0.0000036     0.0000029     0.0000023     0.0000018     0.0000013     0.0000010     0.0000007     0.0000005     0.0000003     0.0000001     0.0000000    -0.0000000    -0.0000001    -0.0000001    -0.0000001    -0.0000001    -0.0000001    -0.0000001    -0.0000001    -0.0000001    -0.0000001    -0.0000000    -0.0000000    -0.0000000    -0.0000000    -0.0000000    -0.0000000    -0.0000000    -0.0000000    -0.0000000    -0.0000000    -0.0000000    -0.0000000    -0.0000000    -0.0000000    -0.0000000    -0.0000000    -0.0000000    -0.0000000    -0.0000000    -0.0000000    -0.0000000    -0.0000000    -0.0000000
     0.0000000     0.0000000     0.0000002     0.0000008     0.0000030     0.0000079     0.0000175     0.0000335     0.0000574     0.0000895     0.0001290     0.0001741     0.0002219     0.0002690     0.0003122     0.0003489     0.0003773     0.0003965     0.0004063     0.0004075     0.0004012     0.0003887     0.0003715     0.0003509     0.0003283     0.0003046     0.0002806     0.0002569     0.0002341     0.0002125     0.0001921     0.0001733     0.0001559     0.0001399     0.0001254     0.0001122     0.0001002     0.0000895     0.0000797     0.0000710     0.0000631     0.0000560     0.0000496     0.0000439     0.0000388     0.0000341     0.0000300     0.0000262     0.0000229     0.0000198     0.0000171     0.0000147     0.0000125     0.0000106     0.0000089     0.0000073     0.0000060     0.0000048     0.0000038     0.0000030     0.0000023     0.0000017     0.0000012     0.0000008     0.0000005     0.0000002     0.0000001    -0.0000000    -0.0000001    -0.0000001    -0.0000002    -0.0000002    -0.0000002    -0.0000001    -0.0000001    -0.0000001    -0.0000001    -0.0000001    -0.0000001    -0.0000001    -0.0000000    -0.0000000    -0.0000000    -0.0000000    -0.0000000    -0.0000000    -0.0000000    -0.0000000    -0.0000000    -0.0000000    -0.0000000    -0.0000000    -0.0000000    -0.0000000    -0.0000000    -0.0000000    -0.0000000    -0.0000000    -0.0000000    -0.0000000
     0.0000000     0.0000000     0.0000002     0.0000010     0.0000034     0.0000092     0.0000205     0.0000399     0.0000694     0.0001100     0.0001615     0.0002219     0.0002878     0.0003551     0.0004194     0.0004765     0.0005233     0.0005579     0.0005795     0.0005884     0.0005858     0.0005734     0.0005530     0.0005268     0.0004964     0.0004635     0.0004295     0.0003953     0.0003619     0.0003298     0.0002993     0.0002708     0.0002443     0.0002199     0.0001975     0.0001771     0.0001585     0.0001417     0.0001265     0.0001128     0.0001004     0.0000892     0.0000791     0.0000701     0.0000619     0.0000546     0.0000479     0.0000420     0.0000366     0.0000318     0.0000275     0.0000236     0.0000201     0.0000170     0.0000143     0.0000118     0.0000097     0.0000078     0.0000062     0.0000048     0.0000036     0.0000027     0.0000019     0.0000012     0.0000008     0.0000004     0.0000001    -0.0000001    -0.0000002    -0.0000002    -0.0000003    -0.0000003    -0.0000003    -0.0000002    -0.0000002    -0.0000002    -0.0000002    -0.0000001    -0.0000001    -0.0000001    -0.0000001    -0.0000001    -0.0000000    -0.0000000    -0.0000000    -0.0000000    -0.0000000    -0.0000000    -0.0000000    -0.0000000    -0.0000000    -0.0000000    -0.0000000    -0.0000000    -0.0000000    -0.0000000    -0.0000000    -0.0000000    -0.0000000    -0.0000000
     0.0000000     0.0000000     0.0000002     0.0000010     0.0000037     0.0000101     0.0000230     0.0000453     0.0000800     0.0001289     0.0001924     0.0002690     0.0003551     0.0004460     0.0005359     0.0006192     0.0006911     0.0007481     0.0007882     0.0008109     0.0008171     0.0008086     0.0007878     0.0007571     0.0007192     0.0006764     0.0006308     0.0005840     0.0005374     0.0004919     0.0004483     0.0004070     0.0003684     0.0003325     0.0002995     0.0002691     0.0002414     0.0002162     0.0001933     0.0001726     0.0001538     0.0001369     0.0001216     0.0001078     0.0000953     0.0000841     0.0000739     0.0000648     0.0000566     0.0000491     0.0000425     0.0000365     0.0000311     0.0000263     0.0000221     0.0000183     0.0000150     0.0000121     0.0000096     0.0000075     0.0000056     0.0000041     0.0000029     0.0000019     0.0000012     0.0000006     0.0000002    -0.0000001    -0.0000003    -0.0000004    -0.0000004    -0.0000004    -0.0000004    -0.0000004    -0.0000003    -0.0000003    -0.0000002    -0.0000002    -0.0000002    -0.0000001    -0.0000001    -0.0000001    -0.0000001    -0.0000001    -0.0000000    -0.0000000    -0.0000000    -0.0000000    -0.0000000    -0.0000000    -0.0000000    -0.0000000    -0.0000000    -0.0000000    -0.0000000    -0.0000000    -0.0000000    -0.0000000    -0.0000000    -0.0000000
     0.0000000     0.0000000     0.0000002     0.0000011     0.0000039     0.0000108     0.0000248     0.0000495     0.0000885     0.0001448     0.0002197     0.0003122     0.0004194     0.0005359     0.0006552     0.0007700     0.0008737     0.0009607     0.0010273     0.0010717     0.0010939     0.0010953     0.0010786     0.0010467     0.0010031     0.0009509     0.0008930     0.0008320     0.0007699     0.0007083     0.0006484     0.0005911     0.0005369     0.0004862     0.0004391     0.0003956     0.0003557     0.0003192     0.0002860     0.0002557     0.0002283     0.0002034     0.0001809     0.0001605     0.0001421     0.0001255     0.0001105     0.0000969     0.0000846     0.0000736     0.0000637     0.0000547     0.0000467     0.0000396     0.0000332     0.0000275     0.0000225     0.0000182     0.0000144     0.0000112     0.0000085     0.0000062     0.0000044     0.0000029     0.0000018     0.0000009     0.0000003    -0.0000001    -0.0000004    -0.0000005    -0.0000006    -0.0000006    -0.0000006    -0.0000005    -0.0000005    -0.0000004    -0.0000004    -0.0000003    -0.0000003    -0.0000002    -0.0000002    -0.0000001    -0.0000001    -0.0000001    -0.0000001    -0.0000001    -0.0000000    -0.0000000    -0.0000000    -0.0000000    -0.0000000    -0.0000000    -0.0000000    -0.0000000    -0.0000000    -0.0000000    -0.0000000    -0.0000000    -0.0000000    -0.0000000
     0.0000000     0.0000000     0.0000002     0.0000011     0.0000040     0.0000112     0.0000258     0.0000522     0.0000946     0.0001570     0.0002416     0.0003489     0.0004765     0.0006192     0.0007700     0.0009204     0.0010617     0.0011863     0.0012881     0.0013633     0.0014105     0.0014301     0.0014245     0.0013970     0.0013515     0.0012922     0.0012230     0.0011473     0.0010682     0.0009882     0.0009091     0.0008324     0.0007591     0.0006898     0.0006250     0.0005647     0.0005090     0.0004579     0.0004110     0.0003682     0.0003293     0.0002938     0.0002617     0.0002325     0.0002061     0.0001822     0.0001605     0.0001409     0.0001232     0.0001072     0.0000928     0.0000798     0.0000682     0.0000578     0.0000485     0.0000402     0.0000330     0.0000266     0.0000211     0.0000164     0.0000125     0.0000092     0.0000065     0.0000043     0.0000026     0.0000014     0.0000005    -0.0000001    -0.0000005    -0.0000008    -0.0000009    -0.0000009    -0.0000008    -0.0000008    -0.0000007    -0.0000006    -0.0000005    -0.0000004    -0.0000004    -0.0000003    -0.0000003    -0.0000002    -0.0000002    -0.0000001    -0.0000001    -0.0000001    -0.0000001    -0.0000001    -0.0000000    -0.0000000    -0.0000000    -0.0000000    -0.0000000    -0.0000000    -0.0000000    -0.0000000    -0.0000000    -0.0000000    -0.0000000    -0.0000000
     0.0000000     0.0000000     0.0000002     0.0000011     0.0000040     0.0000112     0.0000262     0.0000535     0.0000982     0.0001649     0.0002575     0.0003773     0.0005233     0.0006911     0.0008737     0.0010617     0.0012451     0.0014137     0.0015592     0.0016749     0.0017574     0.0018054     0.0018203     0.0018052     0.0017643     0.0017026     0.0016248     0.0015358     0.0014397     0.0013399     0.0012393     0.0011403     0.0010444     0.0009527     0.0008662     0.0007851     0.0007097     0.0006399     0.0005757     0.0005169     0.0004630     0.0004139     0.0003692     0.0003285     0.0002915     0.0002580     0.0002275     0.0002000     0.0001750     0.0001524     0.0001320     0.0001137     0.0000972     0.0000824     0.0000692     0.0000574     0.0000471     0.0000381     0.0000302     0.0000235     0.0000179     0.0000131     0.0000093     0.0000062     0.0000038     0.0000020     0.0000007    -0.0000002    -0.0000008    -0.0000011    -0.0000012    -0.0000013    -0.0000012    -0.0000011    -0.0000010    -0.0000009    -0.0000007    -0.0000006    -0.0000005    -0.0000004    -0.0000004    -0.0000003    -0.0000002    -0.0000002    -0.0000002    -0.0000001    -0.0000001    -0.0000001    -0.0000001    -0.0000000    -0.0000000    -0.0000000    -0.0000000    -0.0000000    -0.0000000    -0.0000000    -0.0000000    -0.0000000    -0.0000000    -0.0000000
     0.0000000     0.0000000     0.0000002     0.0000011     0.0000039     0.0000110     0.0000260     0.0000536     0.0000993     0.0001688     0.0002668     0.0003965     0.0005579     0.0007481     0.0009607     0.0011863     0.0014137     0.0016311     0.0018272     0.0019928     0.0021213     0.0022091     0.0022559     0.0022638     0.0022367     0.0021799     0.0020992     0.0020004     0.0018890     0.0017697     0.0016466     0.0015230     0.0014016     0.0012840     0.0011718     0.0010657     0.0009663     0.0008738     0.0007881     0.0007091     0.0006365     0.0005701     0.0005093     0.0004539     0.0004033     0.0003574     0.0003156     0.0002776     0.0002432     0.0002120     0.0001838     0.0001584     0.0001355     0.0001149     0.0000966     0.0000803     0.0000659     0.0000533     0.0000423     0.0000330     0.0000250     0.0000184     0.0000131     0.0000087     0.0000054     0.0000029     0.0000010    -0.0000002    -0.0000010    -0.0000015    -0.0000017    -0.0000017    -0.0000017    -0.0000015    -0.0000014    -0.0000012    -0.0000010    -0.0000009    -0.0000007    -0.0000006    -0.0000005    -0.0000004    -0.0000003    -0.0000003    -0.0000002    -0.0000002    -0.0000001    -0.0000001    -0.0000001    -0.0000001    -0.0000000    -0.0000000    -0.0000000    -0.0000000    -0.0000000    -0.0000000    -0.0000000    -0.0000000    -0.0000000    -0.0000000
     0.0000000     0.0000000     0.0000002     0.0000010     0.0000037     0.0000106     0.0000253     0.0000525     0.0000983     0.0001688     0.0002700     0.0004063     0.0005795     0.0007882     0.0010273     0.0012881     0.0015592     0.0018272     0.0020789     0.0023019     0.0024864     0.0026259     0.0027172     0.0027606     0.0027590     0.0027175     0.0026422     0.0025400     0.0024176     0.0022812     0.0021363     0.0019874     0.0018384     0.0016921     0.0015506     0.0014156     0.0012879     0.0011681     0.0010564     0.0009528     0.0008572     0.0007692     0.0006885     0.0006146     0.0005470     0.0004853     0.0004291     0.0003779     0.0003314     0.0002892     0.0002510     0.0002164     0.0001853     0.0001573     0.0001323     0.0001100     0.0000904     0.0000731     0.0000582     0.0000453     0.0000345     0.0000254     0.0000180     0.0000121     0.0000075     0.0000040     0.0000015    -0.0000003    -0.0000014    -0.0000020    -0.0000023    -0.0000024    -0.0000023    -0.0000021    -0.0000019    -0.0000016    -0.0000014    -0.0000012    -0.0000010    -0.0000008    -0.0000007    -0.0000006    -0.0000005    -0.0000004    -0.0000003    -0.0000002    -0.0000002    -0.0000001    -0.0000001    -0.0000001    -0.0000001    -0.0000001    -0.0000000    -0.0000000    -0.0000000    -0.0000000    -0.0000000    -0.0000000    -0.0000000    -0.0000000
     0.0000000     0.0000000     0.0000002     0.0000010     0.0000035     0.0000101     0.0000242     0.0000506     0.0000955     0.0001657     0.0002678     0.0004075     0.0005884     0.0008109     0.0010717     0.0013633     0.0016749     0.0019928     0.0023019     0.0025873     0.0028361     0.0030380     0.0031866     0.0032792     0.0033169     0.0033035     0.0032451     0.0031490     0.0030229     0.0028744     0.0027106     0.0025377     0.0023607     0.0021839     0.0020104     0.0018428     0.0016827     0.0015312     0.0013890     0.0012562     0.0011329     0.0010188     0.0009137     0.0008171     0.0007284     0.0006473     0.0005731     0.0005054     0.0004437     0.0003876     0.0003367     0.0002906     0.0002490     0.0002116     0.0001781     0.0001482     0.0001218     0.0000987     0.0000786     0.0000613     0.0000466     0.0000344     0.0000244     0.0000164     0.0000102     0.0000055     0.0000021    -0.0000003    -0.0000018    -0.0000027    -0.0000031    -0.0000032    -0.0000030    -0.0000028    -0.0000025    -0.0000022    -0.0000019    -0.0000016    -0.0000013    -0.0000011    -0.0000009    -0.0000008    -0.0000006    -0.0000005    -0.0000004    -0.0000003    -0.0000003    -0.0000002    -0.0000002    -0.0000001    -0.0000001    -0.0000001    -0.0000001    -0.0000000    -0.0000000    -0.0000000    -0.0000000    -0.0000000    -0.0000000    -0.0000000
     0.0000000     0.0000000     0.0000002     0.0000009     0.0000033     0.0000095     0.0000228     0.0000481     0.0000914     0.0001599     0.0002609     0.0004012     0.0005858     0.0008171     0.0010939     0.0014105     0.0017574     0.0021213     0.0024864     0.0028361     0.0031543     0.0034273     0.0036447     0.0038002     0.0038919     0.0039216     0.0038941     0.0038165     0.0036973     0.0035450     0.0033682     0.0031748     0.0029715     0.0027641     0.0025573     0.0023546     0.0021587     0.0019714     0.0017941     0.0016273     0.0014715     0.0013265     0.0011922     0.0010682     0.0009540     0.0008491     0.0007529     0.0006649     0.0005845     0.0005112     0.0004446     0.0003841     0.0003294     0.0002802     0.0002360     0.0001966     0.0001617     0.0001311     0.0001044     0.0000815     0.0000621     0.0000459     0.0000326     0.0000220     0.0000137     0.0000074     0.0000029    -0.0000003    -0.0000023    -0.0000035    -0.0000041    -0.0000042    -0.0000040    -0.0000037    -0.0000033    -0.0000029    -0.0000025    -0.0000021    -0.0000018    -0.0000015    -0.0000012    -0.0000010    -0.0000008    -0.0000007    -0.0000005    -0.0000004    -0.0000003    -0.0000003    -0.0000002    -0.0000002    -0.0000001    -0.0000001    -0.0000001    -0.0000001    -0.0000000    -0.0000000    -0.0000000    -0.0000000    -0.0000000    -0.0000000
     0.0000000     0.0000000     0.0000002     0.0000008     0.0000031     0.0000088     0.0000213     0.0000451     0.0000864     0.0001522     0.0002504     0.0003887     0.0005734     0.0008086     0.0010953     0.0014301     0.0018054     0.0022091     0.0026259     0.0030380     0.0034273     0.0037767     0.0040719     0.0043027     0.0044629     0.0045514     0.0045708     0.0045270     0.0044281     0.0042835     0.0041029     0.0038957     0.0036705     0.0034348     0.0031950     0.0029560     0.0027219     0.0024956     0.0022791     0.0020739     0.0018807     0.0016998     0.0015314     0.0013750     0.0012304     0.0010971     0.0009744     0.0008618     0.0007586     0.0006643     0.0005784     0.0005003     0.0004295     0.0003656     0.0003083     0.0002570     0.0002116     0.0001717     0.0001369     0.0001070     0.0000816     0.0000604     0.0000430     0.0000290     0.0000181     0.0000099     0.0000039    -0.0000003    -0.0000029    -0.0000045    -0.0000052    -0.0000054    -0.0000052    -0.0000048    -0.0000043    -0.0000037    -0.0000032    -0.0000027    -0.0000023    -0.0000019    -0.0000016    -0.0000013    -0.0000011    -0.0000009    -0.0000007    -0.0000005    -0.0000004    -0.0000003    -0.0000003    -0.0000002    -0.0000002    -0.0000001    -0.0000001    -0.0000001    -0.0000001    -0.0000000    -0.0000000    -0.0000000    -0.0000000    -0.0000000
     0.0000000     0.0000000     0.0000001     0.0000008     0.0000028     0.0000081     0.0000197     0.0000419     0.0000807     0.0001432     0.0002374     0.0003715     0.0005530     0.0007878     0.0010786     0.0014245     0.0018203     0.0022559     0.0027172     0.0031866     0.0036447     0.0040719     0.0044506     0.0047659     0.0050076     0.0051703     0.0052533     0.0052602     0.0051979     0.0050756     0.0049037     0.0046928     0.0044532     0.0041943     0.0039242     0.0036499     0.0033768     0.0031093     0.0028506     0.0026029     0.0023678     0.0021462     0.0019384     0.0017446     0.0015644     0.0013976     0.0012435     0.0011015     0.0009711     0.0008516     0.0007423     0.0006428     0.0005525     0.0004708     0.0003973     0.0003316     0.0002733     0.0002219     0.0001772     0.0001386     0.0001058     0.0000784     0.0000559     0.0000379     0.0000237     0.0000131     0.0000053    -0.0000001    -0.0000036    -0.0000057    -0.0000067    -0.0000069    -0.0000067    -0.0000062    -0.0000055    -0.0000048    -0.0000041    -0.0000035    -0.0000029    -0.0000025    -0.0000020    -0.0000017    -0.0000014    -0.0000011    -0.0000009    -0.0000007    -0.0000006    -0.0000004    -0.0000003    -0.0000003    -0.0000002    -0.0000002    -0.0000001    -0.0000001    -0.0000001    -0.0000000    -0.0000000    -0.0000000    -0.0000000    -0.0000000
     0.0000000     0.0000000     0.0000001     0.0000007     0.0000026     0.0000074     0.0000180     0.0000386     0.0000747     0.0001334     0.0002226     0.0003509     0.0005268     0.0007571     0.0010467     0.0013970     0.0018052     0.0022638     0.0027606     0.0032792     0.0038002     0.0043027     0.0047659     0.0051714     0.0055044     0.0057547     0.0059175     0.0059927     0.0059850     0.0059022     0.0057545     0.0055533     0.0053102     0.0050364     0.0047419     0.0044356     0.0041249     0.0038158     0.0035130     0.0032199     0.0029391     0.0026722     0.0024202     0.0021837     0.0019627     0.0017571     0.0015663     0.0013899     0.0012273     0.0010778     0.0009409     0.0008158     0.0007020     0.0005989     0.0005060     0.0004227     0.0003487     0.0002834     0.0002265     0.0001774     0.0001356     0.0001006     0.0000719     0.0000488     0.0000307     0.0000170     0.0000070     0.0000001    -0.0000045    -0.0000071    -0.0000084    -0.0000087    -0.0000084    -0.0000078    -0.0000070    -0.0000061    -0.0000052    -0.0000045    -0.0000037    -0.0000031    -0.0000026    -0.0000021    -0.0000017    -0.0000014    -0.0000011    -0.0000009    -0.0000007    -0.0000006    -0.0000004    -0.0000003    -0.0000003    -0.0000002    -0.0000002    -0.0000001    -0.0000001    -0.0000001    -0.0000000    -0.0000000    -0.0000000    -0.0000000
     0.0000000     0.0000000     0.0000001     0.0000006     0.0000023     0.0000067     0.0000164     0.0000353     0.0000687     0.0001232     0.0002068     0.0003283     0.0004964     0.0007192     0.0010031     0.0013515     0.0017643     0.0022367     0.0027590     0.0033169     0.0038919     0.0044629     0.0050076     0.0055044     0.0059343     0.0062823     0.0065387     0.0066991     0.0067644     0.0067399     0.0066347     0.0064597     0.0062275     0.0059505     0.0056407     0.0053089     0.0049645     0.0046157     0.0042687     0.0039286     0.0035993     0.0032834     0.0029829     0.0026988     0.0024317     0.0021818     0.0019490     0.0017327     0.0015327     0.0013482     0.0011786     0.0010233     0.0008817     0.0007531     0.0006370     0.0005328     0.0004399     0.0003580     0.0002864     0.0002245     0.0001718     0.0001277     0.0000914     0.0000622     0.0000393     0.0000219     0.0000092     0.0000004    -0.0000054    -0.0000088    -0.0000104    -0.0000109    -0.0000105    -0.0000098    -0.0000087    -0.0000076    -0.0000066    -0.0000056    -0.0000047    -0.0000039    -0.0000032    -0.0000027    -0.0000022    -0.0000018    -0.0000014    -0.0000011    -0.0000009    -0.0000007    -0.0000006    -0.0000004    -0.0000003    -0.0000003    -0.0000002    -0.0000001    -0.0000001    -0.0000001    -0.0000001    -0.0000000    -0.0000000    -0.0000000
     0.0000000     0.0000000     0.0000001     0.0000006     0.0000021     0.0000061     0.0000149     0.0000321     0.0000627     0.0001130     0.0001908     0.0003046     0.0004635     0.0006764     0.0009509     0.0012922     0.0017026     0.0021799     0.0027175     0.0033035     0.0039216     0.0045514     0.0051703     0.0057547     0.0062823     0.0067338     0.0070942     0.0073541     0.0075097     0.0075628     0.0075196     0.0073899     0.0071860     0.0069210     0.0066084     0.0062609     0.0058900     0.0055060     0.0051171     0.0047305     0.0043514     0.0039840     0.0036312     0.0032952     0.0029771     0.0026777     0.0023973     0.0021357     0.0018927     0.0016677     0.0014602     0.0012697     0.0010954     0.0009369     0.0007934     0.0006644     0.0005493     0.0004475     0.0003583     0.0002813     0.0002156     0.0001604     0.0001150     0.0000785     0.0000498     0.0000280     0.0000121     0.0000009    -0.0000063    -0.0000107    -0.0000128    -0.0000134    -0.0000130    -0.0000121    -0.0000108    -0.0000095    -0.0000082    -0.0000069    -0.0000058    -0.0000049    -0.0000040    -0.0000033    -0.0000027    -0.0000022    -0.0000018    -0.0000014    -0.0000011    -0.0000009    -0.0000007    -0.0000005    -0.0000004    -0.0000003    -0.0000002    -0.0000002    -0.0000001    -0.0000001    -0.0000001    -0.0000001    -0.0000000    -0.0000000
     0.0000000     0.0000000     0.0000001     0.0000005     0.0000019     0.0000055     0.0000134     0.0000291     0.0000570     0.0001031     0.0001748     0.0002806     0.0004295     0.0006308     0.0008930     0.0012230     0.0016248     0.0020992     0.0026422     0.0032451     0.0038941     0.0045708     0.0052533     0.0059175     0.0065387     0.0070942     0.0075643     0.0079342     0.0081950     0.0083435     0.0083822     0.0083182     0.0081623     0.0079276     0.0076282     0.0072783     0.0068914     0.0064799     0.0060543     0.0056238     0.0051957     0.0047758     0.0043684     0.0039770     0.0036037     0.0032499     0.0029166     0.0026041     0.0023124     0.0020413     0.0017905     0.0015593     0.0013473     0.0011539     0.0009784     0.0008204     0.0006790     0.0005538     0.0004441     0.0003490     0.0002679     0.0001997     0.0001435     0.0000982     0.0000626     0.0000355     0.0000156     0.0000017    -0.0000074    -0.0000128    -0.0000155    -0.0000164    -0.0000159    -0.0000148    -0.0000133    -0.0000116    -0.0000100    -0.0000085    -0.0000072    -0.0000060    -0.0000050    -0.0000041    -0.0000033    -0.0000027    -0.0000022    -0.0000017    -0.0000014    -0.0000011    -0.0000008    -0.0000007    -0.0000005    -0.0000004    -0.0000003    -0.0000002    -0.0000002    -0.0000001    -0.0000001    -0.0000001    -0.0000000    -0.0000000
     0.0000000     0.0000000     0.0000001     0.0000004     0.0000017     0.0000049     0.0000121     0.0000262     0.0000515     0.0000936     0.0001593     0.0002569     0.0003953     0.0005840     0.0008320     0.0011473     0.0015358     0.0020004     0.0025400     0.0031490     0.0038165     0.0045270     0.0052602     0.0059927     0.0066991     0.0073541     0.0079342     0.0084199     0.0087965     0.0090555     0.0091944     0.0092164     0.0091297     0.0089457     0.0086784     0.0083429     0.0079540     0.0075262     0.0070723     0.0066036     0.0061296     0.0056583     0.0051957     0.0047467     0.0043148     0.0039025     0.0035114     0.0031427     0.0027968     0.0024739     0.0021739     0.0018964     0.0016412     0.0014077     0.0011953     0.0010035     0.0008317     0.0006793     0.0005453     0.0004292     0.0003299     0.0002463     0.0001773     0.0001217     0.0000779     0.0000445     0.0000200     0.0000028    -0.0000085    -0.0000152    -0.0000187    -0.0000197    -0.0000193    -0.0000179    -0.0000161    -0.0000141    -0.0000122    -0.0000104    -0.0000087    -0.0000073    -0.0000060    -0.0000050    -0.0000041    -0.0000033    -0.0000027    -0.0000021    -0.0000017    -0.0000013    -0.0000010    -0.0000008    -0.0000006    -0.0000005    -0.0000004    -0.0000003    -0.0000002    -0.0000001    -0.0000001    -0.0000001    -0.0000001    -0.0000000
