     0.0130326     0.0256854     0.0376065     0.0484967     0.0581268     0.0663464     0.0730848     0.0783439     0.0821867     0.0847221     0.0860899     0.0864469     0.0859546     0.0847703     0.0830406     0.0808973     0.0784553     0.0758126     0.0730504     0.0702347     0.0674178     0.0646401     0.0619324     0.0593167     0.0568084     0.0544177     0.0521500     0.0500078     0.0479908     0.0460971     0.0443230     0.0426642     0.0411157     0.0396719     0.0383272     0.0370760     0.0359124     0.0348311     0.0338265     0.0328934     0.0320268     0.0312219     0.0304740     0.0297788     0.0291318     0.0285292     0.0279668     0.0274408     0.0269476     0.0264836     0.0260452     0.0256290     0.0252316     0.0248499     0.0244807     0.0241208     0.0237674     0.0234176     0.0230687     0.0227181     0.0223635     0.0220028     0.0216340     0.0212554     0.0208655     0.0204633     0.0200478     0.0196184     0.0191749     0.0187172     0.0182454     0.0177600     0.0172616     0.0167509     0.0162287     0.0156959     0.0151534     0.0146021     0.0140431     0.0134772     0.0129053     0.0123286     0.0117480     0.0111649     0.0105806     0.0099968     0.0094152     0.0088378     0.0082668     0.0077046     0.0071534     0.0066157     0.0060937     0.0055896     0.0051055     0.0046430     0.0042037     0.0037887     0.0033988     0.0030346
     0.0256854     0.0506347     0.0741650     0.0956932     0.1147695     0.1310953     0.1445251     0.1550544     0.1627978     0.1679613     0.1708129     0.1716557     0.1708044     0.1685673     0.1652329     0.1610618     0.1562826     0.1510903     0.1456477     0.1400872     0.1345144     0.1290113     0.1236401     0.1184462     0.1134613     0.1087063     0.1041933     0.0999276     0.0959095     0.0921352     0.0885983     0.0852902     0.0822011     0.0793205     0.0766370     0.0741396     0.0718170     0.0696581     0.0676523     0.0657892     0.0640587     0.0624514     0.0609579     0.0595694     0.0582774     0.0570738     0.0559506     0.0549002     0.0539151     0.0529883     0.0521126     0.0512812     0.0504875     0.0497250     0.0489873     0.0482683     0.0475620     0.0468629     0.0461655     0.0454647     0.0447558     0.0440345     0.0432969     0.0425396     0.0417598     0.0409551     0.0401238     0.0392647     0.0383772     0.0374612     0.0365170     0.0355456     0.0345480     0.0335258     0.0324805     0.0314140     0.0303281     0.0292247     0.0281056     0.0269728     0.0258281     0.0246736     0.0235115     0.0223443     0.0211748     0.0200061     0.0188420     0.0176863     0.0165435     0.0154182     0.0143150     0.0132388     0.0121941     0.0111853     0.0102164     0.0092909     0.0084117     0.0075811     0.0068009     0.0060722
     0.0376065     0.0741650     0.1087004     0.1403752     0.1685361     0.1927407     0.2127621     0.2285742     0.2403226     0.2482876     0.2528434     0.2544195     0.2534674     0.2504334     0.2457387     0.2397670     0.2328569     0.2252994     0.2173385     0.2091744     0.2009673     0.1928429     0.1848968     0.1771996     0.1698013     0.1627354     0.1560219     0.1496704     0.1436828     0.1380547     0.1327774     0.1278391     0.1232258     0.1189220     0.1149116     0.1111783     0.1077055     0.1044769     0.1014768     0.0986897     0.0961009     0.0936960     0.0914613     0.0893836     0.0874504     0.0856492     0.0839684     0.0823964     0.0809223     0.0795351     0.0782245     0.0769801     0.0757920     0.0746503     0.0735457     0.0724689     0.0714111     0.0703637     0.0693186     0.0682682     0.0672055     0.0661238     0.0650176     0.0638815     0.0627115     0.0615039     0.0602562     0.0589666     0.0576341     0.0562588     0.0548410     0.0533822     0.0518840     0.0503487     0.0487787     0.0471767     0.0455456     0.0438881     0.0422070     0.0405053     0.0387858     0.0370515     0.0353059     0.0335526     0.0317959     0.0300406     0.0282920     0.0265563     0.0248399     0.0231497     0.0214930     0.0198767     0.0183079     0.0167931     0.0153382     0.0139484     0.0126282     0.0113811     0.0102097     0.0091156
     0.0484967     0.0956932     0.1403752     0.1814911     0.2182090     0.2499508     0.2764010     0.2974927     0.3133759     0.3243744     0.3309377     0.3335939     0.3329070     0.3294427     0.3237411     0.3162994     0.3075606     0.2979090     0.2876697     0.2771114     0.2664514     0.2558611     0.2454727     0.2353848     0.2256684     0.2163718     0.2075253     0.1991450     0.1912357     0.1837942     0.1768106     0.1702709     0.1641578     0.1584518     0.1531325     0.1481788     0.1435692     0.1392828     0.1352987     0.1315969     0.1281579     0.1249629     0.1219938     0.1192331     0.1166641     0.1142706     0.1120369     0.1099479     0.1079887     0.1061450     0.1044029     0.1027487     0.1011690     0.0996509     0.0981818     0.0967493     0.0953416     0.0939475     0.0925560     0.0911570     0.0897410     0.0882995     0.0868247     0.0853098     0.0837491     0.0821379     0.0804729     0.0787516     0.0769729     0.0751365     0.0732434     0.0712951     0.0692941     0.0672433     0.0651460     0.0630060     0.0608269     0.0586125     0.0563666     0.0540930     0.0517957     0.0494787     0.0471466     0.0448042     0.0424574     0.0401125     0.0377767     0.0354582     0.0331656     0.0309082     0.0286954     0.0265369     0.0244418     0.0224189     0.0204761     0.0186203     0.0168575     0.0151924     0.0136284     0.0121676
     0.0581268     0.1147695     0.1685361     0.2182090     0.2628087     0.3016339     0.3342756     0.3606068     0.3807522     0.3950444     0.4039717     0.4081263     0.4081551     0.4047180     0.3984559     0.3899660     0.3797876     0.3683938     0.3561891     0.3435117     0.3306377     0.3177877     0.3051333     0.2928049     0.2808975     0.2694779     0.2585893     0.2482566     0.2384903     0.2292897     0.2206458     0.2125437     0.2049638     0.1978840     0.1912801     0.1851268     0.1793987     0.1740703     0.1691163     0.1645122     0.1602341     0.1562590     0.1525645     0.1491291     0.1459320     0.1429531     0.1401729     0.1375726     0.1351339     0.1328387     0.1306698     0.1286099     0.1266426     0.1247516     0.1229210     0.1211356     0.1193805     0.1176416     0.1159054     0.1141591     0.1123909     0.1105901     0.1087469     0.1068529     0.1049010     0.1028854     0.1008018     0.0986473     0.0964204     0.0941209     0.0917499     0.0893095     0.0868027     0.0842333     0.0816054     0.0789238     0.0761930     0.0734180     0.0706033     0.0677540     0.0648749     0.0619712     0.0590486     0.0561133     0.0531725     0.0502342     0.0473075     0.0444026     0.0415303     0.0387022     0.0359303     0.0332265     0.0306023     0.0280686     0.0256354     0.0233113     0.0211038     0.0190187     0.0170602     0.0152312
     0.0663464     0.1310953     0.1927407     0.2499508     0.3016339     0.3469829     0.3854947     0.4169662     0.4414692     0.4593093     0.4709753     0.4770853     0.4783345     0.4754483     0.4691445     0.4601036     0.4489494     0.4362369     0.4224472     0.4079872     0.3931937     0.3783390     0.3636382     0.3492568     0.3353182     0.3219109     0.3090946     0.2969063     0.2853645     0.2744739     0.2642281     0.2546130     0.2456086     0.2371909     0.2293331     0.2220070     0.2151835     0.2088332     0.2029270     0.1974364     0.1923333     0.1875907     0.1831823     0.1790825     0.1752668     0.1717112     0.1683926     0.1652885     0.1623770     0.1596367     0.1570467     0.1545866     0.1522365     0.1499769     0.1477888     0.1456540     0.1435545     0.1414734     0.1393944     0.1373024     0.1351831     0.1330236     0.1308123     0.1285391     0.1261953     0.1237742     0.1212705     0.1186808     0.1160034     0.1132380     0.1103861     0.1074501     0.1044339     0.1013419     0.0981794     0.0949517     0.0916648     0.0883243     0.0849362     0.0815062     0.0780404     0.0745450     0.0710270     0.0674938     0.0639541     0.0604177     0.0568955     0.0533997     0.0499435     0.0465406     0.0432056     0.0399527     0.0367958     0.0337480     0.0308213     0.0280260     0.0253711     0.0228635     0.0205084     0.0183090
     0.0730848     0.1445251     0.2127621     0.2764010     0.3342756     0.3854947     0.4294666     0.4659024     0.4947978     0.5163998     0.5311605     0.5396856     0.5426814     0.5409063     0.5351278     0.5260888     0.5144823     0.5009353     0.4859997     0.4701497     0.4537829     0.4372258     0.4207401     0.4045305     0.3887528     0.3735212     0.3589161     0.3449896     0.3317719     0.3192753     0.3074989     0.2964314     0.2860540     0.2763423     0.2672685     0.2588021     0.2509114     0.2435640     0.2367273     0.2303694     0.2244584     0.2189637     0.2138552     0.2091037     0.2046809     0.2005592     0.1967120     0.1931131     0.1897371     0.1865592     0.1835552     0.1807012     0.1779741     0.1753511     0.1728103     0.1703301     0.1678898     0.1654695     0.1630504     0.1606145     0.1581455     0.1556282     0.1530490     0.1503961     0.1476597     0.1448316     0.1419060     0.1388788     0.1357481     0.1325136     0.1291771     0.1257416     0.1222116     0.1185923     0.1148900     0.1111111     0.1072625     0.1033511     0.0993837     0.0953672     0.0913087     0.0872158     0.0830964     0.0789595     0.0748152     0.0706750     0.0665518     0.0624598     0.0584144     0.0544318     0.0505290     0.0467225     0.0430287     0.0394628     0.0360388     0.0327689     0.0296634     0.0267304     0.0239759     0.0214038
     0.0783439     0.1550544     0.2285742     0.2974927     0.3606068     0.4169662     0.4659024     0.5070379     0.5402779     0.5657856     0.5839440     0.5953101     0.6005655     0.6004668     0.5958016     0.5873502     0.5758563     0.5620056     0.5464125     0.5296138     0.5120669     0.4941536     0.4761848     0.4584081     0.4410156     0.4241518     0.4079213     0.3923957     0.3776199     0.3636175     0.3503954     0.3379476     0.3262586     0.3153056     0.3050608     0.2954930     0.2865688     0.2782537     0.2705125     0.2633100     0.2566116     0.2503830     0.2445909     0.2392026     0.2341863     0.2295110     0.2251465     0.2210633     0.2172325     0.2136260     0.2102160     0.2069757     0.2038783     0.2008982     0.1980101     0.1951893     0.1924124     0.1896565     0.1869000     0.1841226     0.1813054     0.1784311     0.1754843     0.1724515     0.1693214     0.1660849     0.1627351     0.1592677     0.1556804     0.1519731     0.1481477     0.1442080     0.1401590     0.1360070     0.1317591     0.1274229     0.1230063     0.1185173     0.1139639     0.1093541     0.1046962     0.0999988     0.0952712     0.0905238     0.0857682     0.0810177     0.0762870     0.0715926     0.0669520     0.0623840     0.0579079     0.0535427     0.0493071     0.0452185     0.0412930     0.0375444     0.0339846     0.0306228     0.0274659     0.0245182
     0.0821867     0.1627978     0.2403226     0.3133759     0.3807522     0.4414692     0.4947978     0.5402779     0.5777184     0.6071822     0.6289588     0.6435262     0.6515071     0.6536234     0.6506512     0.6433814     0.6325861     0.6189928     0.6032669     0.5860005     0.5677074     0.5488239     0.5297117     0.5106640     0.4919130     0.4736373     0.4559701     0.4390063     0.4228096     0.4074180     0.3928494     0.3791058     0.3661773     0.3540446     0.3426817     0.3320581     0.3221401     0.3128917     0.3042761     0.2962559     0.2887937     0.2818526     0.2753960     0.2693882     0.2637941     0.2585796     0.2537111     0.2491557     0.2448813     0.2408563     0.2370499     0.2334317     0.2299719     0.2266416     0.2234124     0.2202567     0.2171478     0.2140602     0.2109697     0.2078532     0.2046895     0.2014594     0.1981453     0.1947321     0.1912072     0.1875604     0.1837841     0.1798733     0.1758257     0.1716412     0.1673221     0.1628727     0.1582989     0.1536079     0.1488078     0.1439073     0.1389155     0.1338416     0.1286946     0.1234838     0.1182186     0.1129089     0.1075653     0.1021997     0.0968252     0.0914569     0.0861116     0.0808077     0.0755652     0.0704053     0.0653496     0.0604198     0.0556368     0.0510204     0.0465884     0.0423567     0.0383384     0.0345440     0.0309812     0.0276547
     0.0847221     0.1679613     0.2482876     0.3243744     0.3950444     0.4593093     0.5163998     0.5657856     0.6071822     0.6405464     0.6660584     0.6840942     0.6951903     0.7000030     0.6992668     0.6937545     0.6842421     0.6714794     0.6561672     0.6389427     0.6203699     0.6009365     0.5810547     0.5610650     0.5412424     0.5218033     0.5029135     0.4846953     0.4672346     0.4505878     0.4347870     0.4198452     0.4057604     0.3925192     0.3800996     0.3684731     0.3576069     0.3474652     0.3380102     0.3292030     0.3210044     0.3133751     0.3062760     0.2996686     0.2935148     0.2877775     0.2824200     0.2774062     0.2727007     0.2682689     0.2640766     0.2600902     0.2562769     0.2526043     0.2490410     0.2455564     0.2421209     0.2387062     0.2352852     0.2318325     0.2283244     0.2247394     0.2210583     0.2172644     0.2133434     0.2092843     0.2050785     0.2007209     0.1962086     0.1915421     0.1867238     0.1817588     0.1766537     0.1714166     0.1660569     0.1605844     0.1550093     0.1493420     0.1435929     0.1377725     0.1318913     0.1259606     0.1199923     0.1139998     0.1079980     0.1020036     0.0960355     0.0901143     0.0842623     0.0785032     0.0728611     0.0673601     0.0620236     0.0568735     0.0519297     0.0472098     0.0427284     0.0384971     0.0345244     0.0308157
     0.0860899     0.1708129     0.2528434     0.3309377     0.4039717     0.4709753     0.5311605     0.5839440     0.6289588     0.6660584     0.6953082     0.7169690     0.7314702     0.7393774     0.7413560     0.7381334     0.7304637     0.7190963     0.7047497     0.6880923     0.6697289     0.6501930     0.6299448     0.6093718     0.5887936     0.5684671     0.5485940     0.5293276     0.5107805     0.4930305     0.4761276     0.4600988     0.4449531     0.4306852     0.4172790     0.4047102     0.3929483     0.3819590     0.3717045     0.3621456     0.3532418     0.3449521     0.3372355     0.3300509     0.3233578     0.3171163     0.3112866     0.3058299     0.3007076     0.2958820     0.2913156     0.2869718     0.2828146     0.2788084     0.2749189     0.2711123     0.2673562     0.2636192     0.2598718     0.2560858     0.2522354     0.2482970     0.2442492     0.2400738     0.2357553     0.2312815     0.2266433     0.2218348     0.2168533     0.2116993     0.2063758     0.2008884     0.1952447     0.1894539     0.1835263     0.1774731     0.1713058     0.1650361     0.1586755     0.1522359     0.1457291     0.1391677     0.1325652     0.1259363     0.1192978     0.1126682     0.1060683     0.0995212     0.0930514     0.0866852     0.0804490     0.0743697     0.0684728     0.0627826     0.0573211     0.0521075     0.0471579     0.0424851     0.0380983     0.0340034
     0.0864469     0.1716557     0.2544195     0.3335939     0.4081263     0.4770853     0.5396856     0.5953101     0.6435262     0.6840942     0.7169690     0.7422914     0.7603725     0.7716691     0.7767547     0.7762863     0.7709711     0.7615346     0.7486927     0.7331284     0.7154744     0.6963018     0.6761132     0.6553412     0.6343495     0.6134374     0.5928448     0.5727597     0.5533242     0.5346417     0.5167834     0.4997936     0.4836949     0.4684931     0.4541802     0.4407379     0.4281401     0.4163550     0.4053465     0.3950759     0.3855022     0.3765836     0.3682774     0.3605410     0.3533315     0.3466064     0.3403236     0.3344411     0.3289178     0.3237127     0.3187854     0.3140961     0.3096057     0.3052757     0.3010685     0.2969474     0.2928770     0.2888233     0.2847537     0.2806379     0.2764476     0.2721569     0.2677428     0.2631853     0.2584677     0.2535766     0.2485024     0.2432388     0.2377830     0.2321356     0.2263002     0.2202831     0.2140928     0.2077397     0.2012353     0.1945921     0.1878228     0.1809405     0.1739581     0.1668889     0.1597460     0.1525435     0.1452963     0.1380207     0.1307353     0.1234604     0.1162192     0.1090367     0.1019402     0.0949581     0.0881197     0.0814542     0.0749896     0.0687525     0.0627668     0.0570535     0.0516302     0.0465107     0.0417052     0.0372199
     0.0859546     0.1708044     0.2534674     0.3329070     0.4081551     0.4783345     0.5426814     0.6005655     0.6515071     0.6951903     0.7314702     0.7603725     0.7820869     0.7969515     0.8054320     0.8080946     0.8055768     0.7985573     0.7877277     0.7737668     0.7573199     0.7389839     0.7192961     0.6987289     0.6776884     0.6565158     0.6354910     0.6148387     0.5947339     0.5753088     0.5566589     0.5388491     0.5219190     0.5058878     0.4907583     0.4765204     0.4631542     0.4506320     0.4389209     0.4279834     0.4177796     0.4082673     0.3994032     0.3911432     0.3834428     0.3762573     0.3695422     0.3632532     0.3573462     0.3517774     0.3465036     0.3414819     0.3366701     0.3320268     0.3275112     0.3230838     0.3187062     0.3143415     0.3099546     0.3055126     0.3009847     0.2963432     0.2915630     0.2866227     0.2815041     0.2761931     0.2706791     0.2649556     0.2590197     0.2528725     0.2465180     0.2399632     0.2332178     0.2262932     0.2192022     0.2119587     0.2045768     0.1970711     0.1894559     0.1817458     0.1739556     0.1661005     0.1581973     0.1502639     0.1423205     0.1343898     0.1264967     0.1186688     0.1109357     0.1033285     0.0958790     0.0886188     0.0815786     0.0747871     0.0682703     0.0620509     0.0561480     0.0505765     0.0453474     0.0404672
     0.0847703     0.1685673     0.2504334     0.3294427     0.4047180     0.4754483     0.5409063     0.6004668     0.6536234     0.7000030     0.7393774     0.7716691     0.7969515     0.8154426     0.8274913     0.8335589     0.8341946     0.8300098     0.8216501     0.8097703     0.7950112     0.7779808     0.7592402     0.7392943     0.7185869     0.6974988     0.6763502     0.6554035     0.6348690     0.6149101     0.5956501     0.5771774     0.5595516     0.5428082     0.5269632     0.5120173     0.4979584     0.4847652     0.4724089     0.4608553     0.4500659     0.4399994     0.4306125     0.4218604     0.4136973     0.4060769     0.3989527     0.3922781     0.3860065     0.3800914     0.3744868     0.3691470     0.3640267     0.3590814     0.3542676     0.3495427     0.3448654     0.3401960     0.3354969     0.3307325     0.3258698     0.3208788     0.3157329     0.3104089     0.3048874     0.2991532     0.2931953     0.2870068     0.2805849     0.2739308     0.2670493     0.2599483     0.2526384     0.2451323     0.2374443     0.2295896     0.2215838     0.2134430     0.2051831     0.1968200     0.1883702     0.1798505     0.1712792     0.1626760     0.1540630     0.1454649     0.1369088     0.1284247     0.1200446     0.1118023     0.1037322     0.0958685     0.0882443     0.0808905     0.0738352     0.0671029     0.0607141     0.0546849     0.0490268     0.0437470
     0.0830406     0.1652329     0.2457387     0.3237411     0.3984559     0.4691445     0.5351278     0.5958016     0.6506512     0.6992668     0.7413560     0.7767547     0.8054320     0.8274913     0.8431643     0.8527996     0.8568454     0.8558283     0.8503294     0.8409596     0.8283363     0.8130625     0.7957099     0.7768055     0.7568236     0.7361808     0.7152348     0.6942859     0.6735805     0.6533157     0.6336447     0.6146825     0.5965114     0.5791862     0.5627387     0.5471825     0.5325158     0.5187254     0.5057885     0.4936751     0.4823499     0.4717732     0.4619026     0.4526932     0.4440988     0.4360717     0.4285639     0.4215267     0.4149113     0.4086689     0.4027506     0.3971080     0.3916930     0.3864582     0.3813571     0.3763441     0.3713752     0.3664080     0.3614020     0.3563192     0.3511245     0.3457857     0.3402742     0.3345655     0.3286389     0.3224783     0.3160720     0.3094129     0.3024984     0.2953300     0.2879131     0.2802566     0.2723723     0.2642742     0.2559779     0.2475002     0.2388584     0.2300701     0.2211527     0.2121239     0.2030016     0.1938044     0.1845521     0.1752665     0.1659714     0.1566936     0.1474627     0.1383109     0.1292730     0.1203851     0.1116844     0.1032077     0.0949905     0.0870661     0.0794646     0.0722122     0.0653308     0.0588377     0.0527452     0.0470608
     0.0808973     0.1610618     0.2397670     0.3162994     0.3899660     0.4601036     0.5260888     0.5873502     0.6433814     0.6937545     0.7381334     0.7762863     0.8080946     0.8335589     0.8527996     0.8660524     0.8736578     0.8760460     0.8737176     0.8672219     0.8571348     0.8440370     0.8284953     0.8110463     0.7921852     0.7723574     0.7519541     0.7313116     0.7107121     0.6903871     0.6705219     0.6512601     0.6327095     0.6149466     0.5980219     0.5819642     0.5667844     0.5524791     0.5390334     0.5264232     0.5146175     0.5035795     0.4932684     0.4836404     0.4746490     0.4662462     0.4583826     0.4510081     0.4440717     0.4375224     0.4313090     0.4253803     0.4196855     0.4141745     0.4087977     0.4035069     0.3982550     0.3929971     0.3876899     0.3822932     0.3767693     0.3710841     0.3652074     0.3591128     0.3527787     0.3461881     0.3393286     0.3321931     0.3247790     0.3170882     0.3091270     0.3009053     0.2924359     0.2837344     0.2748180     0.2657050     0.2564143     0.2469652     0.2373770     0.2276688     0.2178604     0.2079720     0.1980252     0.1880437     0.1780534     0.1680832     0.1581650     0.1483335     0.1386261     0.1290816     0.1197398     0.1106401     0.1018207     0.0933169     0.0851610     0.0773810     0.0700002     0.0630369     0.0565041     0.0504099
     0.0784553     0.1562826     0.2328569     0.3075606     0.3797876     0.4489494     0.5144823     0.5758563     0.6325861     0.6842421     0.7304637     0.7709711     0.8055768     0.8341946     0.8568454     0.8736578     0.8848646     0.8907937     0.8918544     0.8885199     0.8813078     0.8707596     0.8574208     0.8418235     0.8244717     0.8058306     0.7863186     0.7663036     0.7461018     0.7259789     0.7061528     0.6867976     0.6680486     0.6500065     0.6327428     0.6163041     0.6007161     0.5859874     0.5721128     0.5590757     0.5468508     0.5354056     0.5247020     0.5146979     0.5053476     0.4966030     0.4884141     0.4807296     0.4734969     0.4666631     0.4601745     0.4539777     0.4480193     0.4422462     0.4366062     0.4310483     0.4255227     0.4199816     0.4143794     0.4086731     0.4028232     0.3967933     0.3905514     0.3840698     0.3773256     0.3703010     0.3629833     0.3553650     0.3474437     0.3392221     0.3307071     0.3219097     0.3128441     0.3035274     0.2939782     0.2842167     0.2742637     0.2641400     0.2538667     0.2434649     0.2329560     0.2223620     0.2117066     0.2010152     0.1903159     0.1796399     0.1690213     0.1584976     0.1481086     0.1378959     0.1279021     0.1181692     0.1087377     0.0996455     0.0909267     0.0826113     0.0747238     0.0672838     0.0603048     0.0537954
     0.0758126     0.1510903     0.2252994     0.2979090     0.3683938     0.4362369     0.5009353     0.5620056     0.6189928     0.6714794     0.7190963     0.7615346     0.7985573     0.8300098     0.8558283     0.8760460     0.8907937     0.9002972     0.9048690     0.9048963     0.9008249     0.8931413     0.8823540     0.8689751     0.8535042     0.8364147     0.8181437     0.7990848     0.7795842     0.7599397     0.7404014     0.7211747     0.7024236     0.6842753     0.6668242     0.6501371     0.6342567     0.6192058     0.6049907     0.5916042     0.5790281     0.5672355     0.5561923     0.5458589     0.5361913     0.5271421     0.5186613     0.5106966     0.5031945     0.4961001     0.4893580     0.4829124     0.4767074     0.4706874     0.4647976     0.4589840     0.4531944     0.4473782     0.4414873     0.4354763     0.4293034     0.4229304     0.4163234     0.4094534     0.4022964     0.3948337     0.3870522     0.3789444     0.3705082     0.3617468     0.3526680     0.3432839     0.3336103     0.3236658     0.3134707     0.3030470     0.2924174     0.2816046     0.2706315     0.2595211     0.2482967     0.2369823     0.2256033     0.2141875     0.2027649     0.1913690     0.1800366     0.1688075     0.1577244     0.1468316     0.1361744     0.1257974     0.1157439     0.1060538     0.0967635     0.0879046     0.0795031     0.0715794     0.0641482     0.0572179
     0.0730504     0.1456477     0.2173385     0.2876697     0.3561891     0.4224472     0.4859997     0.5464125     0.6032669     0.6561672     0.7047497     0.7486927     0.7877277     0.8216501     0.8503294     0.8737176     0.8918544     0.9048690     0.9129777     0.9164763     0.9157295     0.9111564     0.9032138     0.8923787     0.8791320     0.8639429     0.8472562     0.8294830     0.8109937     0.7921144     0.7731257     0.7542636     0.7357215     0.7176542     0.7001811     0.6833908     0.6673453     0.6520836     0.6376256     0.6239752     0.6111230     0.5990490     0.5877244     0.5771132     0.5671741     0.5578610     0.5491245     0.5409121     0.5331695     0.5258406     0.5188682     0.5121945     0.5057613     0.4995106     0.4933850     0.4873280     0.4812846     0.4752017     0.4690288     0.4627180     0.4562255     0.4495109     0.4425390     0.4352791     0.4277063     0.4198011     0.4115500     0.4029456     0.3939862     0.3846754     0.3750222     0.3650401     0.3547462     0.3441606     0.3333059     0.3222057     0.3108847     0.2993676     0.2876793     0.2758448     0.2638894     0.2518390     0.2397212     0.2275656     0.2154049     0.2032748     0.1912145     0.1792666     0.1674765     0.1558912     0.1445589     0.1335269     0.1228409     0.1125434     0.1026726     0.0932619     0.0843387     0.0759246     0.0680347     0.0606779
     0.0702347     0.1400872     0.2091744     0.2771114     0.3435117     0.4079872     0.4701497     0.5296138     0.5860005     0.6389427     0.6880923     0.7331284     0.7737668     0.8097703     0.8409596     0.8672219     0.8885199     0.9048963     0.9164763     0.9234648     0.9261409     0.9248473     0.9199773     0.9119593     0.9012413     0.8882745     0.8734997     0.8573355     0.8401685     0.8223476     0.8041803     0.7859310     0.7678224     0.7500371     0.7327205     0.7159851     0.6999137     0.6845636     0.6699701     0.6561498     0.6431042     0.6308215     0.6192794     0.6084471     0.5982865     0.5887540     0.5798012     0.5713764     0.5634248     0.5558893     0.5487116     0.5418319     0.5351902     0.5287260     0.5223797     0.5160921     0.5098057     0.5034650     0.4970170     0.4904116     0.4836028     0.4765484     0.4692114     0.4615600     0.4535682     0.4452158     0.4364891     0.4273806     0.4178891     0.4080192     0.3977807     0.3871885     0.3762613     0.3650212     0.3534924     0.3417008     0.3296730     0.3174360     0.3050166     0.2924420     0.2797394     0.2669370     0.2540644     0.2411537     0.2282396     0.2153603     0.2025578     0.1898773     0.1773668     0.1650765     0.1530572     0.1413589     0.1300299     0.1191150     0.1086546     0.0986837     0.0892312     0.0803195     0.0719646     0.0641756
     0.0674178     0.1345144     0.2009673     0.2664514     0.3306377     0.3931937     0.4537829     0.5120669     0.5677074     0.6203699     0.6697289     0.7154744     0.7573199     0.7950112     0.8283363     0.8571348     0.8813078     0.9008249     0.9157295     0.9261409     0.9322527     0.9343269     0.9326850     0.9276959     0.9197616     0.9093023     0.8967421     0.8824952     0.8669554     0.8504868     0.8334183     0.8160396     0.7986004     0.7813106     0.7643423     0.7478324     0.7318864     0.7165813     0.7019697     0.6880830     0.6749347     0.6625232     0.6508340     0.6398425     0.6295152     0.6198117     0.6106859     0.6020868     0.5939601     0.5862484     0.5788921     0.5718302     0.5650008     0.5583415     0.5517903     0.5452856     0.5387677     0.5321786     0.5254627     0.5185681     0.5114464     0.5040539     0.4963518     0.4883071     0.4798928     0.4710883     0.4618795     0.4522593     0.4422266     0.4317871     0.4209519     0.4097371     0.3981634     0.3862545     0.3740369     0.3615385     0.3487882     0.3358149     0.3226481     0.3093168     0.2958505     0.2822797     0.2686362     0.2549542     0.2412711     0.2276275     0.2140681     0.2006408     0.1873966     0.1743884     0.1616698     0.1492938     0.1373110     0.1257688     0.1147096     0.1041700     0.0941803     0.0847641     0.0759377     0.0677107
     0.0646401     0.1290113     0.1928429     0.2558611     0.3177877     0.3783390     0.4372258     0.4941536     0.5488239     0.6009365     0.6501930     0.6963018     0.7389839     0.7779808     0.8130625     0.8440370     0.8707596     0.8931413     0.9111564     0.9248473     0.9343269     0.9397768     0.9414429     0.9396264     0.9346731     0.9269601     0.9168821     0.9048373     0.8912156     0.8763873     0.8606957     0.8444506     0.8279254     0.8113556     0.7949390     0.7788376     0.7631801     0.7480649     0.7335633     0.7197231     0.7065716     0.6941187     0.6823595     0.6712767     0.6608427     0.6510212     0.6417690     0.6330372     0.6247722     0.6169167     0.6094107     0.6021921     0.5951973     0.5883623     0.5816230     0.5749157     0.5681782     0.5613503     0.5543743     0.5471959     0.5397650     0.5320360     0.5239687     0.5155288     0.5066885     0.4974267     0.4877292     0.4775889     0.4670057     0.4559859     0.4445420     0.4326919     0.4204578     0.4078656     0.3949439     0.3817228     0.3682336     0.3545076     0.3405765     0.3264716     0.3122247     0.2978687     0.2834376     0.2689682     0.2545001     0.2400769     0.2257456     0.2115572     0.1975656     0.1838264     0.1703964     0.1573311     0.1446839     0.1325043     0.1208369     0.1097201     0.0991855     0.0892576     0.0799534     0.0712826
     0.0619324     0.1236401     0.1848968     0.2454727     0.3051333     0.3636382     0.4207401     0.4761848     0.5297117     0.5810547     0.6299448     0.6761132     0.7192961     0.7592402     0.7957099     0.8284953     0.8574208     0.8823540     0.9032138     0.9199773     0.9326850     0.9414429     0.9464210     0.9478494     0.9460105     0.9412282     0.9338565     0.9242658     0.9128305     0.8999174     0.8858752     0.8710274     0.8556659     0.8400487     0.8243974     0.8088986     0.7937043     0.7789351     0.7646823     0.7510114     0.7379652     0.7255666     0.7138217     0.7027219     0.6922465     0.6823647     0.6730372     0.6642176     0.6558540     0.6478899     0.6402651     0.6329169     0.6257807     0.6187907     0.6118811     0.6049862     0.5980418     0.5909853     0.5837571     0.5763008     0.5685644     0.5605006     0.5520678     0.5432308     0.5339607     0.5242361     0.5140429     0.5033742     0.4922305     0.4806195     0.4685548     0.4560559     0.4431473     0.4298568     0.4162153     0.4022554     0.3880107     0.3735150     0.3588024     0.3439067     0.3288622     0.3137038     0.2984684     0.2831950     0.2679260     0.2527074     0.2375893     0.2226255     0.2078726     0.1933895     0.1792357     0.1654695     0.1521471     0.1393202     0.1270354     0.1153329     0.1042456     0.0937990     0.0840106     0.0748903
     0.0593167     0.1184462     0.1771996     0.2353848     0.2928049     0.3492568     0.4045305     0.4584081     0.5106640     0.5610650     0.6093718     0.6553412     0.6987289     0.7392943     0.7768055     0.8110463     0.8418235     0.8689751     0.8923787     0.9119593     0.9276959     0.9396264     0.9478494     0.9525242     0.9538657     0.9521382     0.9476455     0.9407196     0.9317085     0.9209641     0.9088315     0.8956392     0.8816917     0.8672644     0.8525999     0.8379073     0.8233615     0.8091052     0.7952506     0.7818820     0.7690590     0.7568189     0.7451801     0.7341443     0.7236989     0.7138197     0.7044722     0.6956138     0.6871947     0.6791598     0.6714495     0.6640008     0.6567485     0.6496255     0.6425645     0.6354981     0.6283599     0.6210857     0.6136136     0.6058854     0.5978472     0.5894504     0.5806520     0.5714156     0.5617119     0.5515189     0.5408227     0.5296169     0.5179027     0.5056889     0.4929909     0.4798298     0.4662321     0.4522280     0.4378508     0.4231355     0.4081184     0.3928359     0.3773244     0.3616205     0.3457608     0.3297830     0.3137263     0.2976324     0.2815462     0.2655167     0.2495968     0.2338430     0.2183151     0.2030751     0.1881852     0.1737068     0.1596983     0.1462141     0.1333028     0.1210063     0.1093587     0.0983865     0.0881077     0.0785324
     0.0568084     0.1134613     0.1698013     0.2256684     0.2808975     0.3353182     0.3887528     0.4410156     0.4919130     0.5412424     0.5887936     0.6343495     0.6776884     0.7185869     0.7568236     0.7921852     0.8244717     0.8535042     0.8791320     0.9012413     0.9197616     0.9346731     0.9460105     0.9538657     0.9583869     0.9597750     0.9582775     0.9541788     0.9477905     0.9394393     0.9294564     0.9181661     0.9058778     0.8928782     0.8794264     0.8657508     0.8520478     0.8384814     0.8251846     0.8122614     0.7997889     0.7878204     0.7763877     0.7655040     0.7551664     0.7453582     0.7360510     0.7272066     0.7187785     0.7107137     0.7029537     0.6954359     0.6880946     0.6808621     0.6736697     0.6664486     0.6591307     0.6516499     0.6439426     0.6359488     0.6276129     0.6188849     0.6097206     0.6000826     0.5899412     0.5792741     0.5680675     0.5563155     0.5440205     0.5311924     0.5178481     0.5040109     0.4897094     0.4749762     0.4598470     0.4443597     0.4285531     0.4124663     0.3961385     0.3796088     0.3629166     0.3461021     0.3292071     0.3122760     0.2953567     0.2785006     0.2617638     0.2452057     0.2288894     0.2128795     0.1972414     0.1820393     0.1673344     0.1531832     0.1396365     0.1267377     0.1145224     0.1030178     0.0922426     0.0822069
     0.0544177     0.1087063     0.1627354     0.2163718     0.2694779     0.3219109     0.3735212     0.4241518     0.4736373     0.5218033     0.5684671     0.6134374     0.6565158     0.6974988     0.7361808     0.7723574     0.8058306     0.8364147     0.8639429     0.8882745     0.9093023     0.9269601     0.9412282     0.9521382     0.9597750     0.9642766     0.9658305     0.9646680     0.9610556     0.9552855     0.9476647     0.9385041     0.9281089     0.9167700     0.9047571     0.8923139     0.8796547     0.8669636     0.8543937     0.8420684     0.8300834     0.8185084     0.8073900     0.7967542     0.7866088     0.7769460     0.7677445     0.7589716     0.7505849     0.7425343     0.7347631     0.7272096     0.7198084     0.7124914     0.7051890     0.6978311     0.6903483     0.6826728     0.6747394     0.6664865     0.6578572     0.6487998     0.6392693     0.6292276     0.6186442     0.6074971     0.5957725     0.5834653     0.5705788     0.5571245     0.5431210     0.5285937     0.5135734     0.4980953     0.4821979     0.4659217     0.4493083     0.4323998     0.4152381     0.3978652     0.3803230     0.3626545     0.3449044     0.3271197     0.3093511     0.2916532     0.2740846     0.2567082     0.2395899     0.2227976     0.2063996     0.1904628     0.1750511     0.1602235     0.1460326     0.1325237     0.1197335     0.1076902     0.0964128     0.0859115
     0.0521500     0.1041933     0.1560219     0.2075253     0.2585893     0.3090946     0.3589161     0.4079213     0.4559701     0.5029135     0.5485940     0.5928448     0.6354910     0.6763502     0.7152348     0.7519541     0.7863186     0.8181437     0.8472562     0.8734997     0.8967421     0.9168821     0.9338565     0.9476455     0.9582775     0.9658305     0.9704327     0.9722588     0.9715249     0.9684807     0.9633998     0.9565704     0.9482845     0.9388287     0.9284763     0.9174808     0.9060706     0.8944466     0.8827805     0.8712147     0.8598630     0.8488124     0.8381250     0.8278406     0.8179790     0.8085423     0.7995175     0.7908783     0.7825876     0.7745988     0.7668580     0.7593049     0.7518750     0.7445001     0.7371103     0.7296347     0.7220026     0.7141449     0.7059950     0.6974900     0.6885715     0.6791869     0.6692901     0.6588423     0.6478128     0.6361796     0.6239292     0.6110575     0.5975689     0.5834764     0.5688005     0.5535688     0.5378147     0.5215760     0.5048939     0.4878120     0.4703747     0.4526271     0.4346141     0.4163804     0.3979709     0.3794315     0.3608095     0.3421550     0.3235215     0.3049665     0.2865518     0.2683433     0.2504101     0.2328230     0.2156535     0.1989713     0.1828430     0.1673299     0.1524866     0.1383600     0.1249881     0.1123999     0.1006149     0.0896433
     0.0500078     0.0999276     0.1496704     0.1991450     0.2482566     0.2969063     0.3449896     0.3923957     0.4390063     0.4846953     0.5293276     0.5727597     0.6148387     0.6554035     0.6942859     0.7313116     0.7663036     0.7990848     0.8294830     0.8573355     0.8824952     0.9048373     0.9242658     0.9407196     0.9541788     0.9646680     0.9722588     0.9770699     0.9792638     0.9790421     0.9766383     0.9723088     0.9663233     0.9589560     0.9504758     0.9411390     0.9311830     0.9208217     0.9102426     0.8996052     0.8890410     0.8786542     0.8685229     0.8587014     0.8492224     0.8400991     0.8313277     0.8228898     0.8147541     0.8068787     0.7992130     0.7916991     0.7842739     0.7768697     0.7694168     0.7618436     0.7540788     0.7460522     0.7376960     0.7289462     0.7197433     0.7100337     0.6997704     0.6889143     0.6774345     0.6653091     0.6525252     0.6390796     0.6249781     0.6102352     0.5948738     0.5789236     0.5624206     0.5454055     0.5279224     0.5100180     0.4917397     0.4731358     0.4542541     0.4351425     0.4158487     0.3964217     0.3769116     0.3573714     0.3378576     0.3184309     0.2991560     0.2801021     0.2613413     0.2429477     0.2249957     0.2075581     0.1907038     0.1744965     0.1589930     0.1442416     0.1302817     0.1171430     0.1048453     0.0933989
