    -0.0000000    -0.0000000    -0.0000000    -0.0000000    -0.0000000    -0.0000000    -0.0000000    -0.0000000    -0.0000000    -0.0000000    -0.0000000    -0.0000000    -0.0000000    -0.0000000    -0.0000000    -0.0000000    -0.0000000    -0.0000000    -0.0000000    -0.0000000    -0.0000000    -0.0000000    -0.0000000    -0.0000000    -0.0000000    -0.0000000    -0.0000000    -0.0000000    -0.0000000    -0.0000000    -0.0000000    -0.0000000    -0.0000000    -0.0000000    -0.0000000    -0.0000000    -0.0000000    -0.0000000    -0.0000000    -0.0000000    -0.0000000    -0.0000000    -0.0000000    -0.0000000    -0.0000000    -0.0000000    -0.0000000    -0.0000000    -0.0000000    -0.0000000    -0.0000000    -0.0000000    -0.0000000    -0.0000000    -0.0000000    -0.0000000    -0.0000000    -0.0000000    -0.0000000    -0.0000000    -0.0000000    -0.0000000    -0.0000000    -0.0000000    -0.0000000    -0.0000000    -0.0000000    -0.0000000    -0.0000000    -0.0000000    -0.0000000    -0.0000000    -0.0000000    -0.0000000    -0.0000000    -0.0000000    -0.0000000    -0.0000000    -0.0000000    -0.0000000    -0.0000000    -0.0000000    -0.0000000    -0.0000000    -0.0000000     0.0000000     0.0000000     0.0000000     0.0000000     0.0000000     0.0000000     0.0000000     0.0000000     0.0000000     0.0000000     0.0000000     0.0000000     0.0000000     0.0000000     0.0000000
    -0.0000000    -0.0000000    -0.0000000    -0.0000000    -0.0000000    -0.0000000    -0.0000000    -0.0000000    -0.0000000    -0.0000000    -0.0000000    -0.0000000    -0.0000000    -0.0000000    -0.0000000    -0.0000000    -0.0000000    -0.0000000    -0.0000000    -0.0000000    -0.0000000    -0.0000000    -0.0000000    -0.0000000    -0.0000000    -0.0000000    -0.0000000    -0.0000000    -0.0000000    -0.0000000    -0.0000000    -0.0000000    -0.0000000    -0.0000000    -0.0000000    -0.0000000    -0.0000000    -0.0000000    -0.0000000    -0.0000000    -0.0000000    -0.0000000    -0.0000000    -0.0000000    -0.0000000    -0.0000000    -0.0000000    -0.0000000    -0.0000000    -0.0000000    -0.0000000    -0.0000000    -0.0000000    -0.0000000    -0.0000000    -0.0000000    -0.0000000    -0.0000000    -0.0000000    -0.0000000    -0.0000000    -0.0000000    -0.0000000    -0.0000000    -0.0000000    -0.0000000    -0.0000000    -0.0000000    -0.0000000    -0.0000000    -0.0000000    -0.0000000    -0.0000000    -0.0000000    -0.0000000    -0.0000000    -0.0000000    -0.0000000    -0.0000000    -0.0000000    -0.0000000    -0.0000000    -0.0000000    -0.0000000    -0.0000000     0.0000000     0.0000000     0.0000000     0.0000000     0.0000000     0.0000000     0.0000000     0.0000000     0.0000000     0.0000000     0.0000000     0.0000000     0.0000000     0.0000000     0.0000000
    -0.0000000    -0.0000000    -0.0000000    -0.0000000    -0.0000000    -0.0000000    -0.0000000    -0.0000000    -0.0000001    -0.0000001    -0.0000001    -0.0000002    -0.0000002    -0.0000002    -0.0000003    -0.0000003    -0.0000003    -0.0000003    -0.0000003    -0.0000003    -0.0000003    -0.0000003    -0.0000003    -0.0000003    -0.0000003    -0.0000003    -0.0000003    -0.0000002    -0.0000002    -0.0000002    -0.0000002    -0.0000002    -0.0000002    -0.0000002    -0.0000002    -0.0000001    -0.0000001    -0.0000001    -0.0000001    -0.0000001    -0.0000001    -0.0000001    -0.0000001    -0.0000001    -0.0000001    -0.0000001    -0.0000001    -0.0000001    -0.0000000    -0.0000000    -0.0000000    -0.0000000    -0.0000000    -0.0000000    -0.0000000    -0.0000000    -0.0000000    -0.0000000    -0.0000000    -0.0000000    -0.0000000    -0.0000000    -0.0000000    -0.0000000    -0.0000000    -0.0000000    -0.0000000    -0.0000000    -0.0000000    -0.0000000    -0.0000000    -0.0000000    -0.0000000    -0.0000000    -0.0000000    -0.0000000    -0.0000000    -0.0000000    -0.0000000    -0.0000000    -0.0000000    -0.0000000    -0.0000000    -0.0000000    -0.0000000     0.0000000     0.0000000     0.0000000     0.0000000     0.0000000     0.0000000     0.0000000     0.0000000     0.0000000     0.0000000     0.0000000     0.0000000     0.0000000     0.0000000     0.0000000
    -0.0000000    -0.0000000    -0.0000000    -0.0000000    -0.0000000    -0.0000001    -0.0000001    -0.0000002    -0.0000003    -0.0000004    -0.0000006    -0.0000007    -0.0000008    -0.0000010    -0.0000011    -0.0000012    -0.0000013    -0.0000013    -0.0000014    -0.0000014    -0.0000014    -0.0000013    -0.0000013    -0.0000013    -0.0000012    -0.0000012    -0.0000011    -0.0000010    -0.0000010    -0.0000009    -0.0000009    -0.0000008    -0.0000007    -0.0000007    -0.0000006    -0.0000006    -0.0000005    -0.0000005    -0.0000005    -0.0000004    -0.0000004    -0.0000004    -0.0000003    -0.0000003    -0.0000003    -0.0000003    -0.0000002    -0.0000002    -0.0000002    -0.0000002    -0.0000002    -0.0000002    -0.0000001    -0.0000001    -0.0000001    -0.0000001    -0.0000001    -0.0000001    -0.0000001    -0.0000001    -0.0000001    -0.0000001    -0.0000001    -0.0000000    -0.0000000    -0.0000000    -0.0000000    -0.0000000    -0.0000000    -0.0000000    -0.0000000    -0.0000000    -0.0000000    -0.0000000    -0.0000000    -0.0000000    -0.0000000    -0.0000000    -0.0000000    -0.0000000    -0.0000000    -0.0000000    -0.0000000    -0.0000000    -0.0000000     0.0000000     0.0000000     0.0000000     0.0000000     0.0000000     0.0000000     0.0000000     0.0000000     0.0000000     0.0000000     0.0000000     0.0000000     0.0000000     0.0000000     0.0000000
    -0.0000000    -0.0000000    -0.0000000    -0.0000000    -0.0000001    -0.0000002    -0.0000003    -0.0000005    -0.0000008    -0.0000012    -0.0000016    -0.0000020    -0.0000024    -0.0000028    -0.0000032    -0.0000035    -0.0000037    -0.0000039    -0.0000040    -0.0000041    -0.0000041    -0.0000040    -0.0000039    -0.0000038    -0.0000036    -0.0000035    -0.0000033    -0.0000031    -0.0000029    -0.0000027    -0.0000026    -0.0000024    -0.0000022    -0.0000021    -0.0000019    -0.0000018    -0.0000016    -0.0000015    -0.0000014    -0.0000013    -0.0000012    -0.0000011    -0.0000010    -0.0000009    -0.0000009    -0.0000008    -0.0000007    -0.0000007    -0.0000006    -0.0000006    -0.0000005    -0.0000005    -0.0000004    -0.0000004    -0.0000004    -0.0000003    -0.0000003    -0.0000003    -0.0000003    -0.0000002    -0.0000002    -0.0000002    -0.0000002    -0.0000001    -0.0000001    -0.0000001    -0.0000001    -0.0000001    -0.0000001    -0.0000001    -0.0000001    -0.0000000    -0.0000000    -0.0000000    -0.0000000    -0.0000000    -0.0000000    -0.0000000    -0.0000000    -0.0000000    -0.0000000    -0.0000000    -0.0000000    -0.0000000    -0.0000000     0.0000000     0.0000000     0.0000000     0.0000000     0.0000000     0.0000000     0.0000000     0.0000000     0.0000000     0.0000000     0.0000000     0.0000000     0.0000000     0.0000000     0.0000000
    -0.0000000    -0.0000000    -0.0000000    -0.0000001    -0.0000002    -0.0000004    -0.0000007    -0.0000012    -0.0000019    -0.0000027    -0.0000037    -0.0000047    -0.0000057    -0.0000066    -0.0000075    -0.0000083    -0.0000089    -0.0000093    -0.0000096    -0.0000098    -0.0000098    -0.0000097    -0.0000095    -0.0000092    -0.0000088    -0.0000084    -0.0000080    -0.0000076    -0.0000072    -0.0000067    -0.0000063    -0.0000059    -0.0000055    -0.0000051    -0.0000047    -0.0000044    -0.0000041    -0.0000038    -0.0000035    -0.0000032    -0.0000030    -0.0000027    -0.0000025    -0.0000023    -0.0000022    -0.0000020    -0.0000018    -0.0000017    -0.0000016    -0.0000014    -0.0000013    -0.0000012    -0.0000011    -0.0000010    -0.0000009    -0.0000008    -0.0000008    -0.0000007    -0.0000006    -0.0000006    -0.0000005    -0.0000005    -0.0000004    -0.0000004    -0.0000003    -0.0000003    -0.0000003    -0.0000002    -0.0000002    -0.0000002    -0.0000001    -0.0000001    -0.0000001    -0.0000001    -0.0000001    -0.0000000    -0.0000000    -0.0000000    -0.0000000    -0.0000000    -0.0000000    -0.0000000    -0.0000000    -0.0000000    -0.0000000     0.0000000     0.0000000     0.0000000     0.0000000     0.0000000     0.0000000     0.0000000     0.0000000     0.0000000     0.0000000     0.0000000     0.0000000     0.0000000     0.0000000     0.0000000
    -0.0000000    -0.0000000    -0.0000000    -0.0000001    -0.0000003    -0.0000007    -0.0000014    -0.0000024    -0.0000037    -0.0000053    -0.0000072    -0.0000092    -0.0000113    -0.0000133    -0.0000151    -0.0000167    -0.0000181    -0.0000191    -0.0000198    -0.0000202    -0.0000203    -0.0000201    -0.0000198    -0.0000192    -0.0000186    -0.0000178    -0.0000170    -0.0000161    -0.0000152    -0.0000143    -0.0000134    -0.0000125    -0.0000117    -0.0000109    -0.0000101    -0.0000094    -0.0000087    -0.0000081    -0.0000075    -0.0000069    -0.0000064    -0.0000059    -0.0000054    -0.0000050    -0.0000046    -0.0000043    -0.0000039    -0.0000036    -0.0000033    -0.0000031    -0.0000028    -0.0000026    -0.0000024    -0.0000022    -0.0000020    -0.0000018    -0.0000017    -0.0000015    -0.0000014    -0.0000012    -0.0000011    -0.0000010    -0.0000009    -0.0000008    -0.0000007    -0.0000006    -0.0000005    -0.0000005    -0.0000004    -0.0000003    -0.0000003    -0.0000002    -0.0000002    -0.0000002    -0.0000001    -0.0000001    -0.0000001    -0.0000001    -0.0000000    -0.0000000    -0.0000000    -0.0000000    -0.0000000    -0.0000000    -0.0000000     0.0000000     0.0000000     0.0000000     0.0000000     0.0000000     0.0000000     0.0000000     0.0000000     0.0000000     0.0000000     0.0000000     0.0000000     0.0000000     0.0000000     0.0000000
    -0.0000000    -0.0000000    -0.0000000    -0.0000002    -0.0000005    -0.0000012    -0.0000024    -0.0000041    -0.0000064    -0.0000093    -0.0000126    -0.0000162    -0.0000200    -0.0000237    -0.0000272    -0.0000303    -0.0000329    -0.0000350    -0.0000364    -0.0000373    -0.0000377    -0.0000376    -0.0000370    -0.0000361    -0.0000350    -0.0000336    -0.0000321    -0.0000305    -0.0000289    -0.0000272    -0.0000256    -0.0000239    -0.0000224    -0.0000209    -0.0000194    -0.0000180    -0.0000167    -0.0000155    -0.0000144    -0.0000133    -0.0000123    -0.0000114    -0.0000105    -0.0000097    -0.0000090    -0.0000083    -0.0000076    -0.0000070    -0.0000065    -0.0000060    -0.0000055    -0.0000050    -0.0000046    -0.0000042    -0.0000039    -0.0000035    -0.0000032    -0.0000029    -0.0000026    -0.0000024    -0.0000022    -0.0000019    -0.0000017    -0.0000015    -0.0000014    -0.0000012    -0.0000011    -0.0000009    -0.0000008    -0.0000007    -0.0000006    -0.0000005    -0.0000004    -0.0000003    -0.0000003    -0.0000002    -0.0000002    -0.0000001    -0.0000001    -0.0000001    -0.0000000    -0.0000000    -0.0000000    -0.0000000    -0.0000000     0.0000000     0.0000000     0.0000000     0.0000000     0.0000000     0.0000000     0.0000000     0.0000000     0.0000000     0.0000000     0.0000000     0.0000000     0.0000000     0.0000000     0.0000000
    -0.0000000    -0.0000000    -0.0000001    -0.0000003    -0.0000008    -0.0000019    -0.0000037    -0.0000064    -0.0000101    -0.0000147    -0.0000201    -0.0000261    -0.0000324    -0.0000388    -0.0000448    -0.0000502    -0.0000549    -0.0000587    -0.0000615    -0.0000634    -0.0000643    -0.0000644    -0.0000637    -0.0000625    -0.0000607    -0.0000586    -0.0000561    -0.0000535    -0.0000507    -0.0000479    -0.0000450    -0.0000423    -0.0000395    -0.0000369    -0.0000344    -0.0000320    -0.0000297    -0.0000276    -0.0000256    -0.0000237    -0.0000219    -0.0000203    -0.0000188    -0.0000173    -0.0000160    -0.0000148    -0.0000136    -0.0000126    -0.0000116    -0.0000107    -0.0000098    -0.0000090    -0.0000083    -0.0000076    -0.0000069    -0.0000063    -0.0000058    -0.0000052    -0.0000048    -0.0000043    -0.0000039    -0.0000035    -0.0000031    -0.0000028    -0.0000025    -0.0000022    -0.0000019    -0.0000016    -0.0000014    -0.0000012    -0.0000010    -0.0000009    -0.0000007    -0.0000006    -0.0000005    -0.0000004    -0.0000003    -0.0000002    -0.0000002    -0.0000001    -0.0000001    -0.0000001    -0.0000000    -0.0000000    -0.0000000     0.0000000     0.0000000     0.0000000     0.0000000     0.0000000     0.0000000     0.0000000     0.0000000     0.0000000     0.0000000     0.0000000     0.0000000     0.0000000     0.0000000     0.0000000
    -0.0000000    -0.0000000    -0.0000001    -0.0000004    -0.0000012    -0.0000027    -0.0000053    -0.0000093    -0.0000147    -0.0000216    -0.0000298    -0.0000390    -0.0000489    -0.0000589    -0.0000686    -0.0000775    -0.0000853    -0.0000918    -0.0000968    -0.0001004    -0.0001024    -0.0001031    -0.0001025    -0.0001009    -0.0000985    -0.0000953    -0.0000916    -0.0000876    -0.0000833    -0.0000788    -0.0000743    -0.0000699    -0.0000655    -0.0000613    -0.0000572    -0.0000533    -0.0000496    -0.0000460    -0.0000427    -0.0000396    -0.0000367    -0.0000340    -0.0000315    -0.0000291    -0.0000269    -0.0000248    -0.0000229    -0.0000211    -0.0000195    -0.0000179    -0.0000165    -0.0000152    -0.0000139    -0.0000128    -0.0000117    -0.0000107    -0.0000097    -0.0000088    -0.0000080    -0.0000073    -0.0000065    -0.0000059    -0.0000053    -0.0000047    -0.0000041    -0.0000036    -0.0000032    -0.0000028    -0.0000024    -0.0000020    -0.0000017    -0.0000014    -0.0000012    -0.0000010    -0.0000008    -0.0000006    -0.0000005    -0.0000004    -0.0000003    -0.0000002    -0.0000001    -0.0000001    -0.0000001    -0.0000000    -0.0000000     0.0000000     0.0000000     0.0000000     0.0000000     0.0000000     0.0000000     0.0000000     0.0000000     0.0000000     0.0000000     0.0000000     0.0000000     0.0000000     0.0000000     0.0000000
    -0.0000000    -0.0000000    -0.0000001    -0.0000006    -0.0000016    -0.0000037    -0.0000072    -0.0000126    -0.0000201    -0.0000298    -0.0000415    -0.0000548    -0.0000693    -0.0000841    -0.0000988    -0.0001126    -0.0001249    -0.0001354    -0.0001439    -0.0001501    -0.0001541    -0.0001560    -0.0001559    -0.0001543    -0.0001512    -0.0001469    -0.0001417    -0.0001359    -0.0001296    -0.0001231    -0.0001163    -0.0001096    -0.0001030    -0.0000965    -0.0000902    -0.0000841    -0.0000784    -0.0000729    -0.0000678    -0.0000629    -0.0000583    -0.0000541    -0.0000501    -0.0000463    -0.0000428    -0.0000396    -0.0000366    -0.0000337    -0.0000311    -0.0000287    -0.0000264    -0.0000242    -0.0000223    -0.0000204    -0.0000187    -0.0000171    -0.0000156    -0.0000142    -0.0000129    -0.0000116    -0.0000105    -0.0000094    -0.0000084    -0.0000075    -0.0000066    -0.0000059    -0.0000051    -0.0000045    -0.0000038    -0.0000033    -0.0000028    -0.0000023    -0.0000019    -0.0000016    -0.0000013    -0.0000010    -0.0000008    -0.0000006    -0.0000004    -0.0000003    -0.0000002    -0.0000001    -0.0000001    -0.0000000    -0.0000000     0.0000000     0.0000000     0.0000000     0.0000000     0.0000000     0.0000000     0.0000000     0.0000000     0.0000000     0.0000000     0.0000000     0.0000000     0.0000000     0.0000000     0.0000000
    -0.0000000    -0.0000000    -0.0000002    -0.0000007    -0.0000020    -0.0000047    -0.0000092    -0.0000162    -0.0000261    -0.0000390    -0.0000548    -0.0000731    -0.0000932    -0.0001142    -0.0001352    -0.0001554    -0.0001739    -0.0001900    -0.0002034    -0.0002136    -0.0002208    -0.0002249    -0.0002262    -0.0002249    -0.0002214    -0.0002162    -0.0002094    -0.0002015    -0.0001929    -0.0001836    -0.0001741    -0.0001644    -0.0001548    -0.0001453    -0.0001361    -0.0001272    -0.0001187    -0.0001106    -0.0001029    -0.0000956    -0.0000888    -0.0000824    -0.0000763    -0.0000707    -0.0000654    -0.0000605    -0.0000559    -0.0000516    -0.0000476    -0.0000439    -0.0000404    -0.0000372    -0.0000341    -0.0000313    -0.0000287    -0.0000262    -0.0000239    -0.0000218    -0.0000197    -0.0000179    -0.0000161    -0.0000145    -0.0000130    -0.0000115    -0.0000102    -0.0000090    -0.0000079    -0.0000069    -0.0000059    -0.0000051    -0.0000043    -0.0000036    -0.0000030    -0.0000024    -0.0000020    -0.0000015    -0.0000012    -0.0000009    -0.0000007    -0.0000005    -0.0000003    -0.0000002    -0.0000001    -0.0000001    -0.0000000     0.0000000     0.0000000     0.0000000     0.0000000     0.0000000     0.0000000     0.0000000     0.0000000     0.0000000     0.0000000     0.0000000     0.0000000     0.0000000     0.0000000     0.0000000
    -0.0000000    -0.0000000    -0.0000002    -0.0000008    -0.0000024    -0.0000057    -0.0000113    -0.0000200    -0.0000324    -0.0000489    -0.0000693    -0.0000932    -0.0001198    -0.0001482    -0.0001771    -0.0002053    -0.0002317    -0.0002553    -0.0002754    -0.0002915    -0.0003034    -0.0003111    -0.0003148    -0.0003148    -0.0003116    -0.0003057    -0.0002974    -0.0002874    -0.0002760    -0.0002637    -0.0002508    -0.0002375    -0.0002242    -0.0002109    -0.0001980    -0.0001854    -0.0001733    -0.0001617    -0.0001507    -0.0001402    -0.0001303    -0.0001210    -0.0001123    -0.0001041    -0.0000964    -0.0000892    -0.0000825    -0.0000762    -0.0000703    -0.0000649    -0.0000598    -0.0000550    -0.0000505    -0.0000464    -0.0000425    -0.0000388    -0.0000354    -0.0000323    -0.0000293    -0.0000265    -0.0000239    -0.0000215    -0.0000192    -0.0000171    -0.0000152    -0.0000134    -0.0000117    -0.0000102    -0.0000088    -0.0000075    -0.0000064    -0.0000053    -0.0000044    -0.0000036    -0.0000029    -0.0000023    -0.0000018    -0.0000014    -0.0000010    -0.0000007    -0.0000005    -0.0000003    -0.0000002    -0.0000001    -0.0000000     0.0000000     0.0000000     0.0000001     0.0000001     0.0000001     0.0000001     0.0000001     0.0000001     0.0000000     0.0000000     0.0000000     0.0000000     0.0000000     0.0000000     0.0000000
    -0.0000000    -0.0000000    -0.0000002    -0.0000010    -0.0000028    -0.0000066    -0.0000133    -0.0000237    -0.0000388    -0.0000589    -0.0000841    -0.0001142    -0.0001482    -0.0001850    -0.0002231    -0.0002610    -0.0002972    -0.0003303    -0.0003593    -0.0003833    -0.0004019    -0.0004150    -0.0004227    -0.0004253    -0.0004234    -0.0004175    -0.0004082    -0.0003962    -0.0003820    -0.0003663    -0.0003495    -0.0003320    -0.0003142    -0.0002964    -0.0002788    -0.0002617    -0.0002450    -0.0002290    -0.0002137    -0.0001992    -0.0001854    -0.0001723    -0.0001600    -0.0001485    -0.0001377    -0.0001275    -0.0001180    -0.0001091    -0.0001008    -0.0000930    -0.0000857    -0.0000789    -0.0000726    -0.0000666    -0.0000610    -0.0000558    -0.0000510    -0.0000464    -0.0000422    -0.0000382    -0.0000344    -0.0000310    -0.0000277    -0.0000247    -0.0000219    -0.0000193    -0.0000169    -0.0000147    -0.0000127    -0.0000108    -0.0000092    -0.0000077    -0.0000064    -0.0000052    -0.0000042    -0.0000033    -0.0000026    -0.0000020    -0.0000015    -0.0000010    -0.0000007    -0.0000005    -0.0000003    -0.0000001    -0.0000001     0.0000000     0.0000001     0.0000001     0.0000001     0.0000001     0.0000001     0.0000001     0.0000001     0.0000001     0.0000001     0.0000001     0.0000000     0.0000000     0.0000000     0.0000000
    -0.0000000    -0.0000000    -0.0000003    -0.0000011    -0.0000032    -0.0000075    -0.0000151    -0.0000272    -0.0000448    -0.0000686    -0.0000988    -0.0001352    -0.0001771    -0.0002231    -0.0002716    -0.0003206    -0.0003684    -0.0004131    -0.0004532    -0.0004875    -0.0005152    -0.0005360    -0.0005497    -0.0005568    -0.0005576    -0.0005529    -0.0005434    -0.0005299    -0.0005132    -0.0004940    -0.0004730    -0.0004509    -0.0004280    -0.0004049    -0.0003818    -0.0003591    -0.0003370    -0.0003156    -0.0002950    -0.0002753    -0.0002566    -0.0002389    -0.0002221    -0.0002063    -0.0001914    -0.0001775    -0.0001644    -0.0001521    -0.0001406    -0.0001298    -0.0001198    -0.0001103    -0.0001015    -0.0000932    -0.0000855    -0.0000782    -0.0000714    -0.0000651    -0.0000591    -0.0000535    -0.0000483    -0.0000435    -0.0000389    -0.0000347    -0.0000307    -0.0000271    -0.0000237    -0.0000206    -0.0000178    -0.0000152    -0.0000129    -0.0000108    -0.0000090    -0.0000073    -0.0000059    -0.0000047    -0.0000036    -0.0000028    -0.0000021    -0.0000015    -0.0000010    -0.0000007    -0.0000004    -0.0000002    -0.0000001     0.0000000     0.0000001     0.0000001     0.0000001     0.0000001     0.0000001     0.0000001     0.0000001     0.0000001     0.0000001     0.0000001     0.0000001     0.0000001     0.0000001     0.0000000
    -0.0000000    -0.0000000    -0.0000003    -0.0000012    -0.0000035    -0.0000083    -0.0000167    -0.0000303    -0.0000502    -0.0000775    -0.0001126    -0.0001554    -0.0002053    -0.0002610    -0.0003206    -0.0003821    -0.0004431    -0.0005013    -0.0005548    -0.0006019    -0.0006413    -0.0006724    -0.0006947    -0.0007084    -0.0007141    -0.0007123    -0.0007039    -0.0006899    -0.0006713    -0.0006490    -0.0006239    -0.0005968    -0.0005684    -0.0005393    -0.0005099    -0.0004808    -0.0004522    -0.0004243    -0.0003974    -0.0003715    -0.0003468    -0.0003233    -0.0003010    -0.0002799    -0.0002600    -0.0002413    -0.0002237    -0.0002072    -0.0001917    -0.0001771    -0.0001635    -0.0001507    -0.0001387    -0.0001275    -0.0001169    -0.0001070    -0.0000978    -0.0000891    -0.0000810    -0.0000734    -0.0000663    -0.0000596    -0.0000534    -0.0000476    -0.0000422    -0.0000372    -0.0000326    -0.0000284    -0.0000245    -0.0000209    -0.0000178    -0.0000149    -0.0000123    -0.0000101    -0.0000081    -0.0000064    -0.0000050    -0.0000038    -0.0000028    -0.0000020    -0.0000014    -0.0000009    -0.0000006    -0.0000003    -0.0000001     0.0000000     0.0000001     0.0000001     0.0000002     0.0000002     0.0000002     0.0000002     0.0000001     0.0000001     0.0000001     0.0000001     0.0000001     0.0000001     0.0000001     0.0000001
    -0.0000000    -0.0000000    -0.0000003    -0.0000013    -0.0000037    -0.0000089    -0.0000181    -0.0000329    -0.0000549    -0.0000853    -0.0001249    -0.0001739    -0.0002317    -0.0002972    -0.0003684    -0.0004431    -0.0005185    -0.0005920    -0.0006611    -0.0007234    -0.0007773    -0.0008215    -0.0008553    -0.0008785    -0.0008915    -0.0008949    -0.0008896    -0.0008767    -0.0008573    -0.0008327    -0.0008039    -0.0007719    -0.0007378    -0.0007022    -0.0006660    -0.0006296    -0.0005936    -0.0005583    -0.0005239    -0.0004907    -0.0004588    -0.0004284    -0.0003994    -0.0003719    -0.0003459    -0.0003214    -0.0002982    -0.0002764    -0.0002560    -0.0002367    -0.0002186    -0.0002017    -0.0001857    -0.0001708    -0.0001567    -0.0001436    -0.0001312    -0.0001196    -0.0001088    -0.0000986    -0.0000891    -0.0000801    -0.0000718    -0.0000640    -0.0000568    -0.0000501    -0.0000439    -0.0000382    -0.0000330    -0.0000282    -0.0000239    -0.0000201    -0.0000166    -0.0000136    -0.0000110    -0.0000087    -0.0000068    -0.0000051    -0.0000038    -0.0000027    -0.0000019    -0.0000012    -0.0000008    -0.0000004    -0.0000001     0.0000000     0.0000001     0.0000002     0.0000002     0.0000002     0.0000002     0.0000002     0.0000002     0.0000002     0.0000002     0.0000001     0.0000001     0.0000001     0.0000001     0.0000001
    -0.0000000    -0.0000000    -0.0000003    -0.0000013    -0.0000039    -0.0000093    -0.0000191    -0.0000350    -0.0000587    -0.0000918    -0.0001354    -0.0001900    -0.0002553    -0.0003303    -0.0004131    -0.0005013    -0.0005920    -0.0006822    -0.0007686    -0.0008485    -0.0009195    -0.0009798    -0.0010282    -0.0010641    -0.0010875    -0.0010989    -0.0010992    -0.0010895    -0.0010711    -0.0010455    -0.0010139    -0.0009777    -0.0009380    -0.0008959    -0.0008524    -0.0008082    -0.0007639    -0.0007202    -0.0006773    -0.0006357    -0.0005955    -0.0005570    -0.0005201    -0.0004850    -0.0004517    -0.0004201    -0.0003903    -0.0003621    -0.0003356    -0.0003106    -0.0002871    -0.0002650    -0.0002442    -0.0002247    -0.0002064    -0.0001892    -0.0001730    -0.0001578    -0.0001435    -0.0001301    -0.0001176    -0.0001059    -0.0000949    -0.0000846    -0.0000751    -0.0000663    -0.0000581    -0.0000506    -0.0000437    -0.0000374    -0.0000317    -0.0000266    -0.0000220    -0.0000180    -0.0000145    -0.0000115    -0.0000090    -0.0000068    -0.0000051    -0.0000036    -0.0000025    -0.0000017    -0.0000010    -0.0000005    -0.0000002     0.0000000     0.0000002     0.0000002     0.0000003     0.0000003     0.0000003     0.0000003     0.0000003     0.0000002     0.0000002     0.0000002     0.0000002     0.0000001     0.0000001     0.0000001
    -0.0000000    -0.0000000    -0.0000003    -0.0000014    -0.0000040    -0.0000096    -0.0000198    -0.0000364    -0.0000615    -0.0000968    -0.0001439    -0.0002034    -0.0002754    -0.0003593    -0.0004532    -0.0005548    -0.0006611    -0.0007686    -0.0008737    -0.0009731    -0.0010637    -0.0011430    -0.0012092    -0.0012611    -0.0012983    -0.0013211    -0.0013301    -0.0013264    -0.0013115    -0.0012868    -0.0012540    -0.0012146    -0.0011700    -0.0011218    -0.0010709    -0.0010186    -0.0009656    -0.0009126    -0.0008604    -0.0008093    -0.0007596    -0.0007117    -0.0006657    -0.0006217    -0.0005798    -0.0005400    -0.0005022    -0.0004665    -0.0004328    -0.0004009    -0.0003709    -0.0003426    -0.0003160    -0.0002910    -0.0002674    -0.0002452    -0.0002243    -0.0002047    -0.0001863    -0.0001690    -0.0001528    -0.0001376    -0.0001234    -0.0001101    -0.0000977    -0.0000863    -0.0000756    -0.0000658    -0.0000569    -0.0000487    -0.0000413    -0.0000346    -0.0000287    -0.0000235    -0.0000189    -0.0000150    -0.0000117    -0.0000089    -0.0000066    -0.0000048    -0.0000033    -0.0000022    -0.0000013    -0.0000007    -0.0000003     0.0000000     0.0000002     0.0000003     0.0000004     0.0000004     0.0000004     0.0000004     0.0000003     0.0000003     0.0000003     0.0000002     0.0000002     0.0000002     0.0000002     0.0000001
    -0.0000000    -0.0000000    -0.0000003    -0.0000014    -0.0000041    -0.0000098    -0.0000202    -0.0000373    -0.0000634    -0.0001004    -0.0001501    -0.0002136    -0.0002915    -0.0003833    -0.0004875    -0.0006019    -0.0007234    -0.0008485    -0.0009731    -0.0010934    -0.0012055    -0.0013064    -0.0013935    -0.0014649    -0.0015196    -0.0015574    -0.0015787    -0.0015845    -0.0015760    -0.0015549    -0.0015231    -0.0014822    -0.0014341    -0.0013804    -0.0013227    -0.0012623    -0.0012003    -0.0011377    -0.0010754    -0.0010138    -0.0009537    -0.0008953    -0.0008389    -0.0007848    -0.0007330    -0.0006836    -0.0006366    -0.0005920    -0.0005498    -0.0005098    -0.0004721    -0.0004365    -0.0004029    -0.0003712    -0.0003413    -0.0003132    -0.0002867    -0.0002618    -0.0002384    -0.0002164    -0.0001957    -0.0001763    -0.0001581    -0.0001412    -0.0001254    -0.0001107    -0.0000971    -0.0000845    -0.0000730    -0.0000626    -0.0000531    -0.0000445    -0.0000369    -0.0000302    -0.0000244    -0.0000193    -0.0000151    -0.0000115    -0.0000085    -0.0000061    -0.0000043    -0.0000028    -0.0000017    -0.0000009    -0.0000003     0.0000000     0.0000003     0.0000004     0.0000005     0.0000005     0.0000005     0.0000005     0.0000004     0.0000004     0.0000003     0.0000003     0.0000003     0.0000002     0.0000002     0.0000002
    -0.0000000    -0.0000000    -0.0000003    -0.0000014    -0.0000041    -0.0000098    -0.0000203    -0.0000377    -0.0000643    -0.0001024    -0.0001541    -0.0002208    -0.0003034    -0.0004019    -0.0005152    -0.0006413    -0.0007773    -0.0009195    -0.0010637    -0.0012055    -0.0013407    -0.0014653    -0.0015760    -0.0016701    -0.0017460    -0.0018028    -0.0018403    -0.0018593    -0.0018609    -0.0018468    -0.0018188    -0.0017789    -0.0017292    -0.0016716    -0.0016081    -0.0015401    -0.0014693    -0.0013970    -0.0013240    -0.0012515    -0.0011799    -0.0011100    -0.0010422    -0.0009766    -0.0009136    -0.0008533    -0.0007958    -0.0007410    -0.0006889    -0.0006396    -0.0005928    -0.0005486    -0.0005068    -0.0004673    -0.0004300    -0.0003949    -0.0003617    -0.0003305    -0.0003011    -0.0002734    -0.0002474    -0.0002230    -0.0002001    -0.0001787    -0.0001587    -0.0001402    -0.0001230    -0.0001071    -0.0000926    -0.0000793    -0.0000673    -0.0000565    -0.0000469    -0.0000384    -0.0000310    -0.0000246    -0.0000191    -0.0000146    -0.0000108    -0.0000078    -0.0000054    -0.0000036    -0.0000022    -0.0000012    -0.0000005     0.0000000     0.0000003     0.0000005     0.0000006     0.0000006     0.0000006     0.0000006     0.0000005     0.0000005     0.0000004     0.0000004     0.0000003     0.0000003     0.0000003     0.0000002
    -0.0000000    -0.0000000    -0.0000003    -0.0000013    -0.0000040    -0.0000097    -0.0000201    -0.0000376    -0.0000644    -0.0001031    -0.0001560    -0.0002249    -0.0003111    -0.0004150    -0.0005360    -0.0006724    -0.0008215    -0.0009798    -0.0011430    -0.0013064    -0.0014653    -0.0016150    -0.0017515    -0.0018712    -0.0019717    -0.0020512    -0.0021092    -0.0021457    -0.0021616    -0.0021583    -0.0021377    -0.0021019    -0.0020533    -0.0019940    -0.0019262    -0.0018519    -0.0017731    -0.0016912    -0.0016077    -0.0015237    -0.0014402    -0.0013580    -0.0012776    -0.0011996    -0.0011242    -0.0010516    -0.0009822    -0.0009158    -0.0008525    -0.0007923    -0.0007352    -0.0006810    -0.0006297    -0.0005811    -0.0005352    -0.0004918    -0.0004508    -0.0004121    -0.0003756    -0.0003413    -0.0003090    -0.0002786    -0.0002501    -0.0002235    -0.0001986    -0.0001755    -0.0001540    -0.0001342    -0.0001160    -0.0000994    -0.0000844    -0.0000709    -0.0000588    -0.0000481    -0.0000389    -0.0000308    -0.0000240    -0.0000183    -0.0000136    -0.0000098    -0.0000068    -0.0000045    -0.0000028    -0.0000015    -0.0000006     0.0000000     0.0000004     0.0000006     0.0000007     0.0000008     0.0000008     0.0000007     0.0000007     0.0000006     0.0000005     0.0000005     0.0000004     0.0000004     0.0000003     0.0000003
    -0.0000000    -0.0000000    -0.0000003    -0.0000013    -0.0000039    -0.0000095    -0.0000198    -0.0000370    -0.0000637    -0.0001025    -0.0001559    -0.0002262    -0.0003148    -0.0004227    -0.0005497    -0.0006947    -0.0008553    -0.0010282    -0.0012092    -0.0013935    -0.0015760    -0.0017515    -0.0019151    -0.0020627    -0.0021908    -0.0022967    -0.0023792    -0.0024375    -0.0024721    -0.0024840    -0.0024750    -0.0024472    -0.0024030    -0.0023448    -0.0022752    -0.0021965    -0.0021110    -0.0020205    -0.0019268    -0.0018315    -0.0017358    -0.0016407    -0.0015470    -0.0014555    -0.0013666    -0.0012806    -0.0011979    -0.0011186    -0.0010427    -0.0009703    -0.0009013    -0.0008358    -0.0007735    -0.0007145    -0.0006586    -0.0006056    -0.0005556    -0.0005082    -0.0004636    -0.0004214    -0.0003817    -0.0003444    -0.0003093    -0.0002765    -0.0002458    -0.0002173    -0.0001908    -0.0001663    -0.0001438    -0.0001233    -0.0001047    -0.0000879    -0.0000730    -0.0000598    -0.0000483    -0.0000383    -0.0000299    -0.0000228    -0.0000169    -0.0000122    -0.0000085    -0.0000056    -0.0000034    -0.0000019    -0.0000007     0.0000000     0.0000005     0.0000008     0.0000009     0.0000010     0.0000009     0.0000009     0.0000008     0.0000008     0.0000007     0.0000006     0.0000005     0.0000005     0.0000004     0.0000004
    -0.0000000    -0.0000000    -0.0000003    -0.0000013    -0.0000038    -0.0000092    -0.0000192    -0.0000361    -0.0000625    -0.0001009    -0.0001543    -0.0002249    -0.0003148    -0.0004253    -0.0005568    -0.0007084    -0.0008785    -0.0010641    -0.0012611    -0.0014649    -0.0016701    -0.0018712    -0.0020627    -0.0022396    -0.0023975    -0.0025330    -0.0026437    -0.0027281    -0.0027859    -0.0028178    -0.0028250    -0.0028096    -0.0027739    -0.0027205    -0.0026522    -0.0025717    -0.0024814    -0.0023838    -0.0022811    -0.0021750    -0.0020672    -0.0019591    -0.0018517    -0.0017460    -0.0016427    -0.0015422    -0.0014451    -0.0013515    -0.0012616    -0.0011755    -0.0010933    -0.0010150    -0.0009404    -0.0008694    -0.0008021    -0.0007382    -0.0006777    -0.0006204    -0.0005663    -0.0005151    -0.0004669    -0.0004214    -0.0003787    -0.0003387    -0.0003013    -0.0002664    -0.0002340    -0.0002040    -0.0001765    -0.0001514    -0.0001286    -0.0001080    -0.0000897    -0.0000735    -0.0000594    -0.0000471    -0.0000368    -0.0000280    -0.0000209    -0.0000151    -0.0000105    -0.0000069    -0.0000043    -0.0000023    -0.0000009    -0.0000000     0.0000006     0.0000009     0.0000011     0.0000012     0.0000011     0.0000011     0.0000010     0.0000009     0.0000008     0.0000007     0.0000006     0.0000006     0.0000005     0.0000004
    -0.0000000    -0.0000000    -0.0000003    -0.0000012    -0.0000036    -0.0000088    -0.0000186    -0.0000350    -0.0000607    -0.0000985    -0.0001512    -0.0002214    -0.0003116    -0.0004234    -0.0005576    -0.0007141    -0.0008915    -0.0010875    -0.0012983    -0.0015196    -0.0017460    -0.0019717    -0.0021908    -0.0023975    -0.0025868    -0.0027542    -0.0028963    -0.0030107    -0.0030962    -0.0031528    -0.0031812    -0.0031830    -0.0031604    -0.0031161    -0.0030530    -0.0029739    -0.0028817    -0.0027793    -0.0026692    -0.0025535    -0.0024345    -0.0023136    -0.0021925    -0.0020722    -0.0019538    -0.0018380    -0.0017253    -0.0016163    -0.0015111    -0.0014100    -0.0013131    -0.0012205    -0.0011320    -0.0010477    -0.0009675    -0.0008913    -0.0008189    -0.0007502    -0.0006852    -0.0006237    -0.0005657    -0.0005109    -0.0004594    -0.0004110    -0.0003658    -0.0003236    -0.0002844    -0.0002481    -0.0002147    -0.0001842    -0.0001565    -0.0001315    -0.0001092    -0.0000896    -0.0000723    -0.0000575    -0.0000448    -0.0000342    -0.0000255    -0.0000184    -0.0000128    -0.0000085    -0.0000052    -0.0000028    -0.0000012    -0.0000000     0.0000007     0.0000011     0.0000013     0.0000014     0.0000014     0.0000013     0.0000012     0.0000011     0.0000010     0.0000009     0.0000008     0.0000007     0.0000006     0.0000005
    -0.0000000    -0.0000000    -0.0000003    -0.0000012    -0.0000035    -0.0000084    -0.0000178    -0.0000336    -0.0000586    -0.0000953    -0.0001469    -0.0002162    -0.0003057    -0.0004175    -0.0005529    -0.0007123    -0.0008949    -0.0010989    -0.0013211    -0.0015574    -0.0018028    -0.0020512    -0.0022967    -0.0025330    -0.0027542    -0.0029549    -0.0031308    -0.0032785    -0.0033958    -0.0034817    -0.0035362    -0.0035603    -0.0035560    -0.0035257    -0.0034722    -0.0033986    -0.0033082    -0.0032039    -0.0030888    -0.0029655    -0.0028364    -0.0027037    -0.0025692    -0.0024344    -0.0023006    -0.0021689    -0.0020399    -0.0019144    -0.0017928    -0.0016755    -0.0015625    -0.0014542    -0.0013504    -0.0012512    -0.0011566    -0.0010665    -0.0009807    -0.0008992    -0.0008219    -0.0007487    -0.0006794    -0.0006141    -0.0005525    -0.0004946    -0.0004404    -0.0003897    -0.0003426    -0.0002991    -0.0002589    -0.0002222    -0.0001889    -0.0001588    -0.0001320    -0.0001082    -0.0000874    -0.0000695    -0.0000542    -0.0000414    -0.0000309    -0.0000223    -0.0000156    -0.0000103    -0.0000064    -0.0000035    -0.0000014    -0.0000001     0.0000008     0.0000013     0.0000016     0.0000017     0.0000017     0.0000016     0.0000015     0.0000013     0.0000012     0.0000011     0.0000009     0.0000008     0.0000007     0.0000006
    -0.0000000    -0.0000000    -0.0000003    -0.0000011    -0.0000033    -0.0000080    -0.0000170    -0.0000321    -0.0000561    -0.0000916    -0.0001417    -0.0002094    -0.0002974    -0.0004082    -0.0005434    -0.0007039    -0.0008896    -0.0010992    -0.0013301    -0.0015787    -0.0018403    -0.0021092    -0.0023792    -0.0026437    -0.0028963    -0.0031308    -0.0033421    -0.0035255    -0.0036779    -0.0037972    -0.0038825    -0.0039341    -0.0039534    -0.0039422    -0.0039035    -0.0038402    -0.0037557    -0.0036534    -0.0035365    -0.0034081    -0.0032711    -0.0031280    -0.0029812    -0.0028324    -0.0026834    -0.0025355    -0.0023898    -0.0022471    -0.0021081    -0.0019733    -0.0018431    -0.0017176    -0.0015971    -0.0014815    -0.0013710    -0.0012654    -0.0011647    -0.0010689    -0.0009778    -0.0008914    -0.0008095    -0.0007321    -0.0006591    -0.0005903    -0.0005259    -0.0004657    -0.0004096    -0.0003577    -0.0003098    -0.0002660    -0.0002262    -0.0001903    -0.0001581    -0.0001297    -0.0001049    -0.0000834    -0.0000651    -0.0000498    -0.0000371    -0.0000268    -0.0000187    -0.0000124    -0.0000077    -0.0000042    -0.0000018    -0.0000001     0.0000009     0.0000016     0.0000019     0.0000020     0.0000020     0.0000019     0.0000017     0.0000016     0.0000014     0.0000013     0.0000011     0.0000010     0.0000009     0.0000007
    -0.0000000    -0.0000000    -0.0000002    -0.0000010    -0.0000031    -0.0000076    -0.0000161    -0.0000305    -0.0000535    -0.0000876    -0.0001359    -0.0002015    -0.0002874    -0.0003962    -0.0005299    -0.0006899    -0.0008767    -0.0010895    -0.0013264    -0.0015845    -0.0018593    -0.0021457    -0.0024375    -0.0027281    -0.0030107    -0.0032785    -0.0035255    -0.0037462    -0.0039362    -0.0040923    -0.0042127    -0.0042967    -0.0043447    -0.0043583    -0.0043398    -0.0042921    -0.0042185    -0.0041225    -0.0040077    -0.0038776    -0.0037355    -0.0035843    -0.0034267    -0.0032651    -0.0031016    -0.0029378    -0.0027751    -0.0026148    -0.0024577    -0.0023046    -0.0021560    -0.0020122    -0.0018735    -0.0017402    -0.0016122    -0.0014897    -0.0013725    -0.0012608    -0.0011543    -0.0010531    -0.0009571    -0.0008662    -0.0007803    -0.0006994    -0.0006234    -0.0005523    -0.0004861    -0.0004246    -0.0003680    -0.0003161    -0.0002689    -0.0002263    -0.0001882    -0.0001544    -0.0001249    -0.0000994    -0.0000776    -0.0000593    -0.0000443    -0.0000321    -0.0000224    -0.0000149    -0.0000092    -0.0000051    -0.0000022    -0.0000002     0.0000011     0.0000018     0.0000022     0.0000023     0.0000023     0.0000022     0.0000021     0.0000019     0.0000017     0.0000015     0.0000013     0.0000012     0.0000010     0.0000009
