     0.0000000     0.0000000     0.0000000     0.0000001     0.0000002     0.0000003     0.0000005     0.0000007     0.0000009     0.0000011     0.0000014     0.0000017     0.0000020     0.0000023     0.0000026     0.0000028     0.0000031     0.0000033     0.0000035     0.0000037     0.0000038     0.0000039     0.0000040     0.0000041     0.0000041     0.0000041     0.0000041     0.0000040     0.0000040     0.0000039     0.0000039     0.0000038     0.0000037     0.0000036     0.0000035     0.0000033     0.0000032     0.0000031     0.0000030     0.0000029     0.0000028     0.0000027     0.0000025     0.0000024     0.0000023     0.0000022     0.0000021     0.0000020     0.0000019     0.0000018     0.0000018     0.0000017     0.0000016     0.0000015     0.0000014     0.0000014     0.0000013     0.0000012     0.0000012     0.0000011     0.0000010     0.0000010     0.0000009     0.0000009     0.0000008     0.0000008     0.0000007     0.0000007     0.0000007     0.0000006     0.0000006     0.0000005     0.0000005     0.0000005     0.0000004     0.0000004     0.0000004     0.0000004     0.0000003     0.0000003     0.0000003     0.0000003     0.0000002     0.0000002     0.0000002     0.0000002     0.0000002     0.0000001     0.0000001     0.0000001     0.0000001     0.0000001     0.0000001     0.0000000     0.0000000     0.0000000     0.0000000    -0.0000000    -0.0000000    -0.0000000    -0.0000000    -0.0000000    -0.0000001    -0.0000001    -0.0000001    -0.0000001    -0.0000001    -0.0000001    -0.0000001    -0.0000001    -0.0000001    -0.0000001    -0.0000001    -0.0000001    -0.0000001    -0.0000001    -0.0000001    -0.0000001    -0.0000001    -0.0000001    -0.0000001    -0.0000001    -0.0000001    -0.0000001    -0.0000001    -0.0000001    -0.0000001    -0.0000001    -0.0000001    -0.0000001    -0.0000001    -0.0000001    -0.0000001    -0.0000000    -0.0000000    -0.0000000    -0.0000000    -0.0000000    -0.0000000    -0.0000000    -0.0000000    -0.0000000    -0.0000000    -0.0000000    -0.0000000    -0.0000000    -0.0000000    -0.0000000    -0.0000000    -0.0000000
     0.0000000     0.0000001     0.0000003     0.0000008     0.0000015     0.0000024     0.0000037     0.0000052     0.0000070     0.0000090     0.0000112     0.0000134     0.0000158     0.0000181     0.0000203     0.0000224     0.0000244     0.0000262     0.0000278     0.0000292     0.0000303     0.0000312     0.0000319     0.0000323     0.0000326     0.0000326     0.0000325     0.0000323     0.0000319     0.0000314     0.0000307     0.0000301     0.0000293     0.0000285     0.0000276     0.0000267     0.0000258     0.0000249     0.0000240     0.0000231     0.0000221     0.0000212     0.0000204     0.0000195     0.0000186     0.0000178     0.0000170     0.0000162     0.0000155     0.0000147     0.0000140     0.0000134     0.0000127     0.0000121     0.0000115     0.0000109     0.0000103     0.0000098     0.0000093     0.0000088     0.0000083     0.0000079     0.0000075     0.0000071     0.0000067     0.0000063     0.0000059     0.0000056     0.0000053     0.0000049     0.0000046     0.0000044     0.0000041     0.0000038     0.0000036     0.0000033     0.0000031     0.0000029     0.0000026     0.0000024     0.0000022     0.0000021     0.0000019     0.0000017     0.0000015     0.0000014     0.0000012     0.0000011     0.0000010     0.0000008     0.0000007     0.0000006     0.0000005     0.0000004     0.0000002     0.0000001     0.0000001    -0.0000000    -0.0000001    -0.0000002    -0.0000003    -0.0000003    -0.0000004    -0.0000005    -0.0000005    -0.0000006    -0.0000006    -0.0000006    -0.0000007    -0.0000007    -0.0000007    -0.0000007    -0.0000008    -0.0000008    -0.0000008    -0.0000008    -0.0000008    -0.0000008    -0.0000008    -0.0000007    -0.0000007    -0.0000007    -0.0000007    -0.0000007    -0.0000006    -0.0000006    -0.0000006    -0.0000006    -0.0000005    -0.0000005    -0.0000005    -0.0000005    -0.0000004    -0.0000004    -0.0000004    -0.0000003    -0.0000003    -0.0000003    -0.0000003    -0.0000003    -0.0000002    -0.0000002    -0.0000002    -0.0000002    -0.0000002    -0.0000002    -0.0000001    -0.0000001    -0.0000001    -0.0000001
     0.0000000     0.0000003     0.0000011     0.0000026     0.0000049     0.0000081     0.0000122     0.0000173     0.0000233     0.0000299     0.0000372     0.0000447     0.0000525     0.0000602     0.0000677     0.0000749     0.0000815     0.0000876     0.0000929     0.0000975     0.0001013     0.0001044     0.0001067     0.0001083     0.0001092     0.0001094     0.0001091     0.0001083     0.0001070     0.0001053     0.0001033     0.0001010     0.0000985     0.0000957     0.0000929     0.0000899     0.0000869     0.0000838     0.0000807     0.0000776     0.0000746     0.0000715     0.0000686     0.0000656     0.0000628     0.0000600     0.0000573     0.0000547     0.0000521     0.0000497     0.0000473     0.0000450     0.0000428     0.0000407     0.0000387     0.0000368     0.0000349     0.0000331     0.0000314     0.0000297     0.0000282     0.0000266     0.0000252     0.0000238     0.0000225     0.0000212     0.0000200     0.0000189     0.0000177     0.0000167     0.0000157     0.0000147     0.0000138     0.0000129     0.0000120     0.0000112     0.0000104     0.0000097     0.0000089     0.0000083     0.0000076     0.0000070     0.0000064     0.0000058     0.0000052     0.0000047     0.0000042     0.0000037     0.0000032     0.0000028     0.0000024     0.0000020     0.0000016     0.0000012     0.0000008     0.0000005     0.0000002    -0.0000001    -0.0000004    -0.0000007    -0.0000009    -0.0000011    -0.0000014    -0.0000016    -0.0000017    -0.0000019    -0.0000020    -0.0000022    -0.0000023    -0.0000024    -0.0000025    -0.0000025    -0.0000026    -0.0000026    -0.0000026    -0.0000026    -0.0000026    -0.0000026    -0.0000026    -0.0000025    -0.0000025    -0.0000024    -0.0000023    -0.0000022    -0.0000022    -0.0000021    -0.0000020    -0.0000019    -0.0000018    -0.0000017    -0.0000016    -0.0000015    -0.0000014    -0.0000013    -0.0000013    -0.0000012    -0.0000011    -0.0000010    -0.0000009    -0.0000009    -0.0000008    -0.0000007    -0.0000007    -0.0000006    -0.0000006    -0.0000005    -0.0000005    -0.0000004    -0.0000004    -0.0000004
     0.0000001     0.0000008     0.0000026     0.0000059     0.0000112     0.0000187     0.0000284     0.0000402     0.0000540     0.0000695     0.0000863     0.0001039     0.0001220     0.0001401     0.0001578     0.0001746     0.0001902     0.0002045     0.0002172     0.0002281     0.0002373     0.0002446     0.0002502     0.0002540     0.0002563     0.0002570     0.0002564     0.0002546     0.0002517     0.0002479     0.0002432     0.0002379     0.0002321     0.0002258     0.0002191     0.0002122     0.0002051     0.0001979     0.0001906     0.0001834     0.0001762     0.0001690     0.0001620     0.0001551     0.0001484     0.0001418     0.0001355     0.0001293     0.0001233     0.0001175     0.0001119     0.0001066     0.0001014     0.0000964     0.0000916     0.0000870     0.0000826     0.0000783     0.0000743     0.0000704     0.0000667     0.0000631     0.0000597     0.0000564     0.0000533     0.0000503     0.0000474     0.0000447     0.0000420     0.0000395     0.0000371     0.0000348     0.0000326     0.0000305     0.0000284     0.0000265     0.0000247     0.0000229     0.0000212     0.0000195     0.0000180     0.0000165     0.0000151     0.0000137     0.0000124     0.0000111     0.0000099     0.0000088     0.0000077     0.0000066     0.0000056     0.0000046     0.0000037     0.0000028     0.0000020     0.0000012     0.0000005    -0.0000003    -0.0000009    -0.0000016    -0.0000021    -0.0000027    -0.0000032    -0.0000037    -0.0000041    -0.0000045    -0.0000048    -0.0000051    -0.0000054    -0.0000056    -0.0000058    -0.0000060    -0.0000061    -0.0000062    -0.0000062    -0.0000062    -0.0000062    -0.0000062    -0.0000061    -0.0000060    -0.0000058    -0.0000057    -0.0000055    -0.0000053    -0.0000051    -0.0000049    -0.0000047    -0.0000045    -0.0000043    -0.0000040    -0.0000038    -0.0000036    -0.0000034    -0.0000032    -0.0000030    -0.0000028    -0.0000026    -0.0000024    -0.0000022    -0.0000021    -0.0000019    -0.0000018    -0.0000016    -0.0000015    -0.0000014    -0.0000013    -0.0000011    -0.0000010    -0.0000009    -0.0000009
     0.0000002     0.0000015     0.0000049     0.0000112     0.0000213     0.0000354     0.0000537     0.0000762     0.0001025     0.0001320     0.0001641     0.0001979     0.0002326     0.0002674     0.0003014     0.0003338     0.0003642     0.0003919     0.0004166     0.0004381     0.0004561     0.0004706     0.0004818     0.0004896     0.0004944     0.0004962     0.0004954     0.0004922     0.0004870     0.0004798     0.0004711     0.0004611     0.0004499     0.0004379     0.0004252     0.0004119     0.0003983     0.0003844     0.0003705     0.0003565     0.0003425     0.0003288     0.0003152     0.0003019     0.0002888     0.0002761     0.0002638     0.0002518     0.0002402     0.0002289     0.0002181     0.0002076     0.0001976     0.0001879     0.0001785     0.0001696     0.0001610     0.0001528     0.0001449     0.0001373     0.0001300     0.0001231     0.0001164     0.0001100     0.0001039     0.0000981     0.0000925     0.0000871     0.0000820     0.0000771     0.0000724     0.0000679     0.0000636     0.0000595     0.0000555     0.0000517     0.0000481     0.0000447     0.0000413     0.0000382     0.0000351     0.0000322     0.0000294     0.0000267     0.0000242     0.0000217     0.0000194     0.0000171     0.0000149     0.0000129     0.0000109     0.0000090     0.0000072     0.0000055     0.0000039     0.0000024     0.0000009    -0.0000005    -0.0000018    -0.0000030    -0.0000042    -0.0000053    -0.0000063    -0.0000072    -0.0000080    -0.0000088    -0.0000094    -0.0000100    -0.0000106    -0.0000110    -0.0000114    -0.0000117    -0.0000119    -0.0000121    -0.0000121    -0.0000122    -0.0000121    -0.0000120    -0.0000118    -0.0000116    -0.0000114    -0.0000111    -0.0000108    -0.0000104    -0.0000100    -0.0000096    -0.0000092    -0.0000088    -0.0000083    -0.0000079    -0.0000075    -0.0000070    -0.0000066    -0.0000062    -0.0000058    -0.0000054    -0.0000050    -0.0000047    -0.0000044    -0.0000040    -0.0000037    -0.0000034    -0.0000032    -0.0000029    -0.0000027    -0.0000024    -0.0000022    -0.0000020    -0.0000019    -0.0000017
     0.0000003     0.0000024     0.0000081     0.0000187     0.0000354     0.0000589     0.0000895     0.0001271     0.0001711     0.0002206     0.0002745     0.0003316     0.0003902     0.0004491     0.0005069     0.0005622     0.0006142     0.0006618     0.0007044     0.0007415     0.0007730     0.0007985     0.0008183     0.0008325     0.0008414     0.0008454     0.0008448     0.0008401     0.0008317     0.0008201     0.0008058     0.0007891     0.0007705     0.0007503     0.0007289     0.0007065     0.0006835     0.0006600     0.0006362     0.0006124     0.0005887     0.0005652     0.0005421     0.0005193     0.0004970     0.0004753     0.0004541     0.0004335     0.0004136     0.0003943     0.0003757     0.0003578     0.0003405     0.0003238     0.0003078     0.0002924     0.0002776     0.0002634     0.0002498     0.0002368     0.0002243     0.0002123     0.0002008     0.0001898     0.0001793     0.0001692     0.0001596     0.0001504     0.0001415     0.0001331     0.0001250     0.0001172     0.0001098     0.0001027     0.0000959     0.0000893     0.0000831     0.0000771     0.0000714     0.0000659     0.0000606     0.0000556     0.0000508     0.0000462     0.0000417     0.0000375     0.0000334     0.0000295     0.0000258     0.0000223     0.0000189     0.0000156     0.0000125     0.0000096     0.0000068     0.0000041     0.0000015    -0.0000008    -0.0000031    -0.0000052    -0.0000072    -0.0000091    -0.0000108    -0.0000124    -0.0000138    -0.0000151    -0.0000163    -0.0000173    -0.0000183    -0.0000190    -0.0000197    -0.0000202    -0.0000206    -0.0000208    -0.0000210    -0.0000210    -0.0000209    -0.0000207    -0.0000205    -0.0000201    -0.0000197    -0.0000191    -0.0000186    -0.0000180    -0.0000173    -0.0000166    -0.0000159    -0.0000151    -0.0000144    -0.0000136    -0.0000129    -0.0000121    -0.0000114    -0.0000107    -0.0000100    -0.0000094    -0.0000087    -0.0000081    -0.0000075    -0.0000070    -0.0000064    -0.0000059    -0.0000055    -0.0000050    -0.0000046    -0.0000042    -0.0000039    -0.0000035    -0.0000032    -0.0000029
     0.0000005     0.0000037     0.0000122     0.0000284     0.0000537     0.0000895     0.0001362     0.0001935     0.0002609     0.0003369     0.0004198     0.0005077     0.0005984     0.0006898     0.0007797     0.0008662     0.0009477     0.0010226     0.0010901     0.0011492     0.0011996     0.0012409     0.0012733     0.0012970     0.0013124     0.0013200     0.0013205     0.0013144     0.0013025     0.0012855     0.0012641     0.0012389     0.0012106     0.0011797     0.0011467     0.0011121     0.0010764     0.0010399     0.0010030     0.0009659     0.0009289     0.0008922     0.0008559     0.0008202     0.0007853     0.0007511     0.0007179     0.0006855     0.0006542     0.0006238     0.0005945     0.0005662     0.0005389     0.0005126     0.0004874     0.0004631     0.0004397     0.0004173     0.0003958     0.0003752     0.0003554     0.0003365     0.0003183     0.0003009     0.0002843     0.0002683     0.0002530     0.0002384     0.0002244     0.0002110     0.0001982     0.0001859     0.0001741     0.0001629     0.0001521     0.0001417     0.0001318     0.0001224     0.0001133     0.0001046     0.0000962     0.0000883     0.0000806     0.0000733     0.0000663     0.0000595     0.0000531     0.0000469     0.0000410     0.0000354     0.0000300     0.0000248     0.0000199     0.0000152     0.0000107     0.0000065     0.0000025    -0.0000013    -0.0000049    -0.0000083    -0.0000114    -0.0000144    -0.0000171    -0.0000196    -0.0000219    -0.0000240    -0.0000259    -0.0000275    -0.0000290    -0.0000302    -0.0000312    -0.0000320    -0.0000326    -0.0000330    -0.0000333    -0.0000333    -0.0000332    -0.0000329    -0.0000325    -0.0000319    -0.0000312    -0.0000304    -0.0000295    -0.0000285    -0.0000274    -0.0000263    -0.0000252    -0.0000240    -0.0000228    -0.0000216    -0.0000204    -0.0000193    -0.0000181    -0.0000170    -0.0000159    -0.0000149    -0.0000138    -0.0000129    -0.0000119    -0.0000111    -0.0000102    -0.0000094    -0.0000087    -0.0000080    -0.0000073    -0.0000067    -0.0000061    -0.0000056    -0.0000051    -0.0000046
     0.0000007     0.0000052     0.0000173     0.0000402     0.0000762     0.0001271     0.0001935     0.0002754     0.0003718     0.0004808     0.0006001     0.0007269     0.0008583     0.0009910     0.0011221     0.0012488     0.0013686     0.0014794     0.0015796     0.0016681     0.0017439     0.0018068     0.0018567     0.0018939     0.0019189     0.0019325     0.0019354     0.0019287     0.0019133     0.0018903     0.0018605     0.0018251     0.0017848     0.0017406     0.0016932     0.0016433     0.0015915     0.0015385     0.0014847     0.0014305     0.0013763     0.0013225     0.0012692     0.0012168     0.0011654     0.0011151     0.0010660     0.0010183     0.0009720     0.0009272     0.0008838     0.0008419     0.0008015     0.0007625     0.0007251     0.0006890     0.0006544     0.0006211     0.0005892     0.0005586     0.0005292     0.0005011     0.0004741     0.0004483     0.0004235     0.0003998     0.0003771     0.0003553     0.0003345     0.0003145     0.0002954     0.0002771     0.0002596     0.0002428     0.0002267     0.0002113     0.0001966     0.0001825     0.0001689     0.0001560     0.0001436     0.0001317     0.0001202     0.0001093     0.0000988     0.0000888     0.0000792     0.0000700     0.0000612     0.0000528     0.0000447     0.0000371     0.0000297     0.0000227     0.0000161     0.0000097     0.0000037    -0.0000019    -0.0000073    -0.0000123    -0.0000170    -0.0000214    -0.0000255    -0.0000292    -0.0000327    -0.0000358    -0.0000386    -0.0000410    -0.0000432    -0.0000450    -0.0000465    -0.0000477    -0.0000487    -0.0000493    -0.0000496    -0.0000497    -0.0000495    -0.0000491    -0.0000484    -0.0000476    -0.0000465    -0.0000453    -0.0000440    -0.0000425    -0.0000409    -0.0000393    -0.0000376    -0.0000358    -0.0000341    -0.0000323    -0.0000305    -0.0000288    -0.0000270    -0.0000254    -0.0000237    -0.0000222    -0.0000206    -0.0000192    -0.0000178    -0.0000165    -0.0000153    -0.0000141    -0.0000130    -0.0000119    -0.0000109    -0.0000100    -0.0000091    -0.0000083    -0.0000076    -0.0000069
     0.0000009     0.0000070     0.0000233     0.0000540     0.0001025     0.0001711     0.0002609     0.0003718     0.0005026     0.0006510     0.0008139     0.0009877     0.0011683     0.0013516     0.0015333     0.0017097     0.0018773     0.0020332     0.0021750     0.0023009     0.0024097     0.0025009     0.0025742     0.0026299     0.0026686     0.0026914     0.0026991     0.0026932     0.0026750     0.0026458     0.0026069     0.0025598     0.0025057     0.0024458     0.0023811     0.0023127     0.0022415     0.0021682     0.0020937     0.0020185     0.0019431     0.0018680     0.0017937     0.0017203     0.0016483     0.0015777     0.0015089     0.0014418     0.0013767     0.0013135     0.0012524     0.0011933     0.0011363     0.0010814     0.0010285     0.0009775     0.0009286     0.0008815     0.0008364     0.0007930     0.0007515     0.0007116     0.0006734     0.0006367     0.0006016     0.0005680     0.0005358     0.0005049     0.0004753     0.0004470     0.0004199     0.0003939     0.0003691     0.0003452     0.0003224     0.0003005     0.0002796     0.0002595     0.0002403     0.0002219     0.0002042     0.0001873     0.0001711     0.0001556     0.0001407     0.0001264     0.0001127     0.0000997     0.0000871     0.0000752     0.0000637     0.0000528     0.0000423     0.0000324     0.0000229     0.0000139     0.0000054    -0.0000027    -0.0000103    -0.0000175    -0.0000242    -0.0000304    -0.0000362    -0.0000415    -0.0000464    -0.0000508    -0.0000548    -0.0000583    -0.0000614    -0.0000640    -0.0000662    -0.0000679    -0.0000692    -0.0000701    -0.0000706    -0.0000707    -0.0000704    -0.0000698    -0.0000689    -0.0000677    -0.0000662    -0.0000645    -0.0000626    -0.0000605    -0.0000582    -0.0000559    -0.0000535    -0.0000510    -0.0000485    -0.0000459    -0.0000434    -0.0000409    -0.0000385    -0.0000361    -0.0000338    -0.0000315    -0.0000294    -0.0000273    -0.0000254    -0.0000235    -0.0000217    -0.0000200    -0.0000184    -0.0000169    -0.0000155    -0.0000142    -0.0000130    -0.0000119    -0.0000108    -0.0000098
     0.0000011     0.0000090     0.0000299     0.0000695     0.0001320     0.0002206     0.0003369     0.0004808     0.0006510     0.0008447     0.0010581     0.0012865     0.0015248     0.0017676     0.0020094     0.0022453     0.0024705     0.0026812     0.0028740     0.0030465     0.0031968     0.0033239     0.0034276     0.0035078     0.0035655     0.0036015     0.0036174     0.0036146     0.0035950     0.0035603     0.0035122     0.0034526     0.0033832     0.0033055     0.0032211     0.0031312     0.0030373     0.0029402     0.0028411     0.0027408     0.0026401     0.0025396     0.0024398     0.0023412     0.0022441     0.0021490     0.0020560     0.0019654     0.0018773     0.0017918     0.0017089     0.0016288     0.0015514     0.0014767     0.0014048     0.0013355     0.0012689     0.0012049     0.0011433     0.0010843     0.0010276     0.0009732     0.0009211     0.0008711     0.0008232     0.0007772     0.0007332     0.0006911     0.0006507     0.0006120     0.0005749     0.0005394     0.0005054     0.0004728     0.0004416     0.0004117     0.0003830     0.0003556     0.0003293     0.0003040     0.0002799     0.0002567     0.0002345     0.0002132     0.0001928     0.0001733     0.0001546     0.0001367     0.0001195     0.0001031     0.0000874     0.0000724     0.0000581     0.0000445     0.0000315     0.0000192     0.0000075    -0.0000036    -0.0000140    -0.0000238    -0.0000330    -0.0000416    -0.0000495    -0.0000569    -0.0000635    -0.0000696    -0.0000751    -0.0000799    -0.0000841    -0.0000877    -0.0000906    -0.0000930    -0.0000948    -0.0000960    -0.0000967    -0.0000968    -0.0000965    -0.0000957    -0.0000944    -0.0000927    -0.0000907    -0.0000884    -0.0000857    -0.0000829    -0.0000798    -0.0000766    -0.0000733    -0.0000699    -0.0000664    -0.0000629    -0.0000595    -0.0000561    -0.0000527    -0.0000495    -0.0000463    -0.0000432    -0.0000403    -0.0000374    -0.0000348    -0.0000322    -0.0000298    -0.0000274    -0.0000253    -0.0000232    -0.0000213    -0.0000195    -0.0000178    -0.0000162    -0.0000148    -0.0000134
     0.0000014     0.0000112     0.0000372     0.0000863     0.0001641     0.0002745     0.0004198     0.0006001     0.0008139     0.0010581     0.0013280     0.0016180     0.0019218     0.0022327     0.0025439     0.0028488     0.0031417     0.0034172     0.0036710     0.0038997     0.0041007     0.0042725     0.0044144     0.0045264     0.0046092     0.0046639     0.0046922     0.0046960     0.0046774     0.0046387     0.0045821     0.0045100     0.0044244     0.0043276     0.0042213     0.0041075     0.0039878     0.0038636     0.0037363     0.0036071     0.0034769     0.0033466     0.0032169     0.0030886     0.0029621     0.0028380     0.0027164     0.0025977     0.0024822     0.0023700     0.0022612     0.0021558     0.0020540     0.0019557     0.0018609     0.0017696     0.0016817     0.0015972     0.0015159     0.0014379     0.0013630     0.0012911     0.0012221     0.0011560     0.0010925     0.0010317     0.0009735     0.0009176     0.0008641     0.0008128     0.0007637     0.0007166     0.0006715     0.0006282     0.0005868     0.0005471     0.0005091     0.0004726     0.0004377     0.0004042     0.0003721     0.0003413     0.0003119     0.0002836     0.0002565     0.0002306     0.0002057     0.0001819     0.0001591     0.0001373     0.0001164     0.0000965     0.0000775     0.0000593     0.0000421     0.0000257     0.0000101    -0.0000046    -0.0000185    -0.0000315    -0.0000438    -0.0000552    -0.0000657    -0.0000755    -0.0000844    -0.0000925    -0.0000997    -0.0001061    -0.0001117    -0.0001165    -0.0001204    -0.0001236    -0.0001260    -0.0001276    -0.0001285    -0.0001287    -0.0001283    -0.0001272    -0.0001255    -0.0001233    -0.0001206    -0.0001175    -0.0001140    -0.0001102    -0.0001061    -0.0001019    -0.0000974    -0.0000929    -0.0000883    -0.0000837    -0.0000791    -0.0000746    -0.0000701    -0.0000658    -0.0000616    -0.0000575    -0.0000536    -0.0000498    -0.0000462    -0.0000428    -0.0000396    -0.0000365    -0.0000336    -0.0000309    -0.0000283    -0.0000259    -0.0000237    -0.0000216    -0.0000197    -0.0000179
     0.0000017     0.0000134     0.0000447     0.0001039     0.0001979     0.0003316     0.0005077     0.0007269     0.0009877     0.0012865     0.0016180     0.0019757     0.0023520     0.0027387     0.0031277     0.0035111     0.0038812     0.0042316     0.0045566     0.0048516     0.0051132     0.0053392     0.0055283     0.0056801     0.0057954     0.0058752     0.0059215     0.0059364     0.0059225     0.0058824     0.0058191     0.0057353     0.0056337     0.0055170     0.0053876     0.0052479     0.0050999     0.0049457     0.0047868     0.0046249     0.0044613     0.0042971     0.0041333     0.0039709     0.0038104     0.0036526     0.0034979     0.0033466     0.0031992     0.0030558     0.0029165     0.0027816     0.0026511     0.0025250     0.0024033     0.0022860     0.0021731     0.0020643     0.0019598     0.0018593     0.0017628     0.0016701     0.0015812     0.0014959     0.0014140     0.0013355     0.0012603     0.0011881     0.0011190     0.0010527     0.0009892     0.0009283     0.0008700     0.0008140     0.0007605     0.0007091     0.0006599     0.0006127     0.0005674     0.0005241     0.0004825     0.0004427     0.0004045     0.0003679     0.0003328     0.0002991     0.0002669     0.0002361     0.0002065     0.0001782     0.0001512     0.0001253     0.0001007     0.0000772     0.0000548     0.0000335     0.0000133    -0.0000058    -0.0000238    -0.0000407    -0.0000566    -0.0000714    -0.0000851    -0.0000977    -0.0001093    -0.0001198    -0.0001292    -0.0001375    -0.0001448    -0.0001510    -0.0001561    -0.0001602    -0.0001633    -0.0001654    -0.0001666    -0.0001669    -0.0001663    -0.0001649    -0.0001627    -0.0001599    -0.0001564    -0.0001523    -0.0001478    -0.0001429    -0.0001376    -0.0001321    -0.0001264    -0.0001205    -0.0001145    -0.0001085    -0.0001026    -0.0000967    -0.0000909    -0.0000853    -0.0000798    -0.0000746    -0.0000695    -0.0000646    -0.0000599    -0.0000555    -0.0000513    -0.0000473    -0.0000436    -0.0000401    -0.0000368    -0.0000336    -0.0000307    -0.0000280    -0.0000255    -0.0000232
     0.0000020     0.0000158     0.0000525     0.0001220     0.0002326     0.0003902     0.0005984     0.0008583     0.0011683     0.0015248     0.0019218     0.0023520     0.0028064     0.0032758     0.0037504     0.0042205     0.0046771     0.0051121     0.0055184     0.0058900     0.0062226     0.0065128     0.0067587     0.0069596     0.0071158     0.0072284     0.0072994     0.0073313     0.0073269     0.0072894     0.0072223     0.0071287     0.0070122     0.0068758     0.0067228     0.0065560     0.0063780     0.0061913     0.0059981     0.0058003     0.0055997     0.0053977     0.0051957     0.0049948     0.0047960     0.0046000     0.0044075     0.0042191     0.0040351     0.0038559     0.0036817     0.0035128     0.0033492     0.0031910     0.0030382     0.0028907     0.0027487     0.0026118     0.0024802     0.0023536     0.0022319     0.0021150     0.0020028     0.0018950     0.0017917     0.0016925     0.0015974     0.0015062     0.0014187     0.0013349     0.0012545     0.0011775     0.0011036     0.0010328     0.0009649     0.0008999     0.0008375     0.0007777     0.0007204     0.0006654     0.0006127     0.0005622     0.0005137     0.0004673     0.0004227     0.0003801     0.0003392     0.0003000     0.0002625     0.0002266     0.0001923     0.0001595     0.0001282     0.0000983     0.0000699     0.0000429     0.0000172    -0.0000070    -0.0000299    -0.0000514    -0.0000716    -0.0000904    -0.0001078    -0.0001239    -0.0001386    -0.0001519    -0.0001639    -0.0001744    -0.0001837    -0.0001916    -0.0001981    -0.0002033    -0.0002073    -0.0002100    -0.0002115    -0.0002118    -0.0002111    -0.0002093    -0.0002066    -0.0002030    -0.0001986    -0.0001934    -0.0001877    -0.0001815    -0.0001748    -0.0001678    -0.0001605    -0.0001530    -0.0001454    -0.0001379    -0.0001303    -0.0001228    -0.0001155    -0.0001083    -0.0001014    -0.0000947    -0.0000882    -0.0000820    -0.0000761    -0.0000705    -0.0000652    -0.0000601    -0.0000554    -0.0000509    -0.0000467    -0.0000427    -0.0000390    -0.0000356    -0.0000324    -0.0000294
     0.0000023     0.0000181     0.0000602     0.0001401     0.0002674     0.0004491     0.0006898     0.0009910     0.0013516     0.0017676     0.0022327     0.0027387     0.0032758     0.0038332     0.0043997     0.0049641     0.0055155     0.0060442     0.0065415     0.0070000     0.0074139     0.0077788     0.0080919     0.0083518     0.0085584     0.0087126     0.0088164     0.0088723     0.0088837     0.0088540     0.0087872     0.0086872     0.0085579     0.0084034     0.0082273     0.0080331     0.0078241     0.0076034     0.0073736     0.0071373     0.0068965     0.0066533     0.0064093     0.0061660     0.0059245     0.0056860     0.0054513     0.0052211     0.0049960     0.0047764     0.0045628     0.0043552     0.0041540     0.0039593     0.0037710     0.0035891     0.0034138     0.0032448     0.0030821     0.0029255     0.0027749     0.0026302     0.0024911     0.0023576     0.0022295     0.0021065     0.0019884     0.0018752     0.0017666     0.0016625     0.0015626     0.0014669     0.0013750     0.0012870     0.0012026     0.0011216     0.0010440     0.0009696     0.0008982     0.0008298     0.0007642     0.0007012     0.0006409     0.0005830     0.0005275     0.0004744     0.0004234     0.0003746     0.0003278     0.0002831     0.0002403     0.0001994     0.0001603     0.0001231     0.0000876     0.0000539     0.0000219    -0.0000084    -0.0000369    -0.0000638    -0.0000889    -0.0001124    -0.0001341    -0.0001542    -0.0001725    -0.0001892    -0.0002041    -0.0002174    -0.0002289    -0.0002388    -0.0002469    -0.0002535    -0.0002584    -0.0002618    -0.0002637    -0.0002642    -0.0002632    -0.0002610    -0.0002576    -0.0002531    -0.0002476    -0.0002413    -0.0002341    -0.0002263    -0.0002180    -0.0002092    -0.0002002    -0.0001909    -0.0001814    -0.0001720    -0.0001625    -0.0001532    -0.0001441    -0.0001352    -0.0001265    -0.0001181    -0.0001101    -0.0001024    -0.0000950    -0.0000880    -0.0000813    -0.0000750    -0.0000691    -0.0000635    -0.0000582    -0.0000533    -0.0000487    -0.0000444    -0.0000404    -0.0000367
     0.0000026     0.0000203     0.0000677     0.0001578     0.0003014     0.0005069     0.0007797     0.0011221     0.0015333     0.0020094     0.0025439     0.0031277     0.0037504     0.0043997     0.0050631     0.0057278     0.0063812     0.0070119     0.0076092     0.0081643     0.0086698     0.0091200     0.0095110     0.0098406     0.0101079     0.0103135     0.0104592     0.0105476     0.0105822     0.0105669     0.0105060     0.0104042     0.0102659     0.0100958     0.0098983     0.0096776     0.0094377     0.0091823     0.0089146     0.0086377     0.0083544     0.0080671     0.0077778     0.0074884     0.0072004     0.0069153     0.0066341     0.0063577     0.0060870     0.0058226     0.0055648     0.0053142     0.0050708     0.0048350     0.0046068     0.0043863     0.0041733     0.0039680     0.0037701     0.0035795     0.0033962     0.0032199     0.0030504     0.0028876     0.0027312     0.0025810     0.0024369     0.0022985     0.0021658     0.0020385     0.0019163     0.0017992     0.0016868     0.0015790     0.0014757     0.0013765     0.0012815     0.0011903     0.0011028     0.0010189     0.0009385     0.0008613     0.0007873     0.0007163     0.0006483     0.0005830     0.0005205     0.0004606     0.0004032     0.0003482     0.0002957     0.0002454     0.0001975     0.0001517     0.0001082     0.0000668     0.0000275    -0.0000097    -0.0000448    -0.0000778    -0.0001087    -0.0001376    -0.0001643    -0.0001890    -0.0002115    -0.0002320    -0.0002504    -0.0002667    -0.0002809    -0.0002930    -0.0003031    -0.0003111    -0.0003172    -0.0003214    -0.0003237    -0.0003243    -0.0003232    -0.0003205    -0.0003163    -0.0003108    -0.0003041    -0.0002963    -0.0002875    -0.0002780    -0.0002678    -0.0002570    -0.0002458    -0.0002344    -0.0002229    -0.0002112    -0.0001997    -0.0001882    -0.0001770    -0.0001660    -0.0001554    -0.0001451    -0.0001352    -0.0001258    -0.0001167    -0.0001081    -0.0000999    -0.0000922    -0.0000849    -0.0000780    -0.0000716    -0.0000655    -0.0000599    -0.0000546    -0.0000497    -0.0000451
     0.0000028     0.0000224     0.0000749     0.0001746     0.0003338     0.0005622     0.0008662     0.0012488     0.0017097     0.0022453     0.0028488     0.0035111     0.0042205     0.0049641     0.0057278     0.0064973     0.0072585     0.0079980     0.0087035     0.0093642     0.0099711     0.0105171     0.0109968     0.0114070     0.0117459     0.0120136     0.0122115     0.0123419     0.0124086     0.0124156     0.0123677     0.0122700     0.0121278     0.0119461     0.0117303     0.0114853     0.0112157     0.0109259     0.0106200     0.0103016     0.0099741     0.0096404     0.0093031     0.0089645     0.0086266     0.0082912     0.0079595     0.0076329     0.0073123     0.0069986     0.0066923     0.0063941     0.0061041     0.0058228     0.0055502     0.0052865     0.0050317     0.0047858     0.0045485     0.0043200     0.0040999     0.0038880     0.0036843     0.0034885     0.0033003     0.0031195     0.0029459     0.0027793     0.0026193     0.0024657     0.0023184     0.0021770     0.0020414     0.0019113     0.0017864     0.0016667     0.0015518     0.0014416     0.0013358     0.0012344     0.0011371     0.0010437     0.0009542     0.0008683     0.0007860     0.0007070     0.0006313     0.0005587     0.0004892     0.0004227     0.0003590     0.0002982     0.0002401     0.0001846     0.0001318     0.0000816     0.0000340    -0.0000111    -0.0000536    -0.0000936    -0.0001311    -0.0001661    -0.0001985    -0.0002284    -0.0002558    -0.0002807    -0.0003030    -0.0003227    -0.0003400    -0.0003547    -0.0003669    -0.0003767    -0.0003842    -0.0003893    -0.0003921    -0.0003928    -0.0003915    -0.0003883    -0.0003832    -0.0003766    -0.0003684    -0.0003590    -0.0003484    -0.0003368    -0.0003244    -0.0003114    -0.0002979    -0.0002841    -0.0002701    -0.0002560    -0.0002420    -0.0002281    -0.0002145    -0.0002012    -0.0001883    -0.0001759    -0.0001639    -0.0001524    -0.0001415    -0.0001310    -0.0001211    -0.0001117    -0.0001029    -0.0000946    -0.0000867    -0.0000794    -0.0000726    -0.0000662    -0.0000602    -0.0000547
     0.0000031     0.0000244     0.0000815     0.0001902     0.0003642     0.0006142     0.0009477     0.0013686     0.0018773     0.0024705     0.0031417     0.0038812     0.0046771     0.0055155     0.0063812     0.0072585     0.0081317     0.0089855     0.0098058     0.0105801     0.0112974     0.0119491     0.0125281     0.0130300     0.0134518     0.0137929     0.0140539     0.0142371     0.0143458     0.0143844     0.0143580     0.0142720     0.0141322     0.0139446     0.0137149     0.0134490     0.0131522     0.0128297     0.0124863     0.0121264     0.0117540     0.0113726     0.0109854     0.0105953     0.0102046     0.0098156     0.0094300     0.0090494     0.0086750     0.0083078     0.0079488     0.0075986     0.0072577     0.0069264     0.0066051     0.0062939     0.0059929     0.0057020     0.0054212     0.0051505     0.0048896     0.0046383     0.0043965     0.0041639     0.0039402     0.0037253     0.0035188     0.0033204     0.0031299     0.0029470     0.0027714     0.0026029     0.0024412     0.0022859     0.0021370     0.0019940     0.0018569     0.0017253     0.0015990     0.0014778     0.0013615     0.0012500     0.0011429     0.0010402     0.0009417     0.0008473     0.0007567     0.0006699     0.0005867     0.0005071     0.0004309     0.0003580     0.0002884     0.0002221     0.0001588     0.0000987     0.0000417    -0.0000123    -0.0000633    -0.0001112    -0.0001562    -0.0001981    -0.0002370    -0.0002729    -0.0003057    -0.0003355    -0.0003622    -0.0003859    -0.0004066    -0.0004243    -0.0004390    -0.0004508    -0.0004597    -0.0004658    -0.0004693    -0.0004702    -0.0004686    -0.0004648    -0.0004588    -0.0004508    -0.0004411    -0.0004298    -0.0004172    -0.0004033    -0.0003885    -0.0003729    -0.0003568    -0.0003402    -0.0003234    -0.0003066    -0.0002898    -0.0002732    -0.0002569    -0.0002410    -0.0002256    -0.0002107    -0.0001963    -0.0001826    -0.0001694    -0.0001569    -0.0001451    -0.0001339    -0.0001233    -0.0001133    -0.0001039    -0.0000951    -0.0000869    -0.0000793    -0.0000721    -0.0000655
     0.0000033     0.0000262     0.0000876     0.0002045     0.0003919     0.0006618     0.0010226     0.0014794     0.0020332     0.0026812     0.0034172     0.0042316     0.0051121     0.0060442     0.0070119     0.0079980     0.0089855     0.0099574     0.0108978     0.0117922     0.0126280     0.0133943     0.0140828     0.0146871     0.0152032     0.0156292     0.0159650     0.0162123     0.0163742     0.0164549     0.0164596     0.0163942     0.0162649     0.0160783     0.0158408     0.0155589     0.0152389     0.0148867     0.0145078     0.0141076     0.0136906     0.0132611     0.0128230     0.0123798     0.0119342     0.0114891     0.0110466     0.0106087     0.0101769     0.0097526     0.0093369     0.0089306     0.0085345     0.0081491     0.0077748     0.0074117     0.0070602     0.0067202     0.0063916     0.0060745     0.0057687     0.0054740     0.0051901     0.0049169     0.0046540     0.0044013     0.0041583     0.0039247     0.0037004     0.0034849     0.0032779     0.0030792     0.0028884     0.0027053     0.0025294     0.0023606     0.0021986     0.0020432     0.0018939     0.0017507     0.0016132     0.0014813     0.0013547     0.0012332     0.0011166     0.0010048     0.0008976     0.0007948     0.0006964     0.0006021     0.0005118     0.0004255     0.0003431     0.0002644     0.0001895     0.0001182     0.0000506    -0.0000134    -0.0000739    -0.0001307    -0.0001840    -0.0002337    -0.0002799    -0.0003224    -0.0003614    -0.0003967    -0.0004285    -0.0004566    -0.0004812    -0.0005022    -0.0005197    -0.0005337    -0.0005443    -0.0005517    -0.0005558    -0.0005569    -0.0005551    -0.0005506    -0.0005435    -0.0005341    -0.0005226    -0.0005093    -0.0004943    -0.0004779    -0.0004603    -0.0004419    -0.0004228    -0.0004032    -0.0003833    -0.0003633    -0.0003434    -0.0003238    -0.0003045    -0.0002857    -0.0002674    -0.0002497    -0.0002327    -0.0002164    -0.0002008    -0.0001860    -0.0001720    -0.0001587    -0.0001461    -0.0001343    -0.0001232    -0.0001128    -0.0001030    -0.0000940    -0.0000855    -0.0000777
     0.0000035     0.0000278     0.0000929     0.0002172     0.0004166     0.0007044     0.0010901     0.0015796     0.0021750     0.0028740     0.0036710     0.0045566     0.0055184     0.0065415     0.0076092     0.0087035     0.0098058     0.0108978     0.0119618     0.0129814     0.0139420     0.0148310     0.0156379     0.0163549     0.0169763     0.0174988     0.0179214     0.0182449     0.0184718     0.0186061     0.0186530     0.0186184     0.0185090     0.0183317     0.0180939     0.0178025     0.0174647     0.0170871     0.0166763     0.0162381     0.0157781     0.0153014     0.0148124     0.0143153     0.0138137     0.0133106     0.0128090     0.0123110     0.0118188     0.0113340     0.0108580     0.0103919     0.0099368     0.0094932     0.0090617     0.0086427     0.0082365     0.0078431     0.0074626     0.0070951     0.0067402     0.0063980     0.0060682     0.0057504     0.0054446     0.0051502     0.0048671     0.0045949     0.0043333     0.0040819     0.0038403     0.0036082     0.0033853     0.0031713     0.0029657     0.0027684     0.0025788     0.0023969     0.0022222     0.0020545     0.0018935     0.0017390     0.0015907     0.0014483     0.0013117     0.0011806     0.0010549     0.0009344     0.0008189     0.0007082     0.0006023     0.0005010     0.0004043     0.0003120     0.0002240     0.0001403     0.0000609    -0.0000143    -0.0000853    -0.0001521    -0.0002147    -0.0002731    -0.0003274    -0.0003774    -0.0004232    -0.0004648    -0.0005021    -0.0005352    -0.0005641    -0.0005888    -0.0006094    -0.0006259    -0.0006385    -0.0006471    -0.0006521    -0.0006534    -0.0006513    -0.0006460    -0.0006378    -0.0006268    -0.0006134    -0.0005977    -0.0005801    -0.0005609    -0.0005404    -0.0005187    -0.0004963    -0.0004733    -0.0004500    -0.0004265    -0.0004032    -0.0003802    -0.0003575    -0.0003354    -0.0003139    -0.0002932    -0.0002732    -0.0002541    -0.0002358    -0.0002184    -0.0002019    -0.0001863    -0.0001716    -0.0001577    -0.0001447    -0.0001324    -0.0001210    -0.0001103    -0.0001004    -0.0000912
