     0.0000000     0.0000000     0.0000000     0.0000000     0.0000000     0.0000000     0.0000001     0.0000001     0.0000001     0.0000002     0.0000002     0.0000002     0.0000002     0.0000003     0.0000003     0.0000003     0.0000003     0.0000003     0.0000003     0.0000003     0.0000003     0.0000003     0.0000003     0.0000003     0.0000003     0.0000002     0.0000002     0.0000002     0.0000002     0.0000002     0.0000002     0.0000002     0.0000002     0.0000001     0.0000001     0.0000001     0.0000001     0.0000001     0.0000001     0.0000001     0.0000001     0.0000001     0.0000001     0.0000001     0.0000001     0.0000001     0.0000001     0.0000001     0.0000000     0.0000000     0.0000000     0.0000000     0.0000000     0.0000000     0.0000000     0.0000000     0.0000000     0.0000000     0.0000000     0.0000000     0.0000000     0.0000000     0.0000000     0.0000000     0.0000000     0.0000000     0.0000000     0.0000000     0.0000000     0.0000000     0.0000000     0.0000000     0.0000000     0.0000000     0.0000000    -0.0000000    -0.0000000    -0.0000000    -0.0000000    -0.0000000    -0.0000000    -0.0000000    -0.0000000    -0.0000000    -0.0000000    -0.0000000    -0.0000000    -0.0000000    -0.0000000    -0.0000000    -0.0000000    -0.0000000    -0.0000000    -0.0000000    -0.0000000    -0.0000000    -0.0000000    -0.0000000    -0.0000000    -0.0000000
     0.0000000     0.0000000     0.0000000     0.0000001     0.0000003     0.0000006     0.0000009     0.0000014     0.0000018     0.0000024     0.0000029     0.0000034     0.0000038     0.0000042     0.0000045     0.0000047     0.0000048     0.0000049     0.0000049     0.0000048     0.0000047     0.0000046     0.0000044     0.0000043     0.0000041     0.0000039     0.0000036     0.0000034     0.0000032     0.0000030     0.0000028     0.0000027     0.0000025     0.0000023     0.0000022     0.0000020     0.0000019     0.0000018     0.0000016     0.0000015     0.0000014     0.0000013     0.0000012     0.0000011     0.0000010     0.0000010     0.0000009     0.0000008     0.0000008     0.0000007     0.0000006     0.0000006     0.0000005     0.0000005     0.0000005     0.0000004     0.0000004     0.0000003     0.0000003     0.0000003     0.0000003     0.0000002     0.0000002     0.0000002     0.0000001     0.0000001     0.0000001     0.0000001     0.0000001     0.0000001     0.0000000     0.0000000     0.0000000     0.0000000     0.0000000    -0.0000000    -0.0000000    -0.0000000    -0.0000000    -0.0000000    -0.0000000    -0.0000000    -0.0000000    -0.0000000    -0.0000000    -0.0000000    -0.0000000    -0.0000000    -0.0000000    -0.0000000    -0.0000000    -0.0000000    -0.0000000    -0.0000000    -0.0000000    -0.0000000    -0.0000000    -0.0000000    -0.0000000    -0.0000000
     0.0000000     0.0000000     0.0000002     0.0000007     0.0000015     0.0000027     0.0000044     0.0000066     0.0000090     0.0000116     0.0000141     0.0000166     0.0000188     0.0000207     0.0000222     0.0000233     0.0000240     0.0000243     0.0000244     0.0000241     0.0000237     0.0000230     0.0000222     0.0000213     0.0000204     0.0000193     0.0000183     0.0000173     0.0000163     0.0000153     0.0000143     0.0000134     0.0000126     0.0000117     0.0000109     0.0000102     0.0000095     0.0000088     0.0000082     0.0000076     0.0000071     0.0000066     0.0000061     0.0000057     0.0000053     0.0000049     0.0000045     0.0000042     0.0000039     0.0000036     0.0000033     0.0000030     0.0000028     0.0000025     0.0000023     0.0000021     0.0000019     0.0000017     0.0000016     0.0000014     0.0000013     0.0000011     0.0000010     0.0000009     0.0000008     0.0000006     0.0000005     0.0000005     0.0000004     0.0000003     0.0000002     0.0000002     0.0000001     0.0000001     0.0000000    -0.0000000    -0.0000000    -0.0000001    -0.0000001    -0.0000001    -0.0000001    -0.0000001    -0.0000001    -0.0000001    -0.0000001    -0.0000001    -0.0000001    -0.0000001    -0.0000001    -0.0000001    -0.0000001    -0.0000001    -0.0000000    -0.0000000    -0.0000000    -0.0000000    -0.0000000    -0.0000000    -0.0000000    -0.0000000
     0.0000000     0.0000001     0.0000007     0.0000019     0.0000043     0.0000081     0.0000132     0.0000196     0.0000269     0.0000348     0.0000427     0.0000503     0.0000572     0.0000631     0.0000679     0.0000715     0.0000739     0.0000751     0.0000754     0.0000748     0.0000735     0.0000715     0.0000692     0.0000665     0.0000635     0.0000605     0.0000573     0.0000542     0.0000510     0.0000480     0.0000450     0.0000422     0.0000394     0.0000369     0.0000344     0.0000321     0.0000299     0.0000278     0.0000259     0.0000241     0.0000224     0.0000208     0.0000193     0.0000179     0.0000166     0.0000154     0.0000142     0.0000132     0.0000122     0.0000112     0.0000103     0.0000095     0.0000087     0.0000080     0.0000073     0.0000067     0.0000061     0.0000055     0.0000050     0.0000045     0.0000040     0.0000035     0.0000031     0.0000027     0.0000024     0.0000020     0.0000017     0.0000014     0.0000012     0.0000009     0.0000007     0.0000005     0.0000003     0.0000002     0.0000001    -0.0000001    -0.0000001    -0.0000002    -0.0000003    -0.0000003    -0.0000003    -0.0000003    -0.0000003    -0.0000003    -0.0000003    -0.0000003    -0.0000003    -0.0000003    -0.0000002    -0.0000002    -0.0000002    -0.0000002    -0.0000002    -0.0000001    -0.0000001    -0.0000001    -0.0000001    -0.0000001    -0.0000001    -0.0000001
     0.0000000     0.0000003     0.0000015     0.0000043     0.0000097     0.0000181     0.0000298     0.0000444     0.0000613     0.0000797     0.0000984     0.0001164     0.0001330     0.0001474     0.0001592     0.0001682     0.0001744     0.0001779     0.0001790     0.0001781     0.0001753     0.0001711     0.0001657     0.0001595     0.0001527     0.0001455     0.0001381     0.0001307     0.0001232     0.0001160     0.0001089     0.0001021     0.0000955     0.0000893     0.0000834     0.0000778     0.0000725     0.0000675     0.0000629     0.0000585     0.0000544     0.0000505     0.0000469     0.0000435     0.0000404     0.0000374     0.0000346     0.0000320     0.0000296     0.0000273     0.0000252     0.0000232     0.0000213     0.0000195     0.0000179     0.0000163     0.0000148     0.0000134     0.0000121     0.0000109     0.0000097     0.0000086     0.0000076     0.0000067     0.0000058     0.0000050     0.0000042     0.0000035     0.0000028     0.0000022     0.0000017     0.0000012     0.0000008     0.0000004     0.0000001    -0.0000001    -0.0000003    -0.0000005    -0.0000006    -0.0000007    -0.0000008    -0.0000008    -0.0000008    -0.0000008    -0.0000008    -0.0000007    -0.0000007    -0.0000006    -0.0000006    -0.0000005    -0.0000005    -0.0000004    -0.0000004    -0.0000003    -0.0000003    -0.0000003    -0.0000002    -0.0000002    -0.0000002    -0.0000001
     0.0000000     0.0000006     0.0000027     0.0000081     0.0000181     0.0000340     0.0000562     0.0000843     0.0001171     0.0001530     0.0001900     0.0002262     0.0002597     0.0002893     0.0003139     0.0003332     0.0003469     0.0003553     0.0003588     0.0003579     0.0003534     0.0003457     0.0003357     0.0003238     0.0003106     0.0002965     0.0002818     0.0002669     0.0002521     0.0002375     0.0002232     0.0002094     0.0001962     0.0001835     0.0001715     0.0001601     0.0001493     0.0001391     0.0001296     0.0001206     0.0001121     0.0001042     0.0000968     0.0000899     0.0000834     0.0000773     0.0000716     0.0000662     0.0000612     0.0000565     0.0000521     0.0000479     0.0000440     0.0000404     0.0000369     0.0000337     0.0000307     0.0000278     0.0000251     0.0000225     0.0000202     0.0000179     0.0000158     0.0000138     0.0000120     0.0000103     0.0000087     0.0000072     0.0000059     0.0000046     0.0000035     0.0000025     0.0000017     0.0000009     0.0000003    -0.0000003    -0.0000007    -0.0000010    -0.0000013    -0.0000015    -0.0000016    -0.0000017    -0.0000017    -0.0000016    -0.0000016    -0.0000015    -0.0000014    -0.0000013    -0.0000012    -0.0000011    -0.0000010    -0.0000009    -0.0000008    -0.0000007    -0.0000006    -0.0000005    -0.0000005    -0.0000004    -0.0000004    -0.0000003
     0.0000001     0.0000009     0.0000044     0.0000132     0.0000298     0.0000562     0.0000934     0.0001409     0.0001970     0.0002591     0.0003239     0.0003880     0.0004484     0.0005024     0.0005482     0.0005849     0.0006119     0.0006295     0.0006382     0.0006390     0.0006330     0.0006213     0.0006049     0.0005849     0.0005622     0.0005377     0.0005121     0.0004859     0.0004596     0.0004335     0.0004079     0.0003831     0.0003593     0.0003364     0.0003145     0.0002938     0.0002742     0.0002557     0.0002382     0.0002218     0.0002064     0.0001919     0.0001783     0.0001656     0.0001536     0.0001425     0.0001320     0.0001221     0.0001129     0.0001043     0.0000961     0.0000885     0.0000813     0.0000746     0.0000682     0.0000623     0.0000567     0.0000514     0.0000464     0.0000417     0.0000373     0.0000331     0.0000292     0.0000256     0.0000222     0.0000190     0.0000160     0.0000133     0.0000108     0.0000086     0.0000065     0.0000047     0.0000031     0.0000017     0.0000005    -0.0000005    -0.0000013    -0.0000019    -0.0000024    -0.0000027    -0.0000029    -0.0000031    -0.0000031    -0.0000030    -0.0000029    -0.0000027    -0.0000026    -0.0000024    -0.0000022    -0.0000020    -0.0000018    -0.0000016    -0.0000014    -0.0000013    -0.0000011    -0.0000010    -0.0000009    -0.0000007    -0.0000006    -0.0000006
     0.0000001     0.0000014     0.0000066     0.0000196     0.0000444     0.0000843     0.0001409     0.0002140     0.0003014     0.0003992     0.0005026     0.0006063     0.0007054     0.0007956     0.0008736     0.0009375     0.0009862     0.0010196     0.0010386     0.0010444     0.0010385     0.0010228     0.0009990     0.0009688     0.0009337     0.0008951     0.0008542     0.0008120     0.0007693     0.0007268     0.0006849     0.0006441     0.0006046     0.0005667     0.0005304     0.0004959     0.0004631     0.0004321     0.0004029     0.0003753     0.0003494     0.0003250     0.0003022     0.0002807     0.0002606     0.0002417     0.0002240     0.0002073     0.0001917     0.0001771     0.0001633     0.0001504     0.0001382     0.0001268     0.0001160     0.0001059     0.0000964     0.0000874     0.0000789     0.0000709     0.0000634     0.0000564     0.0000497     0.0000435     0.0000377     0.0000323     0.0000273     0.0000227     0.0000185     0.0000146     0.0000111     0.0000080     0.0000053     0.0000029     0.0000009    -0.0000008    -0.0000022    -0.0000033    -0.0000041    -0.0000047    -0.0000050    -0.0000052    -0.0000052    -0.0000051    -0.0000049    -0.0000047    -0.0000044    -0.0000041    -0.0000037    -0.0000034    -0.0000030    -0.0000027    -0.0000024    -0.0000022    -0.0000019    -0.0000017    -0.0000015    -0.0000013    -0.0000011    -0.0000010
     0.0000001     0.0000018     0.0000090     0.0000269     0.0000613     0.0001171     0.0001970     0.0003014     0.0004276     0.0005707     0.0007240     0.0008801     0.0010315     0.0011717     0.0012955     0.0013993     0.0014808     0.0015397     0.0015766     0.0015929     0.0015910     0.0015731     0.0015420     0.0015002     0.0014502     0.0013939     0.0013335     0.0012703     0.0012059     0.0011412     0.0010772     0.0010144     0.0009535     0.0008947     0.0008383     0.0007845     0.0007333     0.0006848     0.0006389     0.0005956     0.0005548     0.0005164     0.0004803     0.0004464     0.0004146     0.0003847     0.0003566     0.0003303     0.0003055     0.0002823     0.0002604     0.0002398     0.0002205     0.0002023     0.0001852     0.0001691     0.0001539     0.0001395     0.0001260     0.0001133     0.0001013     0.0000901     0.0000795     0.0000696     0.0000603     0.0000517     0.0000437     0.0000363     0.0000296     0.0000234     0.0000178     0.0000129     0.0000085     0.0000047     0.0000015    -0.0000013    -0.0000035    -0.0000052    -0.0000065    -0.0000074    -0.0000080    -0.0000083    -0.0000083    -0.0000082    -0.0000079    -0.0000075    -0.0000070    -0.0000065    -0.0000059    -0.0000054    -0.0000049    -0.0000044    -0.0000039    -0.0000035    -0.0000030    -0.0000027    -0.0000023    -0.0000020    -0.0000018    -0.0000015
     0.0000002     0.0000024     0.0000116     0.0000348     0.0000797     0.0001530     0.0002591     0.0003992     0.0005707     0.0007676     0.0009817     0.0012029     0.0014211     0.0016267     0.0018119     0.0019708     0.0020995     0.0021965     0.0022620     0.0022976     0.0023059     0.0022902     0.0022540     0.0022010     0.0021346     0.0020580     0.0019740     0.0018852     0.0017935     0.0017007     0.0016081     0.0015169     0.0014279     0.0013417     0.0012586     0.0011791     0.0011033     0.0010312     0.0009629     0.0008984     0.0008374     0.0007800     0.0007259     0.0006750     0.0006271     0.0005822     0.0005399     0.0005002     0.0004629     0.0004278     0.0003948     0.0003637     0.0003345     0.0003070     0.0002811     0.0002566     0.0002336     0.0002119     0.0001914     0.0001721     0.0001540     0.0001369     0.0001209     0.0001058     0.0000917     0.0000786     0.0000665     0.0000553     0.0000450     0.0000356     0.0000272     0.0000196     0.0000130     0.0000072     0.0000023    -0.0000019    -0.0000052    -0.0000079    -0.0000099    -0.0000113    -0.0000122    -0.0000126    -0.0000127    -0.0000124    -0.0000120    -0.0000114    -0.0000106    -0.0000098    -0.0000090    -0.0000082    -0.0000074    -0.0000066    -0.0000059    -0.0000052    -0.0000046    -0.0000041    -0.0000036    -0.0000031    -0.0000027    -0.0000023
     0.0000002     0.0000029     0.0000141     0.0000427     0.0000984     0.0001900     0.0003239     0.0005026     0.0007240     0.0009817     0.0012658     0.0015639     0.0018628     0.0021497     0.0024132     0.0026444     0.0028373     0.0029883     0.0030966     0.0031636     0.0031919     0.0031857     0.0031493     0.0030878     0.0030057     0.0029075     0.0027974     0.0026788     0.0025548     0.0024280     0.0023005     0.0021740     0.0020498     0.0019289     0.0018120     0.0016996     0.0015921     0.0014896     0.0013922     0.0012999     0.0012127     0.0011303     0.0010526     0.0009794     0.0009105     0.0008456     0.0007846     0.0007272     0.0006732     0.0006224     0.0005746     0.0005296     0.0004872     0.0004473     0.0004096     0.0003741     0.0003406     0.0003090     0.0002792     0.0002512     0.0002247     0.0001998     0.0001764     0.0001545     0.0001340     0.0001149     0.0000972     0.0000808     0.0000658     0.0000521     0.0000398     0.0000288     0.0000190     0.0000106     0.0000034    -0.0000027    -0.0000076    -0.0000115    -0.0000144    -0.0000164    -0.0000177    -0.0000184    -0.0000185    -0.0000181    -0.0000175    -0.0000166    -0.0000155    -0.0000144    -0.0000132    -0.0000120    -0.0000108    -0.0000097    -0.0000086    -0.0000077    -0.0000068    -0.0000059    -0.0000052    -0.0000045    -0.0000039    -0.0000034
     0.0000002     0.0000034     0.0000166     0.0000503     0.0001164     0.0002262     0.0003880     0.0006063     0.0008801     0.0012029     0.0015639     0.0019486     0.0023407     0.0027238     0.0030827     0.0034048     0.0036806     0.0039042     0.0040729     0.0041870     0.0042490     0.0042632     0.0042352     0.0041710     0.0040766     0.0039581     0.0038209     0.0036700     0.0035098     0.0033439     0.0031754     0.0030069     0.0028403     0.0026772     0.0025187     0.0023657     0.0022188     0.0020783     0.0019445     0.0018173     0.0016968     0.0015828     0.0014750     0.0013734     0.0012775     0.0011872     0.0011021     0.0010220     0.0009466     0.0008755     0.0008086     0.0007455     0.0006861     0.0006300     0.0005771     0.0005273     0.0004802     0.0004358     0.0003939     0.0003544     0.0003171     0.0002821     0.0002491     0.0002182     0.0001893     0.0001623     0.0001373     0.0001142     0.0000930     0.0000737     0.0000563     0.0000407     0.0000270     0.0000151     0.0000049    -0.0000037    -0.0000106    -0.0000161    -0.0000202    -0.0000231    -0.0000250    -0.0000259    -0.0000261    -0.0000256    -0.0000247    -0.0000234    -0.0000219    -0.0000203    -0.0000186    -0.0000169    -0.0000152    -0.0000137    -0.0000122    -0.0000108    -0.0000096    -0.0000084    -0.0000073    -0.0000064    -0.0000055    -0.0000048
     0.0000002     0.0000038     0.0000188     0.0000572     0.0001330     0.0002597     0.0004484     0.0007054     0.0010315     0.0014211     0.0018628     0.0023407     0.0028358     0.0033281     0.0037983     0.0042295     0.0046083     0.0049250     0.0051743     0.0053546     0.0054677     0.0055176     0.0055104     0.0054532     0.0053534     0.0052188     0.0050564     0.0048730     0.0046743     0.0044656     0.0042511     0.0040345     0.0038187     0.0036061     0.0033983     0.0031967     0.0030024     0.0028158     0.0026375     0.0024676     0.0023061     0.0021530     0.0020081     0.0018710     0.0017416     0.0016195     0.0015043     0.0013957     0.0012933     0.0011968     0.0011058     0.0010200     0.0009390     0.0008626     0.0007905     0.0007224     0.0006581     0.0005974     0.0005401     0.0004860     0.0004351     0.0003871     0.0003419     0.0002996     0.0002599     0.0002230     0.0001887     0.0001570     0.0001279     0.0001014     0.0000775     0.0000561     0.0000373     0.0000209     0.0000068    -0.0000049    -0.0000145    -0.0000220    -0.0000277    -0.0000317    -0.0000342    -0.0000355    -0.0000357    -0.0000351    -0.0000339    -0.0000321    -0.0000301    -0.0000278    -0.0000255    -0.0000232    -0.0000209    -0.0000188    -0.0000167    -0.0000149    -0.0000131    -0.0000115    -0.0000101    -0.0000088    -0.0000076    -0.0000066
     0.0000003     0.0000042     0.0000207     0.0000631     0.0001474     0.0002893     0.0005024     0.0007956     0.0011717     0.0016267     0.0021497     0.0027238     0.0033281     0.0039394     0.0045344     0.0050915     0.0055925     0.0060236     0.0063756     0.0066443     0.0068292     0.0069339     0.0069643     0.0069280     0.0068340     0.0066914     0.0065092     0.0062959     0.0060592     0.0058060     0.0055423     0.0052729     0.0050020     0.0047330     0.0044685     0.0042105     0.0039605     0.0037195     0.0034884     0.0032674     0.0030568     0.0028566     0.0026666     0.0024867     0.0023164     0.0021555     0.0020035     0.0018599     0.0017244     0.0015965     0.0014758     0.0013619     0.0012543     0.0011527     0.0010567     0.0009660     0.0008803     0.0007994     0.0007229     0.0006508     0.0005827     0.0005185     0.0004582     0.0004015     0.0003485     0.0002991     0.0002531     0.0002107     0.0001717     0.0001362     0.0001042     0.0000755     0.0000502     0.0000282     0.0000094    -0.0000064    -0.0000192    -0.0000293    -0.0000370    -0.0000424    -0.0000458    -0.0000475    -0.0000478    -0.0000470    -0.0000453    -0.0000430    -0.0000403    -0.0000373    -0.0000342    -0.0000311    -0.0000280    -0.0000252    -0.0000224    -0.0000199    -0.0000176    -0.0000154    -0.0000135    -0.0000118    -0.0000102    -0.0000088
     0.0000003     0.0000045     0.0000222     0.0000679     0.0001592     0.0003139     0.0005482     0.0008736     0.0012955     0.0018119     0.0024132     0.0030827     0.0037983     0.0045344     0.0052638     0.0059606     0.0066014     0.0071675     0.0076449     0.0080255     0.0083061     0.0084882     0.0085769     0.0085801     0.0085074     0.0083694     0.0081768     0.0079401     0.0076691     0.0073727     0.0070587     0.0067337     0.0064035     0.0060726     0.0057447     0.0054230     0.0051094     0.0048059     0.0045134     0.0042328     0.0039646     0.0037088     0.0034656     0.0032346     0.0030156     0.0028082     0.0026120     0.0024264     0.0022510     0.0020852     0.0019285     0.0017805     0.0016405     0.0015083     0.0013832     0.0012650     0.0011532     0.0010476     0.0009477     0.0008533     0.0007643     0.0006804     0.0006014     0.0005272     0.0004577     0.0003929     0.0003327     0.0002770     0.0002259     0.0001793     0.0001372     0.0000995     0.0000663     0.0000374     0.0000127    -0.0000081    -0.0000250    -0.0000383    -0.0000483    -0.0000554    -0.0000600    -0.0000623    -0.0000627    -0.0000616    -0.0000595    -0.0000564    -0.0000528    -0.0000489    -0.0000448    -0.0000408    -0.0000368    -0.0000330    -0.0000294    -0.0000261    -0.0000231    -0.0000203    -0.0000177    -0.0000155    -0.0000134    -0.0000116
     0.0000003     0.0000047     0.0000233     0.0000715     0.0001682     0.0003332     0.0005849     0.0009375     0.0013993     0.0019708     0.0026444     0.0034048     0.0042295     0.0050915     0.0059606     0.0068067     0.0076015     0.0083207     0.0089452     0.0094618     0.0098633     0.0101481     0.0103196     0.0103848     0.0103535     0.0102371     0.0100482     0.0097990     0.0095014     0.0091667     0.0088046     0.0084239     0.0080321     0.0076355     0.0072392     0.0068474     0.0064633     0.0060893     0.0057274     0.0053788     0.0050442     0.0047243     0.0044191     0.0041285     0.0038524     0.0035905     0.0033421     0.0031068     0.0028841     0.0026733     0.0024738     0.0022851     0.0021066     0.0019377     0.0017778     0.0016265     0.0014834     0.0013480     0.0012199     0.0010988     0.0009845     0.0008766     0.0007751     0.0006797     0.0005903     0.0005069     0.0004294     0.0003577     0.0002918     0.0002317     0.0001775     0.0001289     0.0000860     0.0000487     0.0000168    -0.0000100    -0.0000318    -0.0000490    -0.0000620    -0.0000712    -0.0000771    -0.0000801    -0.0000807    -0.0000794    -0.0000766    -0.0000727    -0.0000681    -0.0000630    -0.0000578    -0.0000525    -0.0000474    -0.0000425    -0.0000380    -0.0000337    -0.0000297    -0.0000261    -0.0000229    -0.0000199    -0.0000173    -0.0000149
     0.0000003     0.0000048     0.0000240     0.0000739     0.0001744     0.0003469     0.0006119     0.0009862     0.0014808     0.0020995     0.0028373     0.0036806     0.0046083     0.0055925     0.0066014     0.0076015     0.0085599     0.0094468     0.0102372     0.0109124     0.0114601     0.0118744     0.0121557     0.0123089     0.0123432     0.0122704     0.0121039     0.0118577     0.0115459     0.0111817     0.0107776     0.0103444     0.0098918     0.0094282     0.0089602     0.0084937     0.0080331     0.0075820     0.0071431     0.0067184     0.0063092     0.0059164     0.0055405     0.0051817     0.0048399     0.0045148     0.0042060     0.0039129     0.0036350     0.0033715     0.0031219     0.0028854     0.0026614     0.0024492     0.0022482     0.0020578     0.0018775     0.0017068     0.0015452     0.0013924     0.0012479     0.0011116     0.0009832     0.0008625     0.0007494     0.0006437     0.0005455     0.0004546     0.0003711     0.0002949     0.0002260     0.0001644     0.0001099     0.0000625     0.0000219    -0.0000121    -0.0000398    -0.0000618    -0.0000783    -0.0000901    -0.0000976    -0.0001014    -0.0001022    -0.0001005    -0.0000970    -0.0000921    -0.0000863    -0.0000799    -0.0000733    -0.0000666    -0.0000602    -0.0000540    -0.0000481    -0.0000427    -0.0000377    -0.0000332    -0.0000290    -0.0000253    -0.0000219    -0.0000189
     0.0000003     0.0000049     0.0000243     0.0000751     0.0001779     0.0003553     0.0006295     0.0010196     0.0015397     0.0021965     0.0029883     0.0039042     0.0049250     0.0060236     0.0071675     0.0083207     0.0094468     0.0105108     0.0114820     0.0123355     0.0130529     0.0136232     0.0140423     0.0143121     0.0144398     0.0144364     0.0143158     0.0140930     0.0137839     0.0134041     0.0129682     0.0124897     0.0119807     0.0114516     0.0109115     0.0103679     0.0098268     0.0092931     0.0087708     0.0082627     0.0077710     0.0072972     0.0068422     0.0064064     0.0059901     0.0055932     0.0052153     0.0048559     0.0045144     0.0041902     0.0038825     0.0035906     0.0033138     0.0030512     0.0028023     0.0025662     0.0023424     0.0021304     0.0019295     0.0017393     0.0015595     0.0013897     0.0012296     0.0010791     0.0009379     0.0008060     0.0006833     0.0005697     0.0004653     0.0003700     0.0002838     0.0002067     0.0001385     0.0000792     0.0000283    -0.0000143    -0.0000491    -0.0000766    -0.0000975    -0.0001122    -0.0001217    -0.0001265    -0.0001276    -0.0001256    -0.0001212    -0.0001151    -0.0001078    -0.0000998    -0.0000916    -0.0000833    -0.0000752    -0.0000675    -0.0000602    -0.0000534    -0.0000472    -0.0000415    -0.0000363    -0.0000316    -0.0000274    -0.0000237
     0.0000003     0.0000049     0.0000244     0.0000754     0.0001790     0.0003588     0.0006382     0.0010386     0.0015766     0.0022620     0.0030966     0.0040729     0.0051743     0.0063756     0.0076449     0.0089452     0.0102372     0.0114820     0.0126434     0.0136901     0.0145975     0.0153483     0.0159329     0.0163487     0.0165996     0.0166950     0.0166476     0.0164733     0.0161889     0.0158119     0.0153593     0.0148472     0.0142901     0.0137011     0.0130916     0.0124711     0.0118477     0.0112281     0.0106176     0.0100203     0.0094392     0.0088768     0.0083345     0.0078134     0.0073141     0.0068366     0.0063808     0.0059465     0.0055329     0.0051395     0.0047656     0.0044102     0.0040727     0.0037522     0.0034480     0.0031592     0.0028851     0.0026251     0.0023787     0.0021452     0.0019242     0.0017154     0.0015184     0.0013331     0.0011591     0.0009965     0.0008452     0.0007051     0.0005762     0.0004585     0.0003521     0.0002568     0.0001725     0.0000991     0.0000361    -0.0000166    -0.0000597    -0.0000939    -0.0001197    -0.0001380    -0.0001498    -0.0001558    -0.0001572    -0.0001548    -0.0001495    -0.0001420    -0.0001330    -0.0001232    -0.0001130    -0.0001028    -0.0000928    -0.0000833    -0.0000743    -0.0000660    -0.0000583    -0.0000512    -0.0000448    -0.0000391    -0.0000339    -0.0000292
     0.0000003     0.0000048     0.0000241     0.0000748     0.0001781     0.0003579     0.0006390     0.0010444     0.0015929     0.0022976     0.0031636     0.0041870     0.0053546     0.0066443     0.0080255     0.0094618     0.0109124     0.0123355     0.0136901     0.0149394     0.0160521     0.0170041     0.0177794     0.0183698     0.0187747     0.0189999     0.0190565     0.0189595     0.0187263     0.0183756     0.0179264     0.0173970     0.0168048     0.0161655     0.0154929     0.0147993     0.0140950     0.0133885     0.0126871     0.0119962     0.0113203     0.0106628     0.0100261     0.0094119     0.0088213     0.0082548     0.0077126     0.0071945     0.0067002     0.0062290     0.0057802     0.0053531     0.0049468     0.0045604     0.0041931     0.0038440     0.0035124     0.0031975     0.0028987     0.0026154     0.0023471     0.0020933     0.0018537     0.0016281     0.0014163     0.0012182     0.0010337     0.0008628     0.0007056     0.0005619     0.0004319     0.0003155     0.0002125     0.0001226     0.0000457    -0.0000189    -0.0000717    -0.0001135    -0.0001452    -0.0001677    -0.0001822    -0.0001897    -0.0001915    -0.0001887    -0.0001822    -0.0001731    -0.0001622    -0.0001503    -0.0001379    -0.0001254    -0.0001133    -0.0001017    -0.0000907    -0.0000805    -0.0000712    -0.0000626    -0.0000548    -0.0000477    -0.0000414    -0.0000357
     0.0000003     0.0000047     0.0000237     0.0000735     0.0001753     0.0003534     0.0006330     0.0010385     0.0015910     0.0023059     0.0031919     0.0042490     0.0054677     0.0068292     0.0083061     0.0098633     0.0114601     0.0130529     0.0145975     0.0160521     0.0173791     0.0185478     0.0195351     0.0203261     0.0209144     0.0213012     0.0214942     0.0215065     0.0213547     0.0210581     0.0206370     0.0201118     0.0195023     0.0188267     0.0181020     0.0173428     0.0165622     0.0157710     0.0149785     0.0141921     0.0134178     0.0126604     0.0119233     0.0112091     0.0105197     0.0098563     0.0092193     0.0086090     0.0080253     0.0074676     0.0069353     0.0064279     0.0059443     0.0054837     0.0050452     0.0046280     0.0042312     0.0038539     0.0034956     0.0031555     0.0028331     0.0025280     0.0022397     0.0019681     0.0017129     0.0014740     0.0012514     0.0010452     0.0008553     0.0006817     0.0005246     0.0003838     0.0002591     0.0001504     0.0000572    -0.0000211    -0.0000851    -0.0001358    -0.0001743    -0.0002017    -0.0002193    -0.0002286    -0.0002309    -0.0002275    -0.0002198    -0.0002089    -0.0001958    -0.0001814    -0.0001665    -0.0001515    -0.0001368    -0.0001228    -0.0001096    -0.0000973    -0.0000860    -0.0000756    -0.0000662    -0.0000576    -0.0000500    -0.0000432
     0.0000003     0.0000046     0.0000230     0.0000715     0.0001711     0.0003457     0.0006213     0.0010228     0.0015731     0.0022902     0.0031857     0.0042632     0.0055176     0.0069339     0.0084882     0.0101481     0.0118744     0.0136232     0.0153483     0.0170041     0.0185478     0.0199422     0.0211570     0.0221702     0.0229685     0.0235471     0.0239092     0.0240642     0.0240270     0.0238160     0.0234521     0.0229571     0.0223528     0.0216601     0.0208986     0.0200858     0.0192375     0.0183674     0.0174868     0.0166056     0.0157316     0.0148712     0.0140293     0.0132097     0.0124151     0.0116475     0.0109081     0.0101975     0.0095159     0.0088632     0.0082389     0.0076424     0.0070729     0.0065297     0.0060117     0.0055181     0.0050480     0.0046006     0.0041752     0.0037710     0.0033875     0.0030241     0.0026806     0.0023567     0.0020521     0.0017669     0.0015010     0.0012544     0.0010272     0.0008195     0.0006313     0.0004626     0.0003132     0.0001829     0.0000710    -0.0000229    -0.0000998    -0.0001608    -0.0002071    -0.0002401    -0.0002614    -0.0002727    -0.0002756    -0.0002717    -0.0002626    -0.0002496    -0.0002341    -0.0002169    -0.0001991    -0.0001812    -0.0001637    -0.0001469    -0.0001311    -0.0001164    -0.0001029    -0.0000905    -0.0000792    -0.0000690    -0.0000599    -0.0000517
     0.0000003     0.0000044     0.0000222     0.0000692     0.0001657     0.0003357     0.0006049     0.0009990     0.0015420     0.0022540     0.0031493     0.0042352     0.0055104     0.0069643     0.0085769     0.0103196     0.0121557     0.0140423     0.0159329     0.0177794     0.0195351     0.0211570     0.0226081     0.0238591     0.0248893     0.0256869     0.0262489     0.0265801     0.0266918     0.0266006     0.0263265     0.0258920     0.0253202     0.0246341     0.0238559     0.0230061     0.0221031     0.0211636     0.0202017     0.0192296     0.0182574     0.0172935     0.0163445     0.0154156     0.0145108     0.0136331     0.0127844     0.0119660     0.0111787     0.0104228     0.0096980     0.0090039     0.0083400     0.0077054     0.0070994     0.0065210     0.0059694     0.0054437     0.0049432     0.0044672     0.0040151     0.0035864     0.0031807     0.0027978     0.0024376     0.0020999     0.0017850     0.0014927     0.0012233     0.0009769     0.0007535     0.0005532     0.0003756     0.0002206     0.0000876    -0.0000242    -0.0001158    -0.0001885    -0.0002438    -0.0002832    -0.0003088    -0.0003225    -0.0003261    -0.0003216    -0.0003110    -0.0002957    -0.0002773    -0.0002571    -0.0002360    -0.0002148    -0.0001941    -0.0001742    -0.0001555    -0.0001381    -0.0001220    -0.0001073    -0.0000940    -0.0000819    -0.0000710    -0.0000613
     0.0000003     0.0000043     0.0000213     0.0000665     0.0001595     0.0003238     0.0005849     0.0009688     0.0015002     0.0022010     0.0030878     0.0041710     0.0054532     0.0069280     0.0085801     0.0103848     0.0123089     0.0143121     0.0163487     0.0183698     0.0203261     0.0221702     0.0238591     0.0253566     0.0266344     0.0276730     0.0284625     0.0290013     0.0292960     0.0293597     0.0292105     0.0288699     0.0283619     0.0277107     0.0269408     0.0260751     0.0251351     0.0241402     0.0231076     0.0220522     0.0209866     0.0199215     0.0188655     0.0178256     0.0168074     0.0158149     0.0148513     0.0139188     0.0130187     0.0121519     0.0113185     0.0105186     0.0097517     0.0090173     0.0083146     0.0076429     0.0070013     0.0063890     0.0058053     0.0052494     0.0047209     0.0042192     0.0037441     0.0032953     0.0028726     0.0024762     0.0021062     0.0017626     0.0014457     0.0011556     0.0008926     0.0006564     0.0004471     0.0002643     0.0001073    -0.0000248    -0.0001331    -0.0002191    -0.0002845    -0.0003314    -0.0003618    -0.0003781    -0.0003827    -0.0003777    -0.0003653    -0.0003475    -0.0003260    -0.0003023    -0.0002775    -0.0002526    -0.0002283    -0.0002050    -0.0001830    -0.0001625    -0.0001436    -0.0001263    -0.0001106    -0.0000964    -0.0000836    -0.0000722
     0.0000003     0.0000041     0.0000204     0.0000635     0.0001527     0.0003106     0.0005622     0.0009337     0.0014502     0.0021346     0.0030057     0.0040766     0.0053534     0.0068340     0.0085074     0.0103535     0.0123432     0.0144398     0.0165996     0.0187747     0.0209144     0.0229685     0.0248893     0.0266344     0.0281682     0.0294635     0.0305026     0.0312768     0.0317865     0.0320397     0.0320511     0.0318404     0.0314305     0.0308464     0.0301139     0.0292582     0.0283034     0.0272717     0.0261834     0.0250562     0.0239056     0.0227449     0.0215850     0.0204350     0.0193022     0.0181924     0.0171099     0.0160580     0.0150390     0.0140544     0.0131051     0.0121915     0.0113135     0.0104709     0.0096631     0.0088894     0.0081493     0.0074419     0.0067665     0.0061226     0.0055097     0.0049272     0.0043750     0.0038528     0.0033608     0.0028989     0.0024673     0.0020664     0.0016963     0.0013574     0.0010499     0.0007737     0.0005287     0.0003145     0.0001305    -0.0000244    -0.0001514    -0.0002524    -0.0003294    -0.0003846    -0.0004206    -0.0004400    -0.0004457    -0.0004401    -0.0004258    -0.0004052    -0.0003803    -0.0003527    -0.0003239    -0.0002949    -0.0002665    -0.0002393    -0.0002137    -0.0001898    -0.0001678    -0.0001476    -0.0001292    -0.0001126    -0.0000977    -0.0000844
     0.0000002     0.0000039     0.0000193     0.0000605     0.0001455     0.0002965     0.0005377     0.0008951     0.0013939     0.0020580     0.0029075     0.0039581     0.0052188     0.0066914     0.0083694     0.0102371     0.0122704     0.0144364     0.0166950     0.0189999     0.0213012     0.0235471     0.0256869     0.0276730     0.0294635     0.0310238     0.0323282     0.0333601     0.0341126     0.0345876     0.0347947     0.0347501     0.0344747     0.0339929     0.0333308     0.0325152     0.0315722     0.0305269     0.0294023     0.0282192     0.0269961     0.0257490     0.0244915     0.0232352     0.0219894     0.0207618     0.0195582     0.0183834     0.0172407     0.0161327     0.0150609     0.0140265     0.0130298     0.0120709     0.0111497     0.0102657     0.0094185     0.0086074     0.0078319     0.0070915     0.0063858     0.0057145     0.0050773     0.0044742     0.0039053     0.0033708     0.0028711     0.0024065     0.0019774     0.0015841     0.0012269     0.0009060     0.0006212     0.0003721     0.0001579    -0.0000225    -0.0001707    -0.0002886    -0.0003785    -0.0004431    -0.0004854    -0.0005084    -0.0005153    -0.0005092    -0.0004930    -0.0004693    -0.0004405    -0.0004087    -0.0003753    -0.0003418    -0.0003090    -0.0002775    -0.0002478    -0.0002201    -0.0001946    -0.0001712    -0.0001499    -0.0001307    -0.0001134    -0.0000979
     0.0000002     0.0000036     0.0000183     0.0000573     0.0001381     0.0002818     0.0005121     0.0008542     0.0013335     0.0019740     0.0027974     0.0038209     0.0050564     0.0065092     0.0081768     0.0100482     0.0121039     0.0143158     0.0166476     0.0190565     0.0214942     0.0239092     0.0262489     0.0284625     0.0305026     0.0323282     0.0339057     0.0352108     0.0362285     0.0369533     0.0373886     0.0375455     0.0374415     0.0370987     0.0365428     0.0358008     0.0349005     0.0338690     0.0327320     0.0315133     0.0302343     0.0289141     0.0275691     0.0262136     0.0248592     0.0235159     0.0221914     0.0208920     0.0196226     0.0183867     0.0171871     0.0160256     0.0149032     0.0138207     0.0127782     0.0117758     0.0108132     0.0098900     0.0090059     0.0081605     0.0073536     0.0065851     0.0058548     0.0051629     0.0045095     0.0038952     0.0033203     0.0027853     0.0022908     0.0018374     0.0014253     0.0010548     0.0007257     0.0004377     0.0001899    -0.0000190    -0.0001907    -0.0003274    -0.0004318    -0.0005071    -0.0005565    -0.0005836    -0.0005920    -0.0005853    -0.0005669    -0.0005399    -0.0005070    -0.0004705    -0.0004322    -0.0003937    -0.0003559    -0.0003197    -0.0002855    -0.0002537    -0.0002243    -0.0001973    -0.0001728    -0.0001507    -0.0001307    -0.0001129
     0.0000002     0.0000034     0.0000173     0.0000542     0.0001307     0.0002669     0.0004859     0.0008120     0.0012703     0.0018852     0.0026788     0.0036700     0.0048730     0.0062959     0.0079401     0.0097990     0.0118577     0.0140930     0.0164733     0.0189595     0.0215065     0.0240642     0.0265801     0.0290013     0.0312768     0.0333601     0.0352108     0.0367969     0.0380951     0.0390919     0.0397835     0.0401744     0.0402773     0.0401107     0.0396981     0.0390660     0.0382426     0.0372563     0.0361351     0.0349054     0.0335915     0.0322156     0.0307971     0.0293530     0.0278979     0.0264440     0.0250013     0.0235780     0.0221807     0.0208144     0.0194830     0.0181893     0.0169354     0.0157225     0.0145516     0.0134230     0.0123369     0.0112933     0.0102922     0.0093334     0.0084169     0.0075428     0.0067111     0.0059223     0.0051766     0.0044748     0.0038174     0.0032052     0.0026389     0.0021192     0.0016465     0.0012212     0.0008433     0.0005122     0.0002272    -0.0000132    -0.0002110    -0.0003687    -0.0004894    -0.0005764    -0.0006338    -0.0006656    -0.0006758    -0.0006687    -0.0006480    -0.0006174    -0.0005799    -0.0005383    -0.0004946    -0.0004506    -0.0004075    -0.0003661    -0.0003270    -0.0002906    -0.0002569    -0.0002261    -0.0001980    -0.0001727    -0.0001498    -0.0001294
