    -0.0142858    -0.0281362    -0.0411500    -0.0529890    -0.0633985    -0.0722154    -0.0793671    -0.0848608    -0.0887684    -0.0912084    -0.0923290    -0.0922928    -0.0912653    -0.0894059    -0.0868630    -0.0837701    -0.0802453    -0.0763911    -0.0722949    -0.0680312    -0.0636621    -0.0592399    -0.0548077    -0.0504011    -0.0460494    -0.0417768    -0.0376027    -0.0335428    -0.0296096    -0.0258130    -0.0221604    -0.0186573    -0.0153077    -0.0121139    -0.0090773    -0.0061983    -0.0034764    -0.0009110     0.0014990     0.0037545     0.0058563     0.0078046     0.0095986     0.0112368     0.0127161     0.0140322     0.0151790     0.0161488     0.0169322     0.0175183     0.0178947     0.0180480     0.0179645     0.0176304     0.0170334     0.0161629     0.0150119     0.0135780     0.0118648     0.0098839     0.0076553     0.0052095     0.0025875    -0.0001588    -0.0029677    -0.0057688    -0.0084864    -0.0110427    -0.0133624    -0.0153776    -0.0170327    -0.0182877    -0.0191220    -0.0195345    -0.0195438    -0.0191853    -0.0185078    -0.0175687    -0.0164298    -0.0151525    -0.0137943    -0.0124062    -0.0110314    -0.0097041    -0.0084500    -0.0072867    -0.0062250    -0.0052699    -0.0044219    -0.0036778    -0.0030324    -0.0024784    -0.0020079    -0.0016123    -0.0012830    -0.0010117    -0.0007904    -0.0006117    -0.0004688    -0.0003559
    -0.0281362    -0.0554303    -0.0811044    -0.1045001    -0.1251165    -0.1426282    -0.1568832    -0.1678847    -0.1757626    -0.1807403    -0.1831012    -0.1831602    -0.1812398    -0.1776532    -0.1726928    -0.1666237    -0.1596807    -0.1520683    -0.1439621    -0.1355111    -0.1268409    -0.1180564    -0.1092448    -0.1004783    -0.0918163    -0.0833075    -0.0749916    -0.0669004    -0.0590594    -0.0514887    -0.0442035    -0.0372153    -0.0305319    -0.0241586    -0.0180981    -0.0123513    -0.0069176    -0.0017958     0.0030163     0.0075203     0.0117177     0.0156086     0.0191918     0.0224636     0.0254183     0.0280468     0.0303371     0.0322737     0.0338377     0.0350072     0.0357573     0.0360614     0.0358918     0.0352213     0.0340247     0.0322813     0.0299769     0.0271067     0.0236784     0.0197144     0.0152556     0.0103625     0.0051174    -0.0003761    -0.0059941    -0.0115962    -0.0170306    -0.0221419    -0.0267797    -0.0308081    -0.0341157    -0.0366230    -0.0382884    -0.0391101    -0.0391252    -0.0384047    -0.0370462    -0.0351647    -0.0328837    -0.0303260    -0.0276067    -0.0248280    -0.0220761    -0.0194194    -0.0169093    -0.0145811    -0.0124564    -0.0105450    -0.0088479    -0.0073590    -0.0060674    -0.0049589    -0.0040174    -0.0032259    -0.0025670    -0.0020241    -0.0015813    -0.0012237    -0.0009380    -0.0007119
    -0.0411500    -0.0811044    -0.1187551    -0.1531568    -0.1835802    -0.2095395    -0.2307923    -0.2473174    -0.2592777    -0.2669748    -0.2708034    -0.2712097    -0.2686572    -0.2636007    -0.2564687    -0.2476526    -0.2375017    -0.2263216    -0.2143761    -0.2018901    -0.1890537    -0.1760264    -0.1629410    -0.1499079    -0.1370181    -0.1243461    -0.1119528    -0.0998875    -0.0881896    -0.0768899    -0.0660124    -0.0555747    -0.0455896    -0.0360651    -0.0270059    -0.0184139    -0.0102885    -0.0026280     0.0045702     0.0113086     0.0175891     0.0234115     0.0287738     0.0336706     0.0380927     0.0420265     0.0454537     0.0483510     0.0506899     0.0524373     0.0535560     0.0540058     0.0537451     0.0527331     0.0509322     0.0483110     0.0448485     0.0405376     0.0353896     0.0294388     0.0227461     0.0154029     0.0075324    -0.0007096    -0.0091374    -0.0175400    -0.0256900    -0.0333540    -0.0403065    -0.0463439    -0.0512991    -0.0550529    -0.0575432    -0.0587675    -0.0587816    -0.0576922    -0.0556457    -0.0528151    -0.0493855    -0.0455413    -0.0414553    -0.0372809    -0.0331471    -0.0291569    -0.0253871    -0.0218909    -0.0187004    -0.0158304    -0.0132823    -0.0110469    -0.0091078    -0.0074437    -0.0060303    -0.0048420    -0.0038530    -0.0030381    -0.0023734    -0.0018367    -0.0014077    -0.0010685
    -0.0529890    -0.1045001    -0.1531568    -0.1977727    -0.2374167    -0.2714478    -0.2995211    -0.3215656    -0.3377439    -0.3484009    -0.3540085    -0.3551147    -0.3523000    -0.3461428    -0.3371950    -0.3259665    -0.3129160    -0.2984488    -0.2829166    -0.2666215    -0.2498200    -0.2327281    -0.2155269    -0.1983667    -0.1813724    -0.1646464    -0.1482727    -0.1323192    -0.1168405    -0.1018797    -0.0874701    -0.0736367    -0.0603975    -0.0477645    -0.0357447    -0.0243412    -0.0135542    -0.0033819     0.0061788     0.0151305     0.0234752     0.0312126     0.0383393     0.0448477     0.0507253     0.0559537     0.0605081     0.0643571     0.0674625     0.0697798     0.0712593     0.0718473     0.0714881     0.0701273     0.0677147     0.0642086     0.0595809     0.0538223     0.0469483     0.0390047     0.0300730     0.0202752     0.0097760    -0.0012167    -0.0124550    -0.0236576    -0.0345211    -0.0447344    -0.0539967    -0.0620369    -0.0686321    -0.0736241    -0.0769299    -0.0785470    -0.0785498    -0.0770810    -0.0743363    -0.0705465    -0.0659587    -0.0608190    -0.0553579    -0.0497799    -0.0442574    -0.0389275    -0.0338926    -0.0292236    -0.0249632    -0.0211312    -0.0177291    -0.0147448    -0.0121561    -0.0099347    -0.0080480    -0.0064619    -0.0051419    -0.0040543    -0.0031671    -0.0024509    -0.0018784    -0.0014257
    -0.0633985    -0.1251165    -0.1835802    -0.2374167    -0.2855257    -0.3271226    -0.3617501    -0.3892621    -0.4097853    -0.4236670    -0.4314163    -0.4336465    -0.4310244    -0.4242279    -0.4139150    -0.4007018    -0.3851499    -0.3677601    -0.3489716    -0.3291641    -0.3086624    -0.2877417    -0.2666337    -0.2455319    -0.2245973    -0.2039629    -0.1837377    -0.1640104    -0.1448527    -0.1263211    -0.1084600    -0.0913026    -0.0748732    -0.0591885    -0.0442587    -0.0300889    -0.0166803    -0.0040317     0.0078597     0.0189967     0.0293809     0.0390111     0.0478825     0.0559851     0.0633026     0.0698114     0.0754802     0.0802689     0.0841297     0.0870064     0.0888365     0.0895527     0.0890853     0.0873660     0.0843320     0.0799314     0.0741293     0.0669141     0.0583056     0.0483613     0.0371837     0.0249256     0.0117932    -0.0019531    -0.0160031    -0.0300050    -0.0435794    -0.0563373    -0.0679030    -0.0779376    -0.0861631    -0.0923820    -0.0964912    -0.0984879    -0.0984659    -0.0966040    -0.0931474    -0.0883851    -0.0826263    -0.0761790    -0.0693316    -0.0623400    -0.0554196    -0.0487417    -0.0424346    -0.0365865    -0.0312508    -0.0264522    -0.0221923    -0.0184557    -0.0152148    -0.0124339    -0.0100722    -0.0080868    -0.0064346    -0.0050734    -0.0039631    -0.0030667    -0.0023504    -0.0017839
    -0.0722154    -0.1426282    -0.2095395    -0.2714478    -0.3271226    -0.3756525    -0.4164647    -0.4493172    -0.4742674    -0.4916244    -0.5018913    -0.5057061    -0.5037857    -0.4968784    -0.4857255    -0.4710334    -0.4534560    -0.4335839    -0.4119409    -0.3889842    -0.3651083    -0.3406501    -0.3158946    -0.2910816    -0.2664113    -0.2420499    -0.2181344    -0.1947766    -0.1720670    -0.1500779    -0.1288658    -0.1084740    -0.0889343    -0.0702691    -0.0524925    -0.0356127    -0.0196326    -0.0045522     0.0096306     0.0229179     0.0353104     0.0468061     0.0573979     0.0670730     0.0758110     0.0835828     0.0903499     0.0960638     0.1006662     0.1040893     0.1062576     0.1070898     0.1065022     0.1044124     0.1007453     0.0954385     0.0884504     0.0797676     0.0694140     0.0574593     0.0440272     0.0293014     0.0135304    -0.0029731    -0.0198363    -0.0366366    -0.0529186    -0.0682155    -0.0820765    -0.0940954    -0.1039390    -0.1113709    -0.1162682    -0.1186283    -0.1185647    -0.1162927    -0.1121073    -0.1063559    -0.0994104    -0.0916407    -0.0833933    -0.0749754    -0.0666456    -0.0586098    -0.0510215    -0.0439866    -0.0375690    -0.0317980    -0.0266755    -0.0221827    -0.0182864    -0.0149432    -0.0121042    -0.0097179    -0.0077320    -0.0060960    -0.0047618    -0.0036846    -0.0028238    -0.0021431
    -0.0793671    -0.1568832    -0.2307923    -0.2995211    -0.3617501    -0.4164647    -0.4629814    -0.5009500    -0.5303319    -0.5513616    -0.5644951    -0.5703528    -0.5696632    -0.5632109    -0.5517933    -0.5361869    -0.5171231    -0.4952734    -0.4712410    -0.4455592    -0.4186924    -0.3910407    -0.3629454    -0.3346956    -0.3065338    -0.2786627    -0.2512499    -0.2244331    -0.1983244    -0.1730136    -0.1485716    -0.1250532    -0.1024991    -0.0809386    -0.0603914    -0.0408690    -0.0223775    -0.0049185     0.0115084     0.0269042     0.0412683     0.0545967     0.0668799     0.0781018     0.0882373     0.0972514     0.1050982     0.1117200     0.1170479     0.1210022     0.1234939     0.1244278     0.1237057     0.1212315     0.1169172     0.1106905     0.1025027     0.0923391     0.0802279     0.0662514     0.0505545     0.0333526     0.0149363    -0.0043287    -0.0240068    -0.0436047    -0.0625904    -0.0804196    -0.0965665    -0.1105576    -0.1220048    -0.1306333    -0.1363007    -0.1390051    -0.1388799    -0.1361776    -0.1312433    -0.1244833    -0.1163324    -0.1072226    -0.0975588    -0.0876997    -0.0779472    -0.0685413    -0.0596613    -0.0514305    -0.0439231    -0.0371731    -0.0311824    -0.0259287    -0.0213729    -0.0174643    -0.0141455    -0.0113561    -0.0090350    -0.0071229    -0.0055636    -0.0043048    -0.0032990    -0.0025036
    -0.0848608    -0.1678847    -0.2473174    -0.3215656    -0.3892621    -0.4493172    -0.5009500    -0.5436995    -0.5774148    -0.6022279    -0.6185118    -0.6268302    -0.6278835    -0.6224567    -0.6113723    -0.5954519    -0.5754861    -0.5522142    -0.5263112    -0.4983817    -0.4689590    -0.4385072    -0.4074259    -0.3760559    -0.3446856    -0.3135569    -0.2828715    -0.2527959    -0.2234663    -0.1949924    -0.1674618    -0.1409425    -0.1154861    -0.0911302    -0.0679008    -0.0458148    -0.0248817    -0.0051061     0.0135102     0.0309660     0.0472588     0.0623820     0.0763232     0.0890622     0.1005688     0.1108016     0.1197065     0.1272165     0.1332516     0.1377196     0.1405181     0.1415374     0.1406647     0.1377900     0.1328126     0.1256500     0.1162471     0.1045875     0.0907045     0.0746928     0.0567194     0.0370314     0.0159621    -0.0060695    -0.0285647    -0.0509590    -0.0726442    -0.0929981    -0.1114199    -0.1273694    -0.1404037    -0.1502099    -0.1566266    -0.1596531    -0.1594434    -0.1562875    -0.1505812    -0.1427902    -0.1334123    -0.1229422    -0.1118432    -0.1005258    -0.0893350    -0.0785454    -0.0683617    -0.0589244    -0.0503183    -0.0425816    -0.0357161    -0.0296962    -0.0244765    -0.0199989    -0.0161973    -0.0130024    -0.0103442    -0.0081545    -0.0063690    -0.0049277    -0.0037762    -0.0028656
    -0.0887684    -0.1757626    -0.2592777    -0.3377439    -0.4097853    -0.4742674    -0.5303319    -0.5774148    -0.6152478    -0.6438434    -0.6634648    -0.6745855    -0.6778415    -0.6739818    -0.6638211    -0.6481976    -0.6279388    -0.6038346    -0.5766202    -0.5469647    -0.5154664    -0.4826524    -0.4489814    -0.4148482    -0.3805894    -0.3464896    -0.3127875    -0.2796813    -0.2473342    -0.2158787    -0.1854210    -0.1560448    -0.1278142    -0.1007768    -0.0749667    -0.0504070    -0.0271121    -0.0050906     0.0156526     0.0351134     0.0532862     0.0701615     0.0857229     0.0999456     0.1127936     0.1242184     0.1341575     0.1425337     0.1492556     0.1542180     0.1573046     0.1583911     0.1573500     0.1540569     0.1483987     0.1402825     0.1296471     0.1164745     0.1008034     0.0827417     0.0624784     0.0402931     0.0165621    -0.0082419    -0.0335566    -0.0587463    -0.0831262    -0.1059962    -0.1266810    -0.1445732    -0.1591760    -0.1701387    -0.1772815    -0.1806052    -0.1802852    -0.1766496    -0.1701454    -0.1612981    -0.1506689    -0.1388157    -0.1262605    -0.1134655    -0.1008192    -0.0886304    -0.0771294    -0.0664740    -0.0567590    -0.0480270    -0.0402797    -0.0334875    -0.0275991    -0.0225483    -0.0182607    -0.0146577    -0.0116602    -0.0091914    -0.0071784    -0.0055536    -0.0042555    -0.0032292
    -0.0912084    -0.1807403    -0.2669748    -0.3484009    -0.4236670    -0.4916244    -0.5513616    -0.6022279    -0.6438434    -0.6760958    -0.6991227    -0.7132827    -0.7191167    -0.7173047    -0.7086203    -0.6938883    -0.6739466    -0.6496157    -0.6216752    -0.5908480    -0.5577911    -0.5230913    -0.4872654    -0.4507630    -0.4139712    -0.3772196    -0.3407869    -0.3049060    -0.2697700    -0.2355368    -0.2023340    -0.1702630    -0.1394024    -0.1098119    -0.0815352    -0.0546029    -0.0290359    -0.0048476     0.0179526     0.0393567     0.0593554     0.0779350     0.0950747     0.1107441     0.1249007     0.1374883     0.1484352     0.1576536     0.1650399     0.1704757     0.1738302     0.1749640     0.1737349     0.1700040     0.1636454     0.1545563     0.1426690     0.1279649     0.1104879     0.0903596     0.0677916     0.0430965     0.0166940    -0.0108888    -0.0390260    -0.0670100    -0.0940795    -0.1194564    -0.1423907    -0.1622086    -0.1783593    -0.1904551    -0.1982982    -0.2018918    -0.2014331    -0.1972888    -0.1899580    -0.1800265    -0.1681195    -0.1548581    -0.1408234    -0.1265295    -0.1124086    -0.0988038    -0.0859707    -0.0740842    -0.0632493    -0.0535128    -0.0448757    -0.0373047    -0.0307421    -0.0251139    -0.0203366    -0.0163226    -0.0129836    -0.0102338    -0.0079919    -0.0061826    -0.0047372    -0.0035944
    -0.0923290    -0.1831012    -0.2708034    -0.3540085    -0.4314163    -0.5018913    -0.5644951    -0.6185118    -0.6634648    -0.6991227    -0.7254931    -0.7428055    -0.7514837    -0.7521106    -0.7453886    -0.7320986    -0.7130615    -0.6891040    -0.6610315    -0.6296062    -0.5955340    -0.5594553    -0.5219421    -0.4834981    -0.4445612    -0.4055083    -0.3666603    -0.3282876    -0.2906159    -0.2538314    -0.2180856    -0.1834998    -0.1501698    -0.1181688    -0.0875521    -0.0583596    -0.0306197    -0.0043525     0.0204273     0.0437068     0.0654716     0.0857032     0.1043751     0.1214508     0.1368804     0.1505991     0.1625253     0.1725600     0.1805867     0.1864732     0.1900738     0.1912339     0.1897957     0.1856060     0.1785261     0.1684430     0.1552832     0.1390272     0.1197250     0.0975119     0.0726231     0.0454044     0.0163198    -0.0140492    -0.0450121    -0.0757895    -0.1055430    -0.1334168    -0.1585863    -0.1803114    -0.1979879    -0.2111914    -0.2197068    -0.2235404    -0.2229120    -0.2182278    -0.2100393    -0.1989932    -0.1857793    -0.1710826    -0.1555431    -0.1397275    -0.1241114    -0.1090722    -0.0948908    -0.0817595    -0.0697928    -0.0590416    -0.0495063    -0.0411495    -0.0339069    -0.0276965    -0.0224258    -0.0179978    -0.0143149    -0.0112822    -0.0088099    -0.0068148    -0.0052212    -0.0039615
    -0.0922928    -0.1831602    -0.2712097    -0.3551147    -0.4336465    -0.5057061    -0.5703528    -0.6268302    -0.6745855    -0.7132827    -0.7428055    -0.7632512    -0.7749140    -0.7782600    -0.7738949    -0.7625279    -0.7449351    -0.7219241    -0.6943034    -0.6628575    -0.6283274    -0.5913982    -0.5526911    -0.5127611    -0.4720962    -0.4311211    -0.3902005    -0.3496448    -0.3097147    -0.2706272    -0.2325602    -0.1956579    -0.1600348    -0.1257803    -0.0929629    -0.0616335    -0.0318299    -0.0035799     0.0230949     0.0481754     0.0716413     0.0934678     0.1136222     0.1320605     0.1487248     0.1635406     0.1764158     0.1872391     0.1958808     0.2021941     0.2060179     0.2071817     0.2055122     0.2008415     0.1930178     0.1819185     0.1674639     0.1496342     0.1284858     0.1041686     0.0769413     0.0471841     0.0154056    -0.0177574    -0.0515498    -0.0851197    -0.1175517    -0.1479118    -0.1753011    -0.1989136    -0.2180921    -0.2323760    -0.2415338    -0.2455755    -0.2447443    -0.2394864    -0.2304068    -0.2182136    -0.2036619    -0.1875005    -0.1704294    -0.1530675    -0.1359340    -0.1194409    -0.1038943    -0.0895032    -0.0763921    -0.0646156    -0.0541732    -0.0450232    -0.0370945    -0.0302969    -0.0245288    -0.0196836    -0.0156542    -0.0123366    -0.0096325    -0.0074505    -0.0057078    -0.0043303
    -0.0912653    -0.1812398    -0.2686572    -0.3523000    -0.4310244    -0.5037857    -0.5696632    -0.6278835    -0.6778415    -0.7191167    -0.7514837    -0.7749140    -0.7895702    -0.7957905    -0.7940661    -0.7850116    -0.7693323    -0.7477912    -0.7211765    -0.6902739    -0.6558434    -0.6186019    -0.5792116    -0.5382729    -0.4963214    -0.4538284    -0.4112034    -0.3687977    -0.3269095    -0.2857886    -0.2456421    -0.2066390    -0.1689152    -0.1325784    -0.0977121    -0.0643804    -0.0326318    -0.0025036     0.0259744     0.0527755     0.0778722     0.1012324     0.1228158     0.1425701     0.1604281     0.1763050     0.1900970     0.2016799     0.2109100     0.2176249     0.2216479     0.2227920     0.2208679     0.2156928     0.2071020     0.1949627     0.1791898     0.1597633     0.1367465     0.1103043     0.0807198     0.0484080     0.0139229    -0.0220430    -0.0586691    -0.0950308    -0.1301353    -0.1629708    -0.1925639    -0.2180428    -0.2386981    -0.2540336    -0.2638020    -0.2680180    -0.2669486    -0.2610815    -0.2510753    -0.2377007    -0.2217781    -0.2041214    -0.1854901    -0.1665559    -0.1478819    -0.1299143    -0.1129845    -0.0973182    -0.0830494    -0.0702364    -0.0588775    -0.0489265    -0.0403054    -0.0329155    -0.0266459    -0.0213802    -0.0170017    -0.0133973    -0.0104596    -0.0080896    -0.0061969    -0.0047009
    -0.0894059    -0.1776532    -0.2636007    -0.3461428    -0.4242279    -0.4968784    -0.5632109    -0.6224567    -0.6739818    -0.7173047    -0.7521106    -0.7782600    -0.7957905    -0.8049114    -0.8059895    -0.7995282    -0.7861415    -0.7665237    -0.7414189    -0.7115920    -0.6778027    -0.6407846    -0.6012286    -0.5597725    -0.5169941    -0.4734088    -0.4294695    -0.3855693    -0.3420446    -0.2991805    -0.2572150    -0.2163442    -0.1767278    -0.1384938    -0.1017430    -0.0665543    -0.0329890    -0.0010953     0.0290869     0.0575221     0.0841742     0.1090026     0.1319580     0.1529788     0.1719872     0.1888874     0.2035626     0.2158749     0.2256655     0.2327563     0.2369535     0.2380536     0.2358508     0.2301470     0.2207645     0.2075606     0.1904448     0.1693972     0.1444884     0.1158990     0.0839375     0.0490539     0.0118484    -0.0269297    -0.0663943    -0.1055473    -0.1433186    -0.1786180    -0.2103980    -0.2377217    -0.2598274    -0.2761844    -0.2865300    -0.2908846    -0.2895403    -0.2830264    -0.2720566    -0.2574644    -0.2401367    -0.2209522    -0.2007310    -0.1801975    -0.1599587    -0.1404952    -0.1221635    -0.1052060    -0.0897659    -0.0759048    -0.0636198    -0.0528599    -0.0435400    -0.0355525    -0.0287771    -0.0230876    -0.0183575    -0.0144640    -0.0112913    -0.0087320    -0.0066883    -0.0050733
    -0.0868630    -0.1726928    -0.2564687    -0.3371950    -0.4139150    -0.4857255    -0.5517933    -0.6113723    -0.6638211    -0.7086203    -0.7453886    -0.7738949    -0.7940661    -0.8059895    -0.8099066    -0.8062015    -0.7953812    -0.7780522    -0.7548924    -0.7266238    -0.6939853    -0.6577087    -0.6184996    -0.5770217    -0.5338874    -0.4896507    -0.4448056    -0.3997856    -0.3549660    -0.3106677    -0.2671616    -0.2246731    -0.1833876    -0.1434552    -0.1049965    -0.0681071    -0.0328628     0.0006752     0.0324558     0.0624327     0.0905598     0.1167867     0.1410539     0.1632889     0.1834026     0.2012863     0.2168098     0.2298203     0.2401430     0.2475828     0.2519289     0.2529601     0.2504537     0.2441963     0.2339967     0.2197026     0.2012181     0.1785239     0.1516986     0.1209390     0.0865791     0.0491056     0.0091652    -0.0324354    -0.0747437    -0.1166880    -0.1571202    -0.1948719    -0.2288217    -0.2579676    -0.2814964    -0.2988434    -0.3097318    -0.3141880    -0.3125303    -0.3053309    -0.2933589    -0.2775118    -0.2587432    -0.2379976    -0.2161556    -0.1939949    -0.1721664    -0.1511851    -0.1314324    -0.1131671    -0.0965418    -0.0816209    -0.0684000    -0.0568232    -0.0467979    -0.0382076    -0.0309223    -0.0248056    -0.0197211    -0.0155367    -0.0121274    -0.0093776    -0.0071821    -0.0054474
    -0.0837701    -0.1666237    -0.2476526    -0.3259665    -0.4007018    -0.4710334    -0.5361869    -0.5954519    -0.6481976    -0.6938883    -0.7320986    -0.7625279    -0.7850116    -0.7995282    -0.8062015    -0.8052951    -0.7972018    -0.7824259    -0.7615615    -0.7352670    -0.7042397    -0.6691907    -0.6308227    -0.5898122    -0.5467951    -0.5023569    -0.4570274    -0.4112780    -0.3655217    -0.3201158    -0.2753644    -0.2315240    -0.1888074    -0.1473891    -0.1074112    -0.0689880    -0.0322118     0.0028415     0.0361076     0.0675280     0.0970451     0.1245969     0.1501124     0.1735069     0.1946785     0.2135047     0.2298404     0.2435170     0.2543424     0.2621042     0.2665731     0.2675100     0.2646749     0.2578382     0.2467956     0.2313849     0.2115051     0.1871381     0.1583705     0.1254163     0.0886361     0.0485533     0.0058627    -0.0385715    -0.0837294    -0.1284652    -0.1715526    -0.2117449    -0.2478469    -0.2787918    -0.3037158    -0.3220206    -0.3334161    -0.3379360    -0.3359255    -0.3280005    -0.3149868    -0.2978462    -0.2776002    -0.2552593    -0.2317652    -0.2079489    -0.1845053    -0.1619837    -0.1407906    -0.1212010    -0.1033763    -0.0873839    -0.0732174    -0.0608157    -0.0500785    -0.0408802    -0.0330807    -0.0265336    -0.0210924    -0.0166151    -0.0129677    -0.0100262    -0.0076781    -0.0058229
    -0.0802453    -0.1596807    -0.2375017    -0.3129160    -0.3851499    -0.4534560    -0.5171231    -0.5754861    -0.6279388    -0.6739466    -0.7130615    -0.7449351    -0.7693323    -0.7861415    -0.7953812    -0.7972018    -0.7918811    -0.7798145    -0.7614991    -0.7375130    -0.7084928    -0.6751094    -0.6380448    -0.5979720    -0.5555374    -0.5113482    -0.4659626    -0.4198852    -0.3735641    -0.3273914    -0.2817052    -0.2367934    -0.1928977    -0.1502189    -0.1089221    -0.0691424    -0.0309906     0.0054410     0.0400730     0.0728331     0.1036502     0.1324494     0.1591465     0.1836434     0.2058237     0.2255500     0.2426610     0.2569706     0.2682692     0.2763254     0.2808909     0.2817079     0.2785182     0.2710764     0.2591644     0.2426101     0.2213077     0.1952406     0.1645042     0.1293301     0.0901065     0.0473944     0.0019371    -0.0453423    -0.0933562    -0.1408841    -0.1866213    -0.2292425    -0.2674790    -0.3001996    -0.3264902    -0.3457200    -0.3575862    -0.3621311    -0.3597275    -0.3510362    -0.3369405    -0.3184676    -0.2967071    -0.2727363    -0.2475582    -0.2220575    -0.1969732    -0.1728891    -0.1502362    -0.1293057    -0.1102677    -0.0931920    -0.0780704    -0.0648360    -0.0533805    -0.0435692    -0.0352517    -0.0282710    -0.0224705    -0.0176984    -0.0138116    -0.0106774    -0.0081759    -0.0061998
    -0.0763911    -0.1520683    -0.2263216    -0.2984488    -0.3677601    -0.4335839    -0.4952734    -0.5522142    -0.6038346    -0.6496157    -0.6891040    -0.7219241    -0.7477912    -0.7665237    -0.7780522    -0.7824259    -0.7798145    -0.7705041    -0.7548881    -0.7334524    -0.7067573    -0.6754154    -0.6400699    -0.6013733    -0.5599676    -0.5164689    -0.4714547    -0.4254558    -0.3789506    -0.3323636    -0.2860658    -0.2403762    -0.1955664    -0.1518644    -0.1094602    -0.0685115    -0.0291493     0.0085158     0.0443875     0.0783776     0.1104002     0.1403656     0.1681748     0.1937145     0.2168528     0.2374354     0.2552835     0.2701930     0.2819346     0.2902574     0.2948931     0.2955642     0.2919943     0.2839210     0.2711126     0.2533872     0.2306344     0.2028392     0.1701068     0.1326868     0.0909957     0.0456333    -0.0026077    -0.0527448    -0.1036217    -0.1539429    -0.2023246    -0.2473633    -0.2877165    -0.3221893    -0.3498177    -0.3699393    -0.3822396    -0.3867702    -0.3839330    -0.3744344    -0.3592161    -0.3393715    -0.3160593    -0.2904239    -0.2635301    -0.2363164    -0.2095661    -0.1838972    -0.1597655    -0.1374779    -0.1172129    -0.0990428    -0.0829567    -0.0688820    -0.0567023    -0.0462732    -0.0374338    -0.0300167    -0.0238547    -0.0187862    -0.0146586    -0.0113309    -0.0086753    -0.0065777
    -0.0722949    -0.1439621    -0.2143761    -0.2829166    -0.3489716    -0.4119409    -0.4712410    -0.5263112    -0.5766202    -0.6216752    -0.6610315    -0.6943034    -0.7211765    -0.7414189    -0.7548924    -0.7615615    -0.7614991    -0.7548881    -0.7420181    -0.7232768    -0.6991367    -0.6701377    -0.6368674    -0.5999405    -0.5599787    -0.5175929    -0.4733680    -0.4278519    -0.3815469    -0.3349056    -0.2883287    -0.2421658    -0.1967180    -0.1522413    -0.1089518    -0.0670312    -0.0266324     0.0121138     0.0490923     0.0841975     0.1173264     0.1483730     0.1772217     0.2037425     0.2277860     0.2491800     0.2677266     0.2832019     0.2953562     0.3039175     0.3085968     0.3090962     0.3051200     0.2963888     0.2826570     0.2637326     0.2395010     0.2099492     0.1751926     0.1354999     0.0913166     0.0432823    -0.0077604    -0.0607681    -0.1145157    -0.1676317    -0.2186532    -0.2660981    -0.3085504    -0.3447518    -0.3736893    -0.3946694    -0.4073672    -0.4118444    -0.4085328    -0.3981859    -0.3818046    -0.3605494    -0.3356485    -0.3083141    -0.2796734    -0.2507185    -0.2222774    -0.1950021    -0.1693730    -0.1457127    -0.1242076    -0.1049322    -0.0878729    -0.0729509    -0.0600414    -0.0489901    -0.0396254    -0.0317693    -0.0252439    -0.0198775    -0.0155080    -0.0119860    -0.0091757    -0.0069564
    -0.0680312    -0.1355111    -0.2018901    -0.2666215    -0.3291641    -0.3889842    -0.4455592    -0.4983817    -0.5469647    -0.5908480    -0.6296062    -0.6628575    -0.6902739    -0.7115920    -0.7266238    -0.7352670    -0.7375130    -0.7334524    -0.7232768    -0.7072754    -0.6858272    -0.6593888    -0.6284785    -0.5936575    -0.5555110    -0.5146297    -0.4715926    -0.4269535    -0.3812300    -0.3348962    -0.2883787    -0.2420550    -0.1962545    -0.1512612    -0.1073180    -0.0646314    -0.0233781     0.0162894     0.0542355     0.0903352     0.1244667     0.1565058     0.1863185     0.2137563     0.2386508     0.2608099     0.2800154     0.2960220     0.3085583     0.3173301     0.3220264     0.3223281     0.3179196     0.3085040     0.2938212     0.2736698     0.2479305     0.2165932     0.1797838     0.1377910     0.0910901     0.0403613    -0.0135014    -0.0693935    -0.1260199    -0.1819327    -0.2355896    -0.2854297    -0.3299638    -0.3678706    -0.3980887    -0.4198944    -0.4329531    -0.4373379    -0.4335119    -0.4222762    -0.4046921    -0.3819878    -0.3554620    -0.3263952    -0.2959769    -0.2652538    -0.2350979    -0.2061956    -0.1790514    -0.1540035    -0.1312462    -0.1108555    -0.0928149    -0.0770392    -0.0633949    -0.0517174    -0.0418246    -0.0335272    -0.0266368    -0.0209712    -0.0163591    -0.0126420    -0.0096767    -0.0073353
    -0.0636621    -0.1268409    -0.1890537    -0.2498200    -0.3086624    -0.3651083    -0.4186924    -0.4689590    -0.5154664    -0.5577911    -0.5955340    -0.6283274    -0.6558434    -0.6778027    -0.6939853    -0.7042397    -0.7084928    -0.7067573    -0.6991367    -0.6858272    -0.6671141    -0.6433655    -0.6150203    -0.5825734    -0.5465587    -0.5075316    -0.4660507    -0.4226632    -0.3778915    -0.3322231    -0.2861044    -0.2399368    -0.1940755    -0.1488315    -0.1044742    -0.0612358    -0.0193177     0.0211044     0.0598727     0.0968409     0.1318669     0.1648059     0.1955041     0.2237926     0.2494819     0.2723587     0.2921826     0.3086854     0.3215725     0.3305265     0.3352132     0.3352912     0.3304243     0.3202976     0.3046364     0.2832294     0.2559534     0.2228012     0.1839099     0.1395891     0.0903448     0.0368986    -0.0198031    -0.0785939    -0.1381077    -0.1968198    -0.2531079    -0.3053327    -0.3519317    -0.3915210    -0.4229915    -0.4455903    -0.4589742    -0.4632286    -0.4588487    -0.4466846    -0.4278588    -0.4036682    -0.3754826    -0.3446511    -0.3124263    -0.2799089    -0.2480157    -0.2174670    -0.1887914    -0.1623423    -0.1383215    -0.1168065    -0.0977775    -0.0811425    -0.0667590    -0.0544522    -0.0440287    -0.0352883    -0.0280316    -0.0220660    -0.0172106    -0.0132983    -0.0101777    -0.0077141
    -0.0592399    -0.1180564    -0.1760264    -0.2327281    -0.2877417    -0.3406501    -0.3910407    -0.4385072    -0.4826524    -0.5230913    -0.5594553    -0.5913982    -0.6186019    -0.6407846    -0.6577087    -0.6691907    -0.6751094    -0.6754154    -0.6701377    -0.6593888    -0.6433655    -0.6223470    -0.5966877    -0.5668071    -0.5331757    -0.4962993    -0.4567024    -0.4149119    -0.3714429    -0.3267865    -0.2814012    -0.2357062    -0.1900792    -0.1448556    -0.1003302    -0.0567611    -0.0143747     0.0266288     0.0660679     0.1037735     0.1395810     0.1733238     0.2048259     0.2338960     0.2603222     0.2838678     0.3042684     0.3212316     0.3344382     0.3435457     0.3481958     0.3480240     0.3426725     0.3318080     0.3151408     0.2924497     0.2636076     0.2286107     0.1876083     0.1409311     0.0891171     0.0329303    -0.0266299    -0.0883338    -0.1507439    -0.2122581    -0.2711739    -0.3257730    -0.3744204    -0.4156699    -0.4483655    -0.4717257    -0.4853997    -0.4894866    -0.4845148    -0.4713841    -0.4512794    -0.4255671    -0.3956883    -0.3630618    -0.3290030    -0.2946674    -0.2610160    -0.2288031    -0.1985813    -0.1707188    -0.1454248    -0.1227778    -0.1027543    -0.0852554    -0.0701294    -0.0571907    -0.0462349    -0.0370503    -0.0294264    -0.0231604    -0.0180615    -0.0139538    -0.0106779    -0.0080921
    -0.0548077    -0.1092448    -0.1629410    -0.2155269    -0.2666337    -0.3158946    -0.3629454    -0.4074259    -0.4489814    -0.4872654    -0.5219421    -0.5526911    -0.5792116    -0.6012286    -0.6184996    -0.6308227    -0.6380448    -0.6400699    -0.6368674    -0.6284785    -0.6150203    -0.5966877    -0.5737507    -0.5465484    -0.5154791    -0.4809880    -0.4435519    -0.4036642    -0.3618201    -0.3185031    -0.2741739    -0.2292628    -0.1841640    -0.1392339    -0.0947907    -0.0511172    -0.0084648     0.0329410     0.0728940     0.1112007     0.1476725     0.1821189     0.2143399     0.2441202     0.2712231     0.2953867     0.3163213     0.3337083     0.3472020     0.3564339     0.3610203     0.3605722     0.3547099     0.3430806     0.3253796     0.3013756     0.2709379     0.2340666     0.1909234     0.1418614     0.0874512     0.0285002    -0.0339379    -0.0985696    -0.1638851    -0.2282043    -0.2897443    -0.3467080    -0.3973877    -0.4402757    -0.4741696    -0.4982606    -0.5121911    -0.5160750    -0.5104748    -0.4963413    -0.4749225    -0.4476549    -0.4160522    -0.3816024    -0.3456847    -0.3095090    -0.2740808    -0.2401881    -0.2084073    -0.1791212    -0.1525459    -0.1287606    -0.1077380    -0.0893718    -0.0735009    -0.0599287    -0.0484396    -0.0388102    -0.0308191    -0.0242527    -0.0189104    -0.0146074    -0.0111765    -0.0084688
    -0.0504011    -0.1004783    -0.1499079    -0.1983667    -0.2455319    -0.2910816    -0.3346956    -0.3760559    -0.4148482    -0.4507630    -0.4834981    -0.5127611    -0.5382729    -0.5597725    -0.5770217    -0.5898122    -0.5979720    -0.6013733    -0.5999405    -0.5936575    -0.5825734    -0.5668071    -0.5465484    -0.5220558    -0.4936511    -0.4617104    -0.4266524    -0.3889245    -0.3489894    -0.3073108    -0.2643414    -0.2205133    -0.1762307    -0.1318654    -0.0877557    -0.0442073    -0.0014957     0.0401284     0.0804333     0.1192000     0.1562144     0.1912603     0.2241118     0.2545276     0.2822446     0.3069738     0.3283979     0.3461705     0.3599182     0.3692448     0.3737396     0.3729884     0.3665885     0.3541672     0.3354045     0.3100588     0.2779958     0.2392201     0.1939066     0.1424313     0.0853985     0.0236600    -0.0416755    -0.1092495    -0.1774794    -0.2446066    -0.3087675    -0.3680861    -0.4207825    -0.4652878    -0.5003544    -0.5251466    -0.5393016    -0.5429486    -0.5366857    -0.5215155    -0.4987499    -0.4698965    -0.4365416    -0.4002434    -0.3624447    -0.3244099    -0.2871889    -0.2516035    -0.2182532    -0.1875354    -0.1596726    -0.1347446    -0.1127199    -0.0934845    -0.0768675    -0.0626614    -0.0506389    -0.0405651    -0.0322070    -0.0253407    -0.0197556    -0.0152580    -0.0116725    -0.0088434
    -0.0460494    -0.0918163    -0.1370181    -0.1813724    -0.2245973    -0.2664113    -0.3065338    -0.3446856    -0.3805894    -0.4139712    -0.4445612    -0.4720962    -0.4963214    -0.5169941    -0.5338874    -0.5467951    -0.5555374    -0.5599676    -0.5599787    -0.5555110    -0.5465587    -0.5331757    -0.5154791    -0.4936511    -0.4679366    -0.4386386    -0.4061096    -0.3707414    -0.3329522    -0.2931743    -0.2518410    -0.2093761    -0.1661853    -0.1226497    -0.0791227    -0.0359293     0.0066322     0.0482868     0.0887775     0.1278586     0.1652894     0.2008265     0.2342166     0.2651901     0.2934556     0.3186953     0.3405625     0.3586811     0.3726482     0.3820384     0.3864130     0.3853312     0.3783665     0.3651257     0.3452729     0.3185563     0.2848384     0.2441285     0.1966152     0.1426984     0.0830169     0.0184679    -0.0497838    -0.1203143    -0.1914673    -0.2614050    -0.3281832    -0.3898471    -0.4445448    -0.4906470    -0.5268614    -0.5523269    -0.5666758    -0.5700544    -0.5630969    -0.5468590    -0.5227172    -0.4922505    -0.4571187    -0.4189504    -0.3792518    -0.3393423    -0.3003158    -0.2630275    -0.2281003    -0.1959452    -0.1667912    -0.1407183    -0.1176902    -0.0975853    -0.0802226    -0.0653833    -0.0528284    -0.0423112    -0.0335874    -0.0264223    -0.0205955    -0.0159041    -0.0121650    -0.0092152
    -0.0417768    -0.0833075    -0.1243461    -0.1646464    -0.2039629    -0.2420499    -0.2786627    -0.3135569    -0.3464896    -0.3772196    -0.4055083    -0.4311211    -0.4538284    -0.4734088    -0.4896507    -0.5023569    -0.5113482    -0.5164689    -0.5175929    -0.5146297    -0.5075316    -0.4962993    -0.4809880    -0.4617104    -0.4386386    -0.4120019    -0.3820833    -0.3492111    -0.3137501    -0.2760899    -0.2366332    -0.1957853    -0.1539434    -0.1114903    -0.0687883    -0.0261774     0.0160247     0.0575201     0.0980269     0.1372730     0.1749899     0.2109058     0.2447383     0.2761882     0.3049336     0.3306258     0.3528870     0.3713098     0.3854597     0.3948811     0.3991054     0.3976644     0.3901068     0.3760183     0.3550467     0.3269300     0.2915275     0.2488536     0.1991115     0.1427255     0.0803700     0.0129884    -0.0581978    -0.1316978    -0.2057815    -0.2785317    -0.3479230    -0.4119222    -0.4686059    -0.5162851    -0.5536235    -0.5797356    -0.5942501    -0.5973310    -0.5896502    -0.5723167    -0.5467727    -0.5146693    -0.4777399    -0.4376835    -0.3960704    -0.3542744    -0.3134335    -0.2744358    -0.2379272    -0.2043323    -0.1738862    -0.1466684    -0.1226379    -0.1016650    -0.0835585    -0.0680881    -0.0550030    -0.0440445    -0.0349570    -0.0274949    -0.0214279    -0.0165443    -0.0126527    -0.0095832
    -0.0376027    -0.0749916    -0.1119528    -0.1482727    -0.1837377    -0.2181344    -0.2512499    -0.2828715    -0.3127875    -0.3407869    -0.3666603    -0.3902005    -0.4112034    -0.4294695    -0.4448056    -0.4570274    -0.4659626    -0.4714547    -0.4733680    -0.4715926    -0.4660507    -0.4567024    -0.4435519    -0.4266524    -0.4061096    -0.3820833    -0.3547861    -0.3244798    -0.2914685    -0.2560904    -0.2187076    -0.1796957    -0.1394344    -0.0982984    -0.0566520    -0.0148442     0.0267918     0.0679384     0.1082898     0.1475482     0.1854171     0.2215953     0.2557700     0.2876107     0.3167634     0.3428467     0.3654498     0.3841320     0.3984260     0.4078437     0.4118859     0.4100557     0.4018759     0.3869106     0.3647909     0.3352446     0.2981279     0.2534607     0.2014612     0.1425794     0.0775256     0.0072905    -0.0668466    -0.1433280    -0.2203486    -0.2959118    -0.3679110    -0.4342349    -0.4928891    -0.5421254    -0.5805649    -0.6072983    -0.6219521    -0.6247089    -0.6162790    -0.5978260    -0.5708579    -0.5370986    -0.4983554    -0.4563979    -0.4128602    -0.3691704    -0.3265101    -0.2858006    -0.2477100    -0.2126762    -0.1809399    -0.1525801    -0.1275506    -0.1057134    -0.0868668    -0.0707690    -0.0571571    -0.0457605    -0.0363122    -0.0285557    -0.0222508    -0.0171768    -0.0131343    -0.0099465
    -0.0335428    -0.0669004    -0.0998875    -0.1323192    -0.1640104    -0.1947766    -0.2244331    -0.2527959    -0.2796813    -0.3049060    -0.3282876    -0.3496448    -0.3687977    -0.3855693    -0.3997856    -0.4112780    -0.4198852    -0.4254558    -0.4278519    -0.4269535    -0.4226632    -0.4149119    -0.4036642    -0.3889245    -0.3707414    -0.3492111    -0.3244798    -0.2967421    -0.2662383    -0.2332489    -0.1980867    -0.1610887    -0.1226063    -0.0829975    -0.0426198    -0.0018245     0.0390453     0.0796557     0.1196803     0.1587963     0.1966797     0.2329997     0.2674121     0.2995536     0.3290366     0.3554455     0.3783344     0.3972278     0.4116237     0.4210003     0.4248262     0.4225747     0.4137418     0.3978695     0.3745718     0.3435660     0.3047056     0.2580163     0.2037321     0.1423290     0.0745543     0.0014469    -0.0756556    -0.1551278    -0.2350894    -0.3134641    -0.3880644    -0.4567011    -0.5173093    -0.5680830    -0.6076012    -0.6349321    -0.6497009    -0.6521102    -0.6429091    -0.6233165    -0.5949072    -0.5594779    -0.5189098    -0.4750432    -0.4295759    -0.3839900    -0.3395105    -0.2970912    -0.2574220    -0.2209541    -0.1879330    -0.1584371    -0.1324147    -0.1097191    -0.0901382    -0.0734184    -0.0592846    -0.0474544    -0.0376492    -0.0296017    -0.0230618    -0.0177998    -0.0136085    -0.0103039
