    -0.0000074    -0.0000292    -0.0000635    -0.0001080    -0.0001596    -0.0002149    -0.0002709    -0.0003246    -0.0003739    -0.0004172    -0.0004534    -0.0004822    -0.0005037    -0.0005184    -0.0005269    -0.0005301    -0.0005289    -0.0005240    -0.0005164    -0.0005067    -0.0004955    -0.0004833    -0.0004705    -0.0004576    -0.0004446    -0.0004319    -0.0004194    -0.0004074    -0.0003958    -0.0003847    -0.0003740    -0.0003637    -0.0003539    -0.0003445    -0.0003354    -0.0003267    -0.0003182    -0.0003100    -0.0003020    -0.0002942    -0.0002865    -0.0002790    -0.0002716    -0.0002643    -0.0002571    -0.0002499    -0.0002428    -0.0002356    -0.0002285    -0.0002213    -0.0002140    -0.0002066    -0.0001990    -0.0001911    -0.0001830    -0.0001744    -0.0001653    -0.0001556    -0.0001452    -0.0001341    -0.0001220    -0.0001090    -0.0000948    -0.0000796    -0.0000632    -0.0000456    -0.0000269    -0.0000071     0.0000136     0.0000349     0.0000568     0.0000788     0.0001005     0.0001217     0.0001417     0.0001603     0.0001770     0.0001914     0.0002032     0.0002121     0.0002181     0.0002211     0.0002211     0.0002184     0.0002133     0.0002060     0.0001971     0.0001868     0.0001757     0.0001639     0.0001519     0.0001399     0.0001281     0.0001167     0.0001057     0.0000953     0.0000856     0.0000764     0.0000679     0.0000600
    -0.0000292    -0.0001144    -0.0002494    -0.0004243    -0.0006274    -0.0008457    -0.0010669    -0.0012798    -0.0014757    -0.0016481    -0.0017930    -0.0019089    -0.0019961    -0.0020561    -0.0020917    -0.0021061    -0.0021026    -0.0020848    -0.0020556    -0.0020179    -0.0019742    -0.0019265    -0.0018764    -0.0018253    -0.0017741    -0.0017236    -0.0016743    -0.0016265    -0.0015804    -0.0015361    -0.0014937    -0.0014529    -0.0014138    -0.0013762    -0.0013401    -0.0013051    -0.0012713    -0.0012385    -0.0012065    -0.0011753    -0.0011447    -0.0011147    -0.0010851    -0.0010560    -0.0010271    -0.0009985    -0.0009700    -0.0009415    -0.0009130    -0.0008843    -0.0008552    -0.0008255    -0.0007951    -0.0007637    -0.0007310    -0.0006967    -0.0006603    -0.0006216    -0.0005802    -0.0005355    -0.0004873    -0.0004352    -0.0003788    -0.0003178    -0.0002522    -0.0001819    -0.0001070    -0.0000280     0.0000547     0.0001402     0.0002275     0.0003154     0.0004024     0.0004869     0.0005672     0.0006416     0.0007083     0.0007659     0.0008130     0.0008487     0.0008726     0.0008844     0.0008845     0.0008738     0.0008532     0.0008243     0.0007885     0.0007474     0.0007027     0.0006557     0.0006076     0.0005596     0.0005125     0.0004667     0.0004229     0.0003814     0.0003422     0.0003056     0.0002716     0.0002402
    -0.0000635    -0.0002494    -0.0005440    -0.0009266    -0.0013717    -0.0018516    -0.0023395    -0.0028111    -0.0032469    -0.0036325    -0.0039588    -0.0042218    -0.0044216    -0.0045615    -0.0046471    -0.0046852    -0.0046832    -0.0046484    -0.0045878    -0.0045077    -0.0044135    -0.0043098    -0.0042003    -0.0040880    -0.0039752    -0.0038635    -0.0037543    -0.0036481    -0.0035456    -0.0034470    -0.0033522    -0.0032612    -0.0031739    -0.0030898    -0.0030088    -0.0029306    -0.0028548    -0.0027812    -0.0027095    -0.0026394    -0.0025708    -0.0025034    -0.0024371    -0.0023716    -0.0023068    -0.0022425    -0.0021785    -0.0021145    -0.0020505    -0.0019860    -0.0019206    -0.0018540    -0.0017857    -0.0017152    -0.0016416    -0.0015645    -0.0014828    -0.0013959    -0.0013027    -0.0012024    -0.0010940    -0.0009768    -0.0008499    -0.0007129    -0.0005653    -0.0004073    -0.0002390    -0.0000613     0.0001246     0.0003169     0.0005133     0.0007110     0.0009066     0.0010967     0.0012773     0.0014445     0.0015946     0.0017240     0.0018299     0.0019103     0.0019638     0.0019903     0.0019906     0.0019663     0.0019201     0.0018549     0.0017743     0.0016819     0.0015812     0.0014754     0.0013673     0.0012593     0.0011531     0.0010503     0.0009517     0.0008582     0.0007701     0.0006877     0.0006112     0.0005405
    -0.0001080    -0.0004243    -0.0009266    -0.0015805    -0.0023436    -0.0031697    -0.0040133    -0.0048333    -0.0055957    -0.0062751    -0.0068550    -0.0073273    -0.0076911    -0.0079512    -0.0081163    -0.0081977    -0.0082079    -0.0081593    -0.0080641    -0.0079330    -0.0077757    -0.0076002    -0.0074134    -0.0072205    -0.0070257    -0.0068322    -0.0066420    -0.0064569    -0.0062776    -0.0061047    -0.0059383    -0.0057783    -0.0056244    -0.0054762    -0.0053333    -0.0051951    -0.0050611    -0.0049309    -0.0048040    -0.0046799    -0.0045584    -0.0044390    -0.0043214    -0.0042053    -0.0040904    -0.0039764    -0.0038629    -0.0037496    -0.0036360    -0.0035215    -0.0034056    -0.0032875    -0.0031664    -0.0030412    -0.0029107    -0.0027738    -0.0026289    -0.0024746    -0.0023092    -0.0021311    -0.0019388    -0.0017306    -0.0015053    -0.0012620    -0.0010000    -0.0007192    -0.0004203    -0.0001046     0.0002255     0.0005671     0.0009160     0.0012672     0.0016148     0.0019525     0.0022734     0.0025704     0.0028369     0.0030668     0.0032550     0.0033976     0.0034926     0.0035396     0.0035400     0.0034967     0.0034143     0.0032984     0.0031550     0.0029907     0.0028116     0.0026234     0.0024312     0.0022391     0.0020503     0.0018674     0.0016922     0.0015258     0.0013691     0.0012227     0.0010866     0.0009610
    -0.0001596    -0.0006274    -0.0013717    -0.0023436    -0.0034822    -0.0047208    -0.0059930    -0.0072378    -0.0084040    -0.0094524    -0.0103565    -0.0111021    -0.0116859    -0.0121132    -0.0123957    -0.0125491    -0.0125915    -0.0125413    -0.0124167    -0.0122341    -0.0120083    -0.0117520    -0.0114756    -0.0111876    -0.0108948    -0.0106021    -0.0103134    -0.0100311    -0.0097569    -0.0094917    -0.0092359    -0.0089894    -0.0087519    -0.0085228    -0.0083015    -0.0080874    -0.0078796    -0.0076775    -0.0074803    -0.0072876    -0.0070985    -0.0069128    -0.0067298    -0.0065491    -0.0063702    -0.0061927    -0.0060159    -0.0058394    -0.0056625    -0.0054842    -0.0053036    -0.0051197    -0.0049309    -0.0047358    -0.0045325    -0.0043191    -0.0040932    -0.0038526    -0.0035948    -0.0033171    -0.0030170    -0.0026923    -0.0023409    -0.0019612    -0.0015523    -0.0011141    -0.0006476    -0.0001549     0.0003605     0.0008937     0.0014383     0.0019865     0.0025292     0.0030564     0.0035572     0.0040209     0.0044369     0.0047957     0.0050893     0.0053119     0.0054600     0.0055331     0.0055334     0.0054655     0.0053366     0.0051552     0.0049310     0.0046741     0.0043941     0.0041000     0.0037995     0.0034992     0.0032042     0.0029183     0.0026444     0.0023844     0.0021396     0.0019106     0.0016980     0.0015017
    -0.0002149    -0.0008457    -0.0018516    -0.0031697    -0.0047208    -0.0064177    -0.0081720    -0.0099018    -0.0115367    -0.0130213    -0.0143167    -0.0154003    -0.0162642    -0.0169126    -0.0173589    -0.0176229    -0.0177280    -0.0176991    -0.0175607    -0.0173357    -0.0170450    -0.0167064    -0.0163353    -0.0159440    -0.0155425    -0.0151383    -0.0147371    -0.0143430    -0.0139585    -0.0135854    -0.0132244    -0.0128756    -0.0125388    -0.0122133    -0.0118985    -0.0115932    -0.0112968    -0.0110080    -0.0107262    -0.0104504    -0.0101798    -0.0099138    -0.0096516    -0.0093926    -0.0091361    -0.0088816    -0.0086281    -0.0083750    -0.0081211    -0.0078653    -0.0076063    -0.0073423    -0.0070714    -0.0067914    -0.0064996    -0.0061932    -0.0058689    -0.0055234    -0.0051530    -0.0047541    -0.0043229    -0.0038563    -0.0033512    -0.0028054    -0.0022175    -0.0015875    -0.0009167    -0.0002082     0.0005331     0.0013000     0.0020833     0.0028718     0.0036525     0.0044108     0.0051312     0.0057982     0.0063965     0.0069124     0.0073346     0.0076544     0.0078672     0.0079720     0.0079718     0.0078737     0.0076876     0.0074261     0.0071029     0.0067326     0.0063292     0.0059054     0.0054726     0.0050400     0.0046149     0.0042031     0.0038086     0.0034341     0.0030814     0.0027517     0.0024454     0.0021627
    -0.0002709    -0.0010669    -0.0023395    -0.0040133    -0.0059930    -0.0081720    -0.0104413    -0.0126980    -0.0148517    -0.0168291    -0.0185769    -0.0200615    -0.0212678    -0.0221967    -0.0228616    -0.0232847    -0.0234941    -0.0235206    -0.0233952    -0.0231478    -0.0228057    -0.0223929    -0.0219302    -0.0214347    -0.0209202    -0.0203975    -0.0198748    -0.0193582    -0.0188517    -0.0183579    -0.0178784    -0.0174137    -0.0169637    -0.0165279    -0.0161053    -0.0156950    -0.0152959    -0.0149067    -0.0145264    -0.0141539    -0.0137882    -0.0134285    -0.0130738    -0.0127232    -0.0123760    -0.0120313    -0.0116880    -0.0113450    -0.0110011    -0.0106545    -0.0103035    -0.0099457    -0.0095785    -0.0091988    -0.0088032    -0.0083876    -0.0079478    -0.0074790    -0.0069764    -0.0064349    -0.0058496    -0.0052160    -0.0045300    -0.0037886    -0.0029900    -0.0021340    -0.0012225    -0.0002596     0.0007478     0.0017902     0.0028550     0.0039269     0.0049881     0.0060189     0.0069982     0.0079047     0.0087179     0.0094190     0.0099926     0.0104270     0.0107156     0.0108574     0.0108564     0.0107222     0.0104683     0.0101117     0.0096713     0.0091669     0.0086173     0.0080402     0.0074507     0.0068616     0.0062829     0.0057222     0.0051849     0.0046750     0.0041949     0.0037460     0.0033290     0.0029440
    -0.0003246    -0.0012798    -0.0028111    -0.0048333    -0.0072378    -0.0099018    -0.0126980    -0.0155040    -0.0182096    -0.0207235    -0.0229758    -0.0249198    -0.0265305    -0.0278027    -0.0287472    -0.0293867    -0.0297523    -0.0298795    -0.0298056    -0.0295671    -0.0291980    -0.0287292    -0.0281873    -0.0275949    -0.0269704    -0.0263287    -0.0256811    -0.0250361    -0.0243998    -0.0237763    -0.0231680    -0.0225762    -0.0220012    -0.0214428    -0.0209001    -0.0203720    -0.0198573    -0.0193548    -0.0188631    -0.0183811    -0.0179074    -0.0174411    -0.0169810    -0.0165262    -0.0160756    -0.0156279    -0.0151821    -0.0147367    -0.0142898    -0.0138395    -0.0133833    -0.0129183    -0.0124410    -0.0119474    -0.0114329    -0.0108924    -0.0103202    -0.0097102    -0.0090560    -0.0083511    -0.0075889    -0.0067636    -0.0058700    -0.0049039    -0.0038631    -0.0027474    -0.0015591    -0.0003037     0.0010099     0.0023692     0.0037577     0.0051556     0.0065396     0.0078840     0.0091611     0.0103434     0.0114037     0.0123178     0.0130653     0.0136312     0.0140069     0.0141908     0.0141885     0.0140121     0.0136795     0.0132129     0.0126370     0.0119775     0.0112591     0.0105047     0.0097344     0.0089645     0.0082082     0.0074755     0.0067736     0.0061074     0.0054800     0.0048935     0.0043487     0.0038458
    -0.0003739    -0.0014757    -0.0032469    -0.0055957    -0.0084040    -0.0115367    -0.0148517    -0.0182096    -0.0214827    -0.0245612    -0.0273584    -0.0298123    -0.0318857    -0.0335643    -0.0348532    -0.0357730    -0.0363553    -0.0366390    -0.0366660    -0.0364789    -0.0361185    -0.0356223    -0.0350235    -0.0343505    -0.0336273    -0.0328732    -0.0321035    -0.0313298    -0.0305606    -0.0298021    -0.0290581    -0.0283310    -0.0276218    -0.0269307    -0.0262571    -0.0256001    -0.0249584    -0.0243308    -0.0237159    -0.0231122    -0.0225185    -0.0219335    -0.0213559    -0.0207847    -0.0202184    -0.0196557    -0.0190952    -0.0185350    -0.0179729    -0.0174064    -0.0168324    -0.0162471    -0.0156463    -0.0150249    -0.0143771    -0.0136963    -0.0129754    -0.0122066    -0.0113820    -0.0104930    -0.0095318    -0.0084906    -0.0073628    -0.0061435    -0.0048295    -0.0034207    -0.0019200    -0.0003344     0.0013250     0.0030422     0.0047965     0.0065627     0.0083113     0.0100099     0.0116236     0.0131172     0.0144567     0.0156112     0.0165551     0.0172692     0.0177428     0.0179737     0.0179691     0.0177444     0.0173222     0.0167305     0.0160006     0.0151649     0.0142549     0.0132994     0.0123238     0.0113488     0.0103912     0.0094635     0.0085747     0.0077312     0.0069369     0.0061944     0.0055047     0.0048680
    -0.0004172    -0.0016481    -0.0036325    -0.0062751    -0.0094524    -0.0130213    -0.0168291    -0.0207235    -0.0245612    -0.0282161    -0.0315844    -0.0345878    -0.0371749    -0.0393193    -0.0410176    -0.0422849    -0.0431509    -0.0436548    -0.0438418    -0.0437593    -0.0434540    -0.0429697    -0.0423463    -0.0416187    -0.0408165    -0.0399644    -0.0390823    -0.0381854    -0.0372857    -0.0363916    -0.0355090    -0.0346417    -0.0337918    -0.0329604    -0.0321473    -0.0313520    -0.0305734    -0.0298104    -0.0290614    -0.0283251    -0.0276002    -0.0268852    -0.0261788    -0.0254796    -0.0247861    -0.0240969    -0.0234100    -0.0227233    -0.0220342    -0.0213396    -0.0206355    -0.0199176    -0.0191805    -0.0184179    -0.0176226    -0.0167867    -0.0159012    -0.0149567    -0.0139432    -0.0128503    -0.0116681    -0.0103872    -0.0089995    -0.0074987    -0.0058811    -0.0041463    -0.0022981    -0.0003450     0.0016992     0.0038149     0.0059764     0.0081528     0.0103076     0.0124007     0.0143891     0.0162294     0.0178797     0.0193019     0.0204641     0.0213429     0.0219249     0.0222077     0.0221998     0.0219204     0.0213974     0.0206653     0.0197627     0.0187298     0.0176052     0.0164247     0.0152193     0.0140149     0.0128320     0.0116861     0.0105883     0.0095465     0.0085657     0.0076486     0.0067969     0.0060106
    -0.0004534    -0.0017930    -0.0039588    -0.0068550    -0.0103565    -0.0143167    -0.0185769    -0.0229758    -0.0273584    -0.0315844    -0.0355341    -0.0391130    -0.0422539    -0.0449164    -0.0470853    -0.0487673    -0.0499865    -0.0507801    -0.0511939    -0.0512781    -0.0510839    -0.0506609    -0.0500553    -0.0493083    -0.0484559    -0.0475285    -0.0465509    -0.0455432    -0.0445209    -0.0434956    -0.0424758    -0.0414672    -0.0404736    -0.0394969    -0.0385382    -0.0375973    -0.0366736    -0.0357662    -0.0348739    -0.0339952    -0.0331289    -0.0322735    -0.0314277    -0.0305899    -0.0297586    -0.0289319    -0.0281077    -0.0272835    -0.0264562    -0.0256220    -0.0247764    -0.0239139    -0.0230281    -0.0221115    -0.0211553    -0.0201500    -0.0190847    -0.0179480    -0.0167277    -0.0154114    -0.0139871    -0.0124434    -0.0107704    -0.0089605    -0.0070092    -0.0049162    -0.0026858    -0.0003284     0.0021392     0.0046934     0.0073032     0.0099311     0.0125330     0.0150605     0.0174615     0.0196835     0.0216758     0.0233923     0.0247946     0.0258543     0.0265551     0.0268940     0.0268817     0.0265410     0.0259058     0.0250179     0.0239240     0.0226725     0.0213103     0.0198807     0.0184211     0.0169628     0.0155307     0.0141434     0.0128145     0.0115534     0.0103661     0.0092562     0.0082253     0.0072736
    -0.0004822    -0.0019089    -0.0042218    -0.0073273    -0.0111021    -0.0154003    -0.0200615    -0.0249198    -0.0298123    -0.0345878    -0.0391130    -0.0432780    -0.0469994    -0.0502213    -0.0529144    -0.0550738    -0.0567151    -0.0578700    -0.0585819    -0.0589014    -0.0588824    -0.0585791    -0.0580429    -0.0573212    -0.0564562    -0.0554844    -0.0544362    -0.0533369    -0.0522062    -0.0510596    -0.0499088    -0.0487620    -0.0476250    -0.0465015    -0.0453936    -0.0443021    -0.0432272    -0.0421684    -0.0411248    -0.0400953    -0.0390787    -0.0380737    -0.0370789    -0.0360927    -0.0351135    -0.0341393    -0.0331676    -0.0321955    -0.0312195    -0.0302351    -0.0292370    -0.0282188    -0.0271727    -0.0260898    -0.0249599    -0.0237715    -0.0225117    -0.0211669    -0.0197227    -0.0181642    -0.0164772    -0.0146480    -0.0126649    -0.0105190    -0.0082047    -0.0057217    -0.0030751    -0.0002774     0.0026517     0.0056839     0.0087825     0.0119028     0.0149924     0.0179935     0.0208445     0.0234828     0.0258479     0.0278852     0.0295489     0.0308052     0.0316348     0.0320342     0.0320158     0.0316071     0.0308482     0.0297889     0.0284848     0.0269934     0.0253706     0.0236676     0.0219292     0.0201926     0.0184872     0.0168354     0.0152532     0.0137518     0.0123383     0.0110169     0.0097897     0.0086569
    -0.0005037    -0.0019961    -0.0044216    -0.0076911    -0.0116859    -0.0162642    -0.0212678    -0.0265305    -0.0318857    -0.0371749    -0.0422539    -0.0469994    -0.0513126    -0.0551214    -0.0583811    -0.0610725    -0.0631997    -0.0647857    -0.0658682    -0.0664956    -0.0667218    -0.0666036    -0.0661964    -0.0655531    -0.0647217    -0.0637447    -0.0626586    -0.0614939    -0.0602757    -0.0590237    -0.0577533    -0.0564759    -0.0552001    -0.0539315    -0.0526738    -0.0514295    -0.0501995    -0.0489841    -0.0477831    -0.0465958    -0.0454214    -0.0442587    -0.0431065    -0.0419632    -0.0408271    -0.0396961    -0.0385675    -0.0374381    -0.0363036    -0.0351591    -0.0339984    -0.0328138    -0.0315965    -0.0303359    -0.0290202    -0.0276357    -0.0261674    -0.0245994    -0.0229147    -0.0210959    -0.0191262    -0.0169896    -0.0146725    -0.0121641    -0.0094581    -0.0065540    -0.0034579    -0.0001842     0.0032438     0.0067929     0.0104202     0.0140731     0.0176904     0.0212040     0.0245418     0.0276304     0.0303988     0.0327828     0.0347289     0.0361973     0.0371655     0.0376292     0.0376031     0.0371194     0.0362251     0.0349787     0.0334454     0.0316926     0.0297858     0.0277853     0.0257436     0.0237041     0.0217015     0.0197619     0.0179042     0.0161414     0.0144819     0.0129307     0.0114900     0.0101602
    -0.0005184    -0.0020561    -0.0045615    -0.0079512    -0.0121132    -0.0169126    -0.0221967    -0.0278027    -0.0335643    -0.0393193    -0.0449164    -0.0502213    -0.0551214    -0.0595293    -0.0633837    -0.0666501    -0.0693182    -0.0713994    -0.0729228    -0.0739308    -0.0744751    -0.0746122    -0.0744002    -0.0738956    -0.0731517    -0.0722165    -0.0711327    -0.0699364    -0.0686581    -0.0673225    -0.0659495    -0.0645542    -0.0631483    -0.0617401    -0.0603357    -0.0589389    -0.0575525    -0.0561777    -0.0548152    -0.0534650    -0.0521267    -0.0507996    -0.0494827    -0.0481747    -0.0468738    -0.0455779    -0.0442839    -0.0429884    -0.0416867    -0.0403730    -0.0390402    -0.0376796    -0.0362809    -0.0348320    -0.0333190    -0.0317262    -0.0300363    -0.0282307    -0.0262897    -0.0241932    -0.0219216    -0.0194565    -0.0167819    -0.0138854    -0.0107598    -0.0074042    -0.0038258    -0.0000413     0.0039223     0.0080266     0.0122219     0.0164471     0.0206314     0.0246960     0.0285570     0.0321293     0.0353310     0.0380874     0.0403364     0.0420321     0.0431482     0.0436799     0.0436441     0.0430782     0.0420367     0.0405873     0.0388056     0.0367699     0.0345559     0.0322336     0.0298638     0.0274969     0.0251730     0.0229224     0.0207670     0.0187218     0.0167966     0.0149971     0.0133259     0.0117833
    -0.0005269    -0.0020917    -0.0046471    -0.0081163    -0.0123957    -0.0173589    -0.0228616    -0.0287472    -0.0348532    -0.0410176    -0.0470853    -0.0529144    -0.0583811    -0.0633837    -0.0678455    -0.0717154    -0.0749673    -0.0775985    -0.0796265    -0.0810849    -0.0820196    -0.0824845    -0.0825376    -0.0822376    -0.0816415    -0.0808023    -0.0797680    -0.0785808    -0.0772768    -0.0758859    -0.0744330    -0.0729376    -0.0714150    -0.0698770    -0.0683322    -0.0667869    -0.0652455    -0.0637108    -0.0621848    -0.0606684    -0.0591620    -0.0576654    -0.0561781    -0.0546990    -0.0532265    -0.0517585    -0.0502918    -0.0488226    -0.0473457    -0.0458547    -0.0443413    -0.0427958    -0.0412065    -0.0395594    -0.0378386    -0.0360262    -0.0341023    -0.0320455    -0.0298332    -0.0274425    -0.0248506    -0.0220366    -0.0189820    -0.0156726    -0.0121000    -0.0082633    -0.0041707     0.0001587     0.0046940     0.0093912     0.0141931     0.0190298     0.0238198     0.0284730     0.0328930     0.0369822     0.0406466     0.0438005     0.0463727     0.0483105     0.0495836     0.0501867     0.0501390     0.0494835     0.0482827     0.0466144     0.0445651     0.0422247     0.0396803     0.0370119     0.0342893     0.0315705     0.0289013     0.0263165     0.0238411     0.0214926     0.0192819     0.0172156     0.0152968     0.0135258
    -0.0005301    -0.0021061    -0.0046852    -0.0081977    -0.0125491    -0.0176229    -0.0232847    -0.0293867    -0.0357730    -0.0422849    -0.0487673    -0.0550738    -0.0610725    -0.0666501    -0.0717154    -0.0762012    -0.0800651    -0.0832887    -0.0858753    -0.0878468    -0.0892406    -0.0901046    -0.0904942    -0.0904679    -0.0900847    -0.0894013    -0.0884704    -0.0873396    -0.0860505    -0.0846389    -0.0831347    -0.0815624    -0.0799416    -0.0782879    -0.0766132    -0.0749266    -0.0732347    -0.0715425    -0.0698534    -0.0681697    -0.0664927    -0.0648232    -0.0631612    -0.0615062    -0.0598567    -0.0582107    -0.0565651    -0.0549156    -0.0532567    -0.0515811    -0.0498798    -0.0481416    -0.0463532    -0.0444990    -0.0425609    -0.0405184    -0.0383490    -0.0360284    -0.0335307    -0.0308300    -0.0279004    -0.0247179    -0.0212616    -0.0175153    -0.0134693    -0.0091226    -0.0044846     0.0004232     0.0055655     0.0108924     0.0163388     0.0218253     0.0272594     0.0325382     0.0375525     0.0421912     0.0463473     0.0499235     0.0528386     0.0550329     0.0564719     0.0571494     0.0570874     0.0563347     0.0549625     0.0530591     0.0507230     0.0480562     0.0451580     0.0421192     0.0390192     0.0359238     0.0328853     0.0299431     0.0271258     0.0244528     0.0219370     0.0195856     0.0174021     0.0153870
    -0.0005289    -0.0021026    -0.0046832    -0.0082079    -0.0125915    -0.0177280    -0.0234941    -0.0297523    -0.0363553    -0.0431509    -0.0499865    -0.0567151    -0.0631997    -0.0693182    -0.0749673    -0.0800651    -0.0845532    -0.0883966    -0.0915830    -0.0941203    -0.0960343    -0.0973644    -0.0981602    -0.0984774    -0.0983749    -0.0979113    -0.0971427    -0.0961213    -0.0948941    -0.0935022    -0.0919812    -0.0903607    -0.0886652    -0.0869146    -0.0851247    -0.0833078    -0.0814735    -0.0796291    -0.0777800    -0.0759301    -0.0740823    -0.0722384    -0.0703993    -0.0685649    -0.0667344    -0.0649060    -0.0630765    -0.0612414    -0.0593948    -0.0575286    -0.0556329    -0.0536952    -0.0517006    -0.0496314    -0.0474673    -0.0451853    -0.0427599    -0.0401637    -0.0373676    -0.0343421    -0.0310582    -0.0274886    -0.0236098    -0.0194033    -0.0148584    -0.0099738    -0.0047600     0.0007587     0.0065426     0.0125354     0.0186636     0.0248376     0.0309532     0.0368943     0.0425375     0.0477577     0.0524340     0.0564567     0.0597343     0.0621991     0.0638125     0.0645673     0.0644884     0.0636308     0.0620749     0.0599201     0.0572778     0.0542630     0.0509876     0.0475541     0.0440520     0.0405557     0.0371239     0.0338012     0.0306197     0.0276016     0.0247610     0.0221062     0.0196412     0.0173663
    -0.0005240    -0.0020848    -0.0046484    -0.0081593    -0.0125413    -0.0176991    -0.0235206    -0.0298795    -0.0366390    -0.0436548    -0.0507801    -0.0578700    -0.0647857    -0.0713994    -0.0775985    -0.0832887    -0.0883966    -0.0928712    -0.0966835    -0.0998264    -0.1023114    -0.1041669    -0.1054337    -0.1061623    -0.1064084    -0.1062306    -0.1056867    -0.1048324    -0.1037191    -0.1023932    -0.1008954    -0.0992609    -0.0975194    -0.0956956    -0.0938095    -0.0918774    -0.0899122    -0.0879241    -0.0859210    -0.0839089    -0.0818924    -0.0798747    -0.0778578    -0.0758426    -0.0738287    -0.0718148    -0.0697978    -0.0677732    -0.0657345    -0.0636730    -0.0615776    -0.0594347    -0.0572276    -0.0549367    -0.0525392    -0.0500092    -0.0473185    -0.0444359    -0.0413293    -0.0379653    -0.0343114    -0.0303372    -0.0260160    -0.0213272    -0.0162588    -0.0108091    -0.0049900     0.0011715     0.0076307     0.0143246     0.0211711     0.0280697     0.0349036     0.0415428     0.0478492     0.0536823     0.0589069     0.0634000     0.0670589     0.0698081     0.0716041     0.0724388     0.0723403     0.0713699     0.0696178     0.0671956     0.0642277     0.0608431     0.0571671     0.0533147     0.0493860     0.0454642     0.0416153     0.0378891     0.0343216     0.0309375     0.0277526     0.0247763     0.0220128     0.0194626
    -0.0005164    -0.0020556    -0.0045878    -0.0080641    -0.0124167    -0.0175607    -0.0233952    -0.0298056    -0.0366660    -0.0438418    -0.0511939    -0.0585819    -0.0658682    -0.0729228    -0.0796265    -0.0858753    -0.0915830    -0.0966835    -0.1011321    -0.1049052    -0.1079991    -0.1104287    -0.1122237    -0.1134261    -0.1140864    -0.1142601    -0.1140051    -0.1133786    -0.1124354    -0.1112262    -0.1097969    -0.1081879    -0.1064343    -0.1045657    -0.1026071    -0.1005791    -0.0984985    -0.0963788    -0.0942309    -0.0920633    -0.0898828    -0.0876942    -0.0855010    -0.0833052    -0.0811075    -0.0789068    -0.0767003    -0.0744836    -0.0722497    -0.0699894    -0.0676905    -0.0653381    -0.0629136    -0.0603953    -0.0577580    -0.0549729    -0.0520084    -0.0488301    -0.0454018    -0.0416867    -0.0376483    -0.0332527    -0.0284703    -0.0232781    -0.0176623    -0.0116215    -0.0051684     0.0016666     0.0088340     0.0162636     0.0238641     0.0315236     0.0391120     0.0464846     0.0534876     0.0599646     0.0657650     0.0707519     0.0748110     0.0778580     0.0798445     0.0807617     0.0806405     0.0795494     0.0775888     0.0748826     0.0715698     0.0677938     0.0636941     0.0593985     0.0550187     0.0506473     0.0463576     0.0422050     0.0382296     0.0344588     0.0309104     0.0275945     0.0245159     0.0216750
    -0.0005067    -0.0020179    -0.0045077    -0.0079330    -0.0122341    -0.0173357    -0.0231478    -0.0295671    -0.0364789    -0.0437593    -0.0512781    -0.0589014    -0.0664956    -0.0739308    -0.0810849    -0.0878468    -0.0941203    -0.0998264    -0.1049052    -0.1093172    -0.1130432    -0.1160826    -0.1184522    -0.1201830    -0.1213175    -0.1219058    -0.1220031    -0.1216664    -0.1209522    -0.1199144    -0.1186031    -0.1170638    -0.1153367    -0.1134568    -0.1114541    -0.1093539    -0.1071773    -0.1049418    -0.1026617    -0.1003484    -0.0980113    -0.0956573    -0.0932918    -0.0909180    -0.0885377    -0.0861506    -0.0837545    -0.0813447    -0.0789142    -0.0764530    -0.0739482    -0.0713831    -0.0687376    -0.0659877    -0.0631054    -0.0600592    -0.0568139    -0.0533314    -0.0495717    -0.0454938    -0.0410576    -0.0362252    -0.0309638    -0.0252478    -0.0190622    -0.0124049    -0.0052904     0.0022481     0.0101558     0.0183549     0.0267443     0.0352002     0.0435785     0.0517192     0.0594517     0.0666031     0.0730065     0.0785102     0.0829877     0.0863457     0.0885305     0.0895323     0.0893855     0.0881657     0.0859840     0.0829778     0.0793008     0.0751118     0.0705651     0.0658024     0.0609473     0.0561021     0.0513480     0.0467463     0.0423414     0.0381636     0.0342323     0.0305590     0.0271487     0.0240020
    -0.0004955    -0.0019742    -0.0044135    -0.0077757    -0.0120083    -0.0170450    -0.0228057    -0.0291980    -0.0361185    -0.0434540    -0.0510839    -0.0588824    -0.0667218    -0.0744751    -0.0820196    -0.0892406    -0.0960343    -0.1023114    -0.1079991    -0.1130432    -0.1174084    -0.1210789    -0.1240567    -0.1263600    -0.1280207    -0.1290811    -0.1295912    -0.1296054    -0.1291800    -0.1283705    -0.1272303    -0.1258090    -0.1241516    -0.1222984    -0.1202844    -0.1181401    -0.1158913    -0.1135597    -0.1111635    -0.1087177    -0.1062345    -0.1037234    -0.1011918    -0.0986449    -0.0960856    -0.0935147    -0.0909304    -0.0883283    -0.0857014    -0.0830390    -0.0803271    -0.0775479    -0.0746792    -0.0716947    -0.0685639    -0.0652518    -0.0617198    -0.0579261    -0.0538263    -0.0493755    -0.0445290    -0.0392455    -0.0334884    -0.0272297    -0.0204526    -0.0131548    -0.0053520     0.0029191     0.0115981     0.0205995     0.0298119     0.0390990     0.0483021     0.0572448     0.0657392     0.0735949     0.0806278     0.0866710     0.0915850     0.0952669     0.0976576     0.0987462     0.0985705     0.0972140     0.0947989     0.0914765     0.0874161     0.0827927     0.0777762     0.0725226     0.0671680     0.0618251     0.0565833     0.0515102     0.0466544     0.0420493     0.0377163     0.0336678     0.0299095     0.0264419
    -0.0004833    -0.0019265    -0.0043098    -0.0076002    -0.0117520    -0.0167064    -0.0223929    -0.0287292    -0.0356223    -0.0429697    -0.0506609    -0.0585791    -0.0666036    -0.0746122    -0.0824845    -0.0901046    -0.0973644    -0.1041669    -0.1104287    -0.1160826    -0.1210789    -0.1253862    -0.1289916    -0.1318988    -0.1341273    -0.1357093    -0.1366871    -0.1371102    -0.1370323    -0.1365088    -0.1355947    -0.1343427    -0.1328020    -0.1310176    -0.1290297    -0.1268737    -0.1245806    -0.1221767    -0.1196846    -0.1171229    -0.1145073    -0.1118504    -0.1091620    -0.1064493    -0.1037169    -0.1009667    -0.0981978    -0.0954063    -0.0925849    -0.0897226    -0.0868044    -0.0838110    -0.0807184    -0.0774980    -0.0741163    -0.0705351    -0.0667120    -0.0626012    -0.0581541    -0.0533212    -0.0480537    -0.0423058    -0.0360376    -0.0292182    -0.0218290    -0.0138676    -0.0053509     0.0036807     0.0131612     0.0229970     0.0330658     0.0432181     0.0532800     0.0630580     0.0723462     0.0809356     0.0886243     0.0952292     0.1005974     0.1046159     0.1072199     0.1083974     0.1081898     0.1066886     0.1040277     0.1003732     0.0959104     0.0908314     0.0853223     0.0795543     0.0736764     0.0678123     0.0620598     0.0564930     0.0511652     0.0461129     0.0413594     0.0369185     0.0327961     0.0289928
    -0.0004705    -0.0018764    -0.0042003    -0.0074134    -0.0114756    -0.0163353    -0.0219302    -0.0281873    -0.0350235    -0.0423463    -0.0500553    -0.0580429    -0.0661964    -0.0744002    -0.0825376    -0.0904942    -0.0981602    -0.1054337    -0.1122237    -0.1184522    -0.1240567    -0.1289916    -0.1332287    -0.1367573    -0.1395830    -0.1417258    -0.1432183    -0.1441026    -0.1444276    -0.1442465    -0.1436140    -0.1425846    -0.1412104    -0.1395405    -0.1376200    -0.1354891    -0.1331838    -0.1307355    -0.1281713    -0.1255141    -0.1227834    -0.1199952    -0.1171620    -0.1142936    -0.1113965    -0.1084742    -0.1055266    -0.1025505    -0.0995386    -0.0964795    -0.0933574    -0.0901515    -0.0868361    -0.0833799    -0.0797465    -0.0758945    -0.0717774    -0.0673452    -0.0625448    -0.0573222    -0.0516238    -0.0453997    -0.0386062    -0.0312093    -0.0231888    -0.0145416    -0.0052866     0.0045326     0.0148440     0.0255451     0.0365028     0.0475536     0.0585077     0.0691538     0.0792670     0.0886189     0.0969892     0.1041779     0.1100177     0.1143854     0.1172100     0.1184785     0.1182359     0.1165821     0.1136633     0.1096608     0.1047771     0.0992215     0.0931975     0.0868919     0.0804673     0.0740587     0.0677729     0.0616906     0.0558700     0.0503508     0.0451586     0.0403081     0.0358058     0.0316523
    -0.0004576    -0.0018253    -0.0040880    -0.0072205    -0.0111876    -0.0159440    -0.0214347    -0.0275949    -0.0343505    -0.0416187    -0.0493083    -0.0573212    -0.0655531    -0.0738956    -0.0822376    -0.0904679    -0.0984774    -0.1061623    -0.1134261    -0.1201830    -0.1263600    -0.1318988    -0.1367573    -0.1409101    -0.1443486    -0.1470795    -0.1491237    -0.1505138    -0.1512918    -0.1515062    -0.1512096    -0.1504562    -0.1493001    -0.1477932    -0.1459845    -0.1439191    -0.1416379    -0.1391771    -0.1365687    -0.1338402    -0.1310153    -0.1281136    -0.1251511    -0.1221401    -0.1190896    -0.1160046    -0.1128866    -0.1097329    -0.1065366    -0.1032860    -0.0999643    -0.0965496    -0.0930140    -0.0893239    -0.0854398    -0.0813167    -0.0769042    -0.0721477    -0.0669897    -0.0613710    -0.0552335    -0.0485226    -0.0411908    -0.0332010    -0.0245309    -0.0151772    -0.0051602     0.0054727     0.0166431     0.0282399     0.0401180     0.0520999     0.0639788     0.0755250     0.0864939     0.0966369     0.1057143     0.1135083     0.1198371     0.1245664     0.1276190     0.1289805     0.1287000     0.1268859     0.1236973     0.1193314     0.1140082     0.1079556     0.1013948     0.0945287     0.0875344     0.0805585     0.0737172     0.0670981     0.0607643     0.0547591     0.0491102     0.0438333     0.0389358     0.0344178
    -0.0004446    -0.0017741    -0.0039752    -0.0070257    -0.0108948    -0.0155425    -0.0209202    -0.0269704    -0.0336273    -0.0408165    -0.0484559    -0.0564562    -0.0647217    -0.0731517    -0.0816415    -0.0900847    -0.0983749    -0.1064084    -0.1140864    -0.1213175    -0.1280207    -0.1341273    -0.1395830    -0.1443486    -0.1484014    -0.1517343    -0.1543555    -0.1562863    -0.1575597    -0.1582173    -0.1583075    -0.1578825    -0.1569961    -0.1557022    -0.1540526    -0.1520964    -0.1498789    -0.1474415    -0.1448207    -0.1420491    -0.1391545    -0.1361609    -0.1330877    -0.1299504    -0.1267606    -0.1235254    -0.1202478    -0.1169261    -0.1135537    -0.1101189    -0.1066042    -0.1029861    -0.0992350    -0.0953147    -0.0911826    -0.0867899    -0.0820822    -0.0770003    -0.0714816    -0.0654620    -0.0588785    -0.0516718    -0.0437900    -0.0351930    -0.0258563    -0.0157764    -0.0049751     0.0064964     0.0185532     0.0310749     0.0439043     0.0568489     0.0696848     0.0821626     0.0940174     0.1049795     0.1147890     0.1232099     0.1300447     0.1351479     0.1384358     0.1398926     0.1395714     0.1375896     0.1341197     0.1293752     0.1235947     0.1170250     0.1099058     0.1024570     0.0948705     0.0873050     0.0798865     0.0727096     0.0658429     0.0593330     0.0532098     0.0474904     0.0421824     0.0372862
    -0.0004319    -0.0017236    -0.0038635    -0.0068322    -0.0106021    -0.0151383    -0.0203975    -0.0263287    -0.0328732    -0.0399644    -0.0475285    -0.0554844    -0.0637447    -0.0722165    -0.0808023    -0.0894013    -0.0979113    -0.1062306    -0.1142601    -0.1219058    -0.1290811    -0.1357093    -0.1417258    -0.1470795    -0.1517343    -0.1556697    -0.1588804    -0.1613755    -0.1631772    -0.1643185    -0.1648413    -0.1647936    -0.1642274    -0.1631965    -0.1617546    -0.1599536    -0.1578429    -0.1554680    -0.1528706    -0.1500877    -0.1471520    -0.1440916    -0.1409299    -0.1376860    -0.1343742    -0.1310042    -0.1275806    -0.1241030    -0.1205655    -0.1169563    -0.1132571    -0.1094434    -0.1054835    -0.1013386    -0.0969630    -0.0923040    -0.0873030    -0.0818960    -0.0760153    -0.0695917    -0.0625568    -0.0548464    -0.0464045    -0.0371873    -0.0271685    -0.0163439    -0.0047369     0.0075971     0.0205666     0.0340416     0.0478522     0.0617905     0.0756146     0.0890550     0.1018253     0.1136342     0.1242006     0.1332695     0.1406275     0.1461170     0.1496476     0.1512020     0.1508376     0.1486811     0.1449188     0.1397811     0.1335258     0.1264194     0.1187210     0.1106679     0.1024673     0.0942906     0.0862736     0.0785188     0.0710998     0.0640670     0.0574525     0.0512748     0.0455418     0.0402541
    -0.0004194    -0.0016743    -0.0037543    -0.0066420    -0.0103134    -0.0147371    -0.0198748    -0.0256811    -0.0321035    -0.0390823    -0.0465509    -0.0544362    -0.0626586    -0.0711327    -0.0797680    -0.0884704    -0.0971427    -0.1056867    -0.1140051    -0.1220031    -0.1295912    -0.1366871    -0.1432183    -0.1491237    -0.1543555    -0.1588804    -0.1626801    -0.1657508    -0.1681028    -0.1697591    -0.1707530    -0.1711266    -0.1709279    -0.1702089    -0.1690234    -0.1674252    -0.1654664    -0.1631965    -0.1606614    -0.1579029    -0.1549582    -0.1518600    -0.1486358    -0.1453084    -0.1418954    -0.1384090    -0.1348561    -0.1312376    -0.1275485    -0.1237770    -0.1199045    -0.1159050    -0.1117451    -0.1073833    -0.1027706    -0.0978507    -0.0925601    -0.0868302    -0.0805879    -0.0737586    -0.0662684    -0.0580482    -0.0490372    -0.0391884    -0.0284729    -0.0168864    -0.0044536     0.0087657     0.0226732     0.0371288     0.0519497     0.0669120     0.0817549     0.0961882     0.1099033     0.1225862     0.1339341     0.1436721     0.1515701     0.1574584     0.1612393     0.1628941     0.1624843     0.1601465     0.1560809     0.1505360     0.1437892     0.1361274     0.1278295     0.1191511     0.1103152     0.1015063     0.0928706     0.0845182     0.0765283     0.0689550     0.0618329     0.0551815     0.0490096     0.0433173
    -0.0004074    -0.0016265    -0.0036481    -0.0064569    -0.0100311    -0.0143430    -0.0193582    -0.0250361    -0.0313298    -0.0381854    -0.0455432    -0.0533369    -0.0614939    -0.0699364    -0.0785808    -0.0873396    -0.0961213    -0.1048324    -0.1133786    -0.1216664    -0.1296054    -0.1371102    -0.1441026    -0.1505138    -0.1562863    -0.1613755    -0.1657508    -0.1693957    -0.1723084    -0.1745004    -0.1759954    -0.1768273    -0.1770385    -0.1766773    -0.1757958    -0.1744480    -0.1726878    -0.1705675    -0.1681367    -0.1654416    -0.1625238    -0.1594203    -0.1561633    -0.1527792    -0.1492891    -0.1457082    -0.1420458    -0.1383045    -0.1344801    -0.1305612    -0.1265289    -0.1223560    -0.1180072    -0.1134384    -0.1085973    -0.1034234    -0.0978490    -0.0918001    -0.0851984    -0.0779634    -0.0700157    -0.0612809    -0.0516937    -0.0412030    -0.0297779    -0.0174133    -0.0041360     0.0099904     0.0248601     0.0403229     0.0561823     0.0721980     0.0880897     0.1035457     0.1182342     0.1318181     0.1439718     0.1543998     0.1628549     0.1691545     0.1731934     0.1749516     0.1744948     0.1719695     0.1675908     0.1616253     0.1543708     0.1461356     0.1372188     0.1278950     0.1184034     0.1089422     0.0996681     0.0906993     0.0821206     0.0739901     0.0663445     0.0592050     0.0525806     0.0464716
