     0.0103552     0.0203930     0.0298230     0.0384047     0.0459628     0.0523934     0.0576617     0.0617926     0.0648582     0.0669625     0.0682283     0.0687850     0.0687599     0.0682719     0.0674278     0.0663207     0.0650296     0.0636198     0.0621445     0.0606457     0.0591563     0.0577010     0.0562981     0.0549604     0.0536963     0.0525108     0.0514060     0.0503818     0.0494364     0.0485665     0.0477678     0.0470353     0.0463629     0.0457443     0.0451721     0.0446387     0.0441356     0.0436533     0.0431816     0.0427090     0.0422227     0.0417080     0.0411488     0.0405265     0.0398206     0.0390081     0.0380641     0.0369614     0.0356717     0.0341657     0.0324148     0.0303924     0.0280755     0.0254477     0.0225008     0.0192386     0.0156786     0.0118549     0.0078198     0.0036437    -0.0005852    -0.0047645    -0.0087818    -0.0125219    -0.0158746    -0.0187437    -0.0210552    -0.0227638    -0.0238573    -0.0243567    -0.0243128    -0.0237995    -0.0229050    -0.0217220    -0.0203394    -0.0188358    -0.0172759    -0.0157097    -0.0141741    -0.0126946    -0.0112889    -0.0099684    -0.0087404    -0.0076090    -0.0065760    -0.0056413    -0.0048030    -0.0040579    -0.0034015    -0.0028285    -0.0023329    -0.0019082    -0.0015476    -0.0012443    -0.0009917    -0.0007832    -0.0006130    -0.0004753    -0.0003650    -0.0002776
     0.0203930     0.0401739     0.0587812     0.0757478     0.0907294     0.1035178     0.1140372     0.1223281     0.1285229     0.1328189     0.1354512     0.1366707     0.1367257     0.1358499     0.1342543     0.1321239     0.1296158     0.1268612     0.1239667     0.1210174     0.1180796     0.1152037     0.1124271     0.1097761     0.1072684     0.1049143     0.1027186     0.1006816     0.0987999     0.0970676     0.0954762     0.0940158     0.0926748     0.0914402     0.0902979     0.0892325     0.0882271     0.0872632     0.0863201     0.0853750     0.0844022     0.0833727     0.0822539     0.0810090     0.0795967     0.0779713     0.0760826     0.0738767     0.0712965     0.0682838     0.0647812     0.0607354     0.0561006     0.0508436     0.0449485     0.0384225     0.0313009     0.0236520     0.0155801     0.0072265    -0.0012328    -0.0095924    -0.0176277    -0.0251081    -0.0318132    -0.0375505    -0.0421718    -0.0455869    -0.0477713    -0.0487670    -0.0486758    -0.0476455    -0.0458526    -0.0434827    -0.0407137    -0.0377028    -0.0345794    -0.0314437    -0.0283693    -0.0254077    -0.0225937    -0.0199504    -0.0174923    -0.0152277    -0.0131602    -0.0112894    -0.0096117    -0.0081204    -0.0068068    -0.0056601    -0.0046683    -0.0038183    -0.0030967    -0.0024898    -0.0019842    -0.0015672    -0.0012265    -0.0009510    -0.0007304    -0.0005555
     0.0298230     0.0587812     0.0860787     0.1110471     0.1331861     0.1521835     0.1679122     0.1804106     0.1898509     0.1965020     0.2006926     0.2027788     0.2031180     0.2020500     0.1998846     0.1968954     0.1933171     0.1893463     0.1851443     0.1808403     0.1765359     0.1723088     0.1682169     0.1643017     0.1605910     0.1571022     0.1538435     0.1508165     0.1480172     0.1454374     0.1430653     0.1408864     0.1388839     0.1370389     0.1353307     0.1337362     0.1322306     0.1307862     0.1293723     0.1279549     0.1264955     0.1249508     0.1232718     0.1214034     0.1192839     0.1168446     0.1140103     0.1106999     0.1068280     0.1023071     0.0970511     0.0909799     0.0840249     0.0761363     0.0672903     0.0574975     0.0468112     0.0353337     0.0232218     0.0106876    -0.0020046    -0.0145466    -0.0266012    -0.0378224    -0.0478793    -0.0564830    -0.0634112    -0.0685286    -0.0717986    -0.0732844    -0.0731389    -0.0715841    -0.0688851    -0.0653205    -0.0611574    -0.0566317    -0.0519378    -0.0472261    -0.0426069    -0.0381575    -0.0339302    -0.0299596    -0.0262674    -0.0228660    -0.0197608    -0.0169512    -0.0144316    -0.0121921    -0.0102196    -0.0084977    -0.0070085    -0.0057323    -0.0046488    -0.0037377    -0.0029787    -0.0023526    -0.0018411    -0.0014275    -0.0010963    -0.0008338
     0.0384047     0.0757478     0.1110471     0.1434682     0.1723742     0.1973512     0.2182091     0.2349626     0.2477963     0.2570219     0.2630349     0.2662739     0.2671872     0.2662079     0.2637359     0.2601284     0.2556952     0.2506983     0.2453542     0.2398383     0.2342894     0.2288147     0.2234951     0.2183890     0.2135369     0.2089642     0.2046846     0.2007021     0.1970133     0.1936087     0.1904739     0.1875909     0.1849381     0.1824912     0.1802231     0.1781041     0.1761014     0.1741784     0.1722949     0.1704055     0.1684593     0.1663987     0.1641587     0.1616659     0.1588379     0.1555834     0.1518019     0.1473854     0.1422199     0.1361886     0.1291766     0.1210772     0.1117988     0.1012749     0.0894738     0.0764099     0.0621540     0.0468432     0.0306865     0.0139671    -0.0029620    -0.0196895    -0.0357655    -0.0507280    -0.0641358    -0.0756032    -0.0848338    -0.0916474    -0.0959951    -0.0979618    -0.0977515    -0.0956612    -0.0920445    -0.0872736    -0.0817048    -0.0756533    -0.0693783    -0.0630807    -0.0569075    -0.0509620    -0.0453139    -0.0400092    -0.0350768    -0.0305334    -0.0263858    -0.0226333    -0.0192683    -0.0162777    -0.0136436    -0.0113445    -0.0093560    -0.0076521    -0.0062056    -0.0049891    -0.0039759    -0.0031401    -0.0024574    -0.0019052    -0.0014632    -0.0011129
     0.0459628     0.0907294     0.1331861     0.1723742     0.2075444     0.2381874     0.2640409     0.2850737     0.3014528     0.3135004     0.3216466     0.3263841     0.3282293     0.3276905     0.3252457     0.3213281     0.3163184     0.3105426     0.3042733     0.2977334     0.2911014     0.2845169     0.2780860     0.2718872     0.2659757     0.2603875     0.2551434     0.2502518     0.2457114     0.2415125     0.2376396     0.2340717     0.2307837     0.2277464     0.2249272     0.2222899     0.2197943     0.2173956     0.2150439     0.2126832     0.2102501     0.2076732     0.2048712     0.2017527     0.1982149     0.1941434     0.1894129     0.1838881     0.1774265     0.1698819     0.1611109     0.1509795     0.1393735     0.1262094     0.1114478     0.0951068     0.0772752     0.0581245     0.0379167     0.0170062    -0.0041651    -0.0250824    -0.0451825    -0.0638873    -0.0806446    -0.0949722    -0.1064993    -0.1150007    -0.1204158    -0.1228510    -0.1225623    -0.1199217    -0.1153719    -0.1093792    -0.1023895    -0.0947974    -0.0869274    -0.0790308    -0.0712917    -0.0638390    -0.0567600    -0.0501123    -0.0439317    -0.0382391    -0.0330430    -0.0283422    -0.0241272    -0.0203815    -0.0170825    -0.0142032    -0.0117132    -0.0095795    -0.0077683    -0.0062453    -0.0049768    -0.0039304    -0.0030758    -0.0023846    -0.0018312    -0.0013928
     0.0523934     0.1035178     0.1521835     0.1973512     0.2381874     0.2740993     0.3047475     0.3300366     0.3500883     0.3652020     0.3758084     0.3824227     0.3856016     0.3859073     0.3838797     0.3800170     0.3747645     0.3685092     0.3615791     0.3542461     0.3467305     0.3392068     0.3318100     0.3246412     0.3177731     0.3112552     0.3051179     0.2993759     0.2940316     0.2890774     0.2844975     0.2802695     0.2763656     0.2727528     0.2693937     0.2662462     0.2632634     0.2603928     0.2575752     0.2547443     0.2518247     0.2487309     0.2453660     0.2416205     0.2373711     0.2324808     0.2267991     0.2201635     0.2124029     0.2033419     0.1928078     0.1806399     0.1667010     0.1508909     0.1331622     0.1135368     0.0921217     0.0691232     0.0448563     0.0197472    -0.0056729    -0.0307852    -0.0549128    -0.0773609    -0.0974664    -0.1146497    -0.1284660    -0.1386449    -0.1451144    -0.1480029    -0.1476188    -0.1444094    -0.1389076    -0.1316738    -0.1232443    -0.1140933    -0.1046110    -0.0950992    -0.0857791    -0.0768056    -0.0682834    -0.0602815    -0.0528429    -0.0459924    -0.0397400    -0.0340843    -0.0290135    -0.0245077    -0.0205396    -0.0170767    -0.0140821    -0.0115164    -0.0093385    -0.0075072    -0.0059821    -0.0047242    -0.0036967    -0.0028659    -0.0022008    -0.0016737
     0.0576617     0.1140372     0.1679122     0.2182091     0.2640409     0.3047475     0.3399141     0.3693698     0.3931688     0.4115580     0.4249360     0.4338076     0.4387401     0.4403242     0.4391419     0.4357422     0.4306257     0.4242350     0.4169514     0.4090957     0.4009319     0.3926720     0.3844826     0.3764908     0.3687902     0.3614463     0.3545020     0.3479807     0.3418911     0.3362290     0.3309803     0.3261227     0.3216267     0.3174568     0.3135718     0.3099246     0.3064621     0.3031245     0.2998443     0.2965449     0.2931393     0.2895285     0.2856000     0.2812262     0.2762636     0.2705525     0.2639173     0.2561682     0.2471055     0.2365242     0.2242226     0.2100131     0.1937352     0.1752720     0.1545684     0.1316501     0.1066423     0.0797866     0.0514511     0.0221344    -0.0075423    -0.0368559    -0.0650150    -0.0912080    -0.1146598    -0.1346938    -0.1507905    -0.1626348    -0.1701433    -0.1734670    -0.1729671    -0.1691672    -0.1626906    -0.1541928    -0.1443010    -0.1335693    -0.1224540    -0.1113078    -0.1003889    -0.0898783    -0.0798983    -0.0705289    -0.0618206    -0.0538017    -0.0464841    -0.0398655    -0.0339322    -0.0286604    -0.0240183    -0.0199676    -0.0164650    -0.0134643    -0.0109174    -0.0087760    -0.0069927    -0.0055220    -0.0043208    -0.0033496    -0.0025721    -0.0019560
     0.0617926     0.1223281     0.1804106     0.2349626     0.2850737     0.3300366     0.3693698     0.4028236     0.4303706     0.4521827     0.4685977     0.4800792     0.4871749     0.4904765     0.4905854     0.4880839     0.4835148     0.4773683     0.4700746     0.4620021     0.4534587     0.4446959     0.4359146     0.4272709     0.4188825     0.4108346     0.4031848     0.3959686     0.3892028     0.3828892     0.3770175     0.3715667     0.3665076     0.3618032     0.3574094     0.3532753     0.3493424     0.3455445     0.3418060     0.3380407     0.3341505     0.3300230     0.3255304     0.3205273     0.3148502     0.3083164     0.3007253     0.2918600     0.2814918     0.2693861     0.2553122     0.2390552     0.2204315     0.1993075     0.1756201     0.1493990     0.1207880     0.0900640     0.0576491     0.0241145    -0.0098281    -0.0433502    -0.0755458    -0.1054853    -0.1322815    -0.1551602    -0.1735274    -0.1870230    -0.1955528    -0.1992908    -0.1986516    -0.1942360    -0.1867584    -0.1769702    -0.1655900    -0.1532526    -0.1404805    -0.1276775    -0.1151394    -0.1030730    -0.0916181    -0.0808661    -0.0708745    -0.0616754    -0.0532820    -0.0456915    -0.0388878    -0.0328434    -0.0275217    -0.0228783    -0.0188638    -0.0154248    -0.0125062    -0.0100525    -0.0080094    -0.0063244    -0.0049484    -0.0038358    -0.0029453    -0.0022397
     0.0648582     0.1285229     0.1898509     0.2477963     0.3014528     0.3500883     0.3931688     0.4303706     0.4615800     0.4868799     0.5065259     0.5209142     0.5305447     0.5359830     0.5378246     0.5366646     0.5330723     0.5275741     0.5206420     0.5126879     0.5040627     0.4950581     0.4859114     0.4768104     0.4679000     0.4592878     0.4510500     0.4432364     0.4358751     0.4289763     0.4225350     0.4165343     0.4109463     0.4057342     0.4008524     0.3962471     0.3918555     0.3876056     0.3834145     0.3791872     0.3748146     0.3701715     0.3651150     0.3594822     0.3530894     0.3457314     0.3371823     0.3271981     0.3155210     0.3018869     0.2860355     0.2677248     0.2467480     0.2229544     0.1962732     0.1667383     0.1345123     0.0999077     0.0634010     0.0256367    -0.0125822    -0.0503213    -0.0865589    -0.1202469    -0.1503856    -0.1761025    -0.1967289    -0.2118600    -0.2213911    -0.2255197    -0.2247147    -0.2196549    -0.2111467    -0.2000382    -0.1871402    -0.1731687    -0.1587130    -0.1442283    -0.1300478    -0.1164044    -0.1034556    -0.0913040    -0.0800138    -0.0696211    -0.0601403    -0.0515676    -0.0438848    -0.0370603    -0.0310525    -0.0258113    -0.0212803    -0.0173994    -0.0141061    -0.0113377    -0.0090326    -0.0071319    -0.0055799    -0.0043250    -0.0033207    -0.0025251
     0.0669625     0.1328189     0.1965020     0.2570219     0.3135004     0.3652020     0.4115580     0.4521827     0.4868799     0.5156388     0.5386205     0.5561345     0.5686091     0.5765582     0.5805469     0.5811603     0.5789756     0.5745411     0.5683601     0.5608819     0.5524970     0.5435364     0.5342745     0.5249330     0.5156865     0.5066681     0.4979754     0.4896759     0.4818116     0.4744036     0.4674550     0.4609544     0.4548777     0.4491897     0.4438447     0.4387872     0.4339512     0.4292599     0.4246239     0.4199398     0.4150883     0.4099318     0.4043124     0.3980501     0.3909412     0.3827580     0.3732493     0.3621439     0.3491547     0.3339879     0.3163539     0.2959830     0.2726450     0.2461725     0.2164868     0.1836261     0.1477719     0.1092730     0.0686606     0.0266536    -0.0158534    -0.0578190    -0.0981049    -0.1355440    -0.1690229    -0.1975708    -0.2204441    -0.2371934    -0.2477036    -0.2521966    -0.2511966    -0.2454608    -0.2358893    -0.2234273    -0.2089789    -0.1933419    -0.1771727    -0.1609785    -0.1451300    -0.1298864    -0.1154225    -0.1018523    -0.0892469    -0.0776458    -0.0670645    -0.0574986    -0.0489269    -0.0413142    -0.0346134    -0.0287684    -0.0237162    -0.0193893    -0.0157180    -0.0126322    -0.0100632    -0.0079450    -0.0062155    -0.0048174    -0.0036985    -0.0028121
     0.0682283     0.1354512     0.2006926     0.2630349     0.3216466     0.3758084     0.4249360     0.4685977     0.5065259     0.5386205     0.5649445     0.5857096     0.6012556     0.6120231     0.6185241     0.6213108     0.6209482     0.6179890     0.6129551     0.6063237     0.5985188     0.5899081     0.5808021     0.5714573     0.5620798     0.5528309     0.5438326     0.5351728     0.5269103     0.5190797     0.5116949     0.5047525     0.4982337     0.4921069     0.4863279     0.4808410     0.4755782     0.4704588     0.4653877     0.4602540     0.4549286     0.4492621     0.4430822     0.4361917     0.4283673     0.4193585     0.4088893     0.3966608     0.3823569     0.3656535     0.3462316     0.3237938     0.2980865     0.2689251     0.2362234     0.2000237     0.1605271     0.1181189     0.0733858     0.0271214    -0.0196866    -0.0658893    -0.1102307    -0.1514237    -0.1882408    -0.2196122    -0.2447190    -0.2630675    -0.2745327    -0.2793616    -0.2781343    -0.2716881    -0.2610173    -0.2471657    -0.2311311    -0.2137942    -0.1958792    -0.1779450    -0.1604006    -0.1435314    -0.1275295    -0.1125203    -0.0985813    -0.0857558    -0.0740601    -0.0634887    -0.0540178    -0.0456078    -0.0382065    -0.0317515    -0.0261728    -0.0213956    -0.0173428    -0.0139368    -0.0111015    -0.0087640    -0.0068557    -0.0053131    -0.0040788    -0.0031011
     0.0687850     0.1366707     0.2027788     0.2662739     0.3263841     0.3824227     0.4338076     0.4800792     0.5209142     0.5561345     0.5857096     0.6097512     0.6285010     0.6423115     0.6516217     0.6569307     0.6587700     0.6576785     0.6541807     0.6487695     0.6418942     0.6339534     0.6252913     0.6161981     0.6069126     0.5976261     0.5884871     0.5796066     0.5710634     0.5629081     0.5551679     0.5478497     0.5409425     0.5344201     0.5282416     0.5223525     0.5166840     0.5111527     0.5056590     0.5000851     0.4942931     0.4881219     0.4813852     0.4738693     0.4653310     0.4554977     0.4440679     0.4307153     0.4150945     0.3968512     0.3756365     0.3511253     0.3230402     0.2911796     0.2554496     0.2158971     0.1727427     0.1264089     0.0775386     0.0270010    -0.0241224    -0.0745739    -0.1229789    -0.1679293    -0.2080825    -0.2422695    -0.2695956    -0.2895230    -0.3019173    -0.3070512    -0.3055620    -0.2983681    -0.2865591    -0.2712788    -0.2536197    -0.2345458    -0.2148498    -0.1951431    -0.1758728    -0.1573505    -0.1397860    -0.1233156    -0.1080237    -0.0939565    -0.0811314    -0.0695416    -0.0591603    -0.0499437    -0.0418338    -0.0347620    -0.0286512    -0.0234192    -0.0189811    -0.0152518    -0.0121478    -0.0095891    -0.0075005    -0.0058124    -0.0044617    -0.0033919
     0.0687599     0.1367257     0.2031180     0.2671872     0.3282293     0.3856016     0.4387401     0.4871749     0.5305447     0.5686091     0.6012556     0.6285010     0.6504877     0.6674716     0.6798056     0.6879176     0.6922871     0.6934198     0.6918257     0.6879991     0.6824032     0.6754594     0.6675407     0.6589686     0.6500137     0.6408979     0.6317982     0.6228511     0.6141573     0.6057867     0.5977821     0.5901631     0.5829290     0.5760608     0.5695229     0.5632635     0.5572147     0.5512916     0.5453909     0.5393892     0.5331400     0.5264716     0.5191841     0.5110472     0.5017984     0.4911428     0.4787537     0.4642771     0.4473383     0.4275524     0.4045405     0.3779495     0.3474782     0.3129079     0.2741368     0.2312168     0.1843883     0.1341114     0.0810862     0.0262582    -0.0291964    -0.0839095    -0.1363871    -0.1850989    -0.2285867    -0.2655809    -0.2951115    -0.3165963    -0.3298921    -0.3352982    -0.3335102    -0.3255288    -0.3125403    -0.2957893    -0.2764645    -0.2556142    -0.2340998    -0.2125859    -0.1915576    -0.1713533    -0.1522000    -0.1342451    -0.1175794    -0.1022525    -0.0882821    -0.0756602    -0.0643568    -0.0543235    -0.0454967    -0.0378011    -0.0311524    -0.0254608    -0.0206335    -0.0165778    -0.0132026    -0.0104207    -0.0081501    -0.0063152    -0.0048472    -0.0036847
     0.0682719     0.1358499     0.2020500     0.2662079     0.3276905     0.3859073     0.4403242     0.4904765     0.5359830     0.5765582     0.6120231     0.6423115     0.6674716     0.6876623     0.7031429     0.7142583     0.7214195     0.7250819     0.7257233     0.7238236     0.7198463     0.7142253     0.7073547     0.6995827     0.6912093     0.6824865     0.6736201     0.6647739     0.6560728     0.6476079     0.6394405     0.6316054     0.6241140     0.6169572     0.6101064     0.6035144     0.5971155     0.5908249     0.5845368     0.5781227     0.5714289     0.5642734     0.5564433     0.5476921     0.5377383     0.5262644     0.5129189     0.4973200     0.4790631     0.4577330     0.4329203     0.4042437     0.3713780     0.3340872     0.2922620     0.2459590     0.1954392     0.1412008     0.0840015     0.0248644    -0.0349381    -0.0939271    -0.1504874    -0.2029655    -0.2497863    -0.2895796    -0.3212993    -0.3443191    -0.3584874    -0.3641312    -0.3620054    -0.3531943    -0.3389824    -0.3207167    -0.2996829    -0.2770143    -0.2536422    -0.2302843    -0.2074644    -0.1855474    -0.1647779    -0.1453140    -0.1272529    -0.1106472    -0.0955150    -0.0818468    -0.0696090    -0.0587486    -0.0491962    -0.0408695    -0.0336768    -0.0275206    -0.0223003    -0.0179149    -0.0142659    -0.0112587    -0.0088047    -0.0068217    -0.0052355    -0.0039794
     0.0674278     0.1342543     0.1998846     0.2637359     0.3252457     0.3838797     0.4391419     0.4905854     0.5378246     0.5805469     0.6185241     0.6516217     0.6798056     0.7031429     0.7217993     0.7360302     0.7461672     0.7526005     0.7557597     0.7560937     0.7540519     0.7500681     0.7445478     0.7378588     0.7303261     0.7222292     0.7138027     0.7052377     0.6966849     0.6882590     0.6800414     0.6720846     0.6644148     0.6570346     0.6499244     0.6430437     0.6363306     0.6297016     0.6230499     0.6162431     0.6091208     0.6014915     0.5931299     0.5837738     0.5731227     0.5608370     0.5465400     0.5298220     0.5102487     0.4873740     0.4607579     0.4299906     0.3947227     0.3547009     0.3098082     0.2601064     0.2058771     0.1476576     0.0862639     0.0227978    -0.0413711    -0.1046513    -0.1653055    -0.2215556    -0.2717086    -0.3142929    -0.3481860    -0.3727176    -0.3877283    -0.3935737    -0.3910693    -0.3813844    -0.3659034    -0.3460767    -0.3232884    -0.2987580    -0.2734868    -0.2482467    -0.2236002    -0.1999387    -0.1775243    -0.1565260    -0.1370470    -0.1191429    -0.1028319    -0.0881025    -0.0749179    -0.0632198    -0.0529328    -0.0439676    -0.0362248    -0.0295990    -0.0239814    -0.0192631    -0.0153377    -0.0121032    -0.0094640    -0.0073318    -0.0056264    -0.0042761
     0.0663207     0.1321239     0.1968954     0.2601284     0.3213281     0.3800170     0.4357422     0.4880839     0.5366646     0.5811603     0.6213108     0.6569307     0.6879176     0.7142583     0.7360302     0.7533993     0.7666120     0.7759832     0.7818808     0.7847078     0.7848842     0.7828302     0.7789508     0.7736244     0.7671944     0.7599638     0.7521934     0.7441011     0.7358643     0.7276220     0.7194780     0.7115046     0.7037447     0.6962149     0.6889069     0.6817884     0.6748032     0.6678708     0.6608843     0.6537088     0.6461782     0.6380924     0.6292139     0.6192655     0.6079278     0.5948393     0.5795981     0.5617666     0.5408805     0.5164623     0.4880414     0.4551793     0.4175021     0.3747390     0.3267654     0.2736484     0.2156910     0.1534697     0.0878601     0.0200437    -0.0485113    -0.1160996    -0.1808602    -0.2408889    -0.2943741    -0.3397416    -0.3757923    -0.4018120    -0.4176342    -0.4236440    -0.4207187    -0.4101145    -0.3933168    -0.3718811    -0.3472911    -0.3208535    -0.2936407    -0.2664788    -0.2399694    -0.2145307    -0.1904420    -0.1678831    -0.1469633    -0.1277406    -0.1102334    -0.0944279    -0.0802836    -0.0677371    -0.0567065    -0.0470951    -0.0387961    -0.0316957    -0.0256767    -0.0206222    -0.0164178    -0.0129540    -0.0101281    -0.0078454    -0.0060198    -0.0045747
     0.0650296     0.1296158     0.1933171     0.2556952     0.3163184     0.3747645     0.4306257     0.4835148     0.5330723     0.5789756     0.6209482     0.6587700     0.6922871     0.7214195     0.7461672     0.7666120     0.7829154     0.7953118     0.8040980     0.8096186     0.8122505     0.8123860     0.8104170     0.8067215     0.8016527     0.7955310     0.7886393     0.7812205     0.7734777     0.7655748     0.7576395     0.7497651     0.7420136     0.7344175     0.7269816     0.7196840     0.7124759     0.7052812     0.6979947     0.6904800     0.6825662     0.6740454     0.6646688     0.6541442     0.6421342     0.6282551     0.6120800     0.5931430     0.5709497     0.5449914     0.5147660     0.4798062     0.4397134     0.3941992     0.3431314     0.2865827     0.2248777     0.1586330     0.0887849     0.0165955    -0.0563670    -0.1282816    -0.1971623    -0.2609776    -0.3177957    -0.3659392    -0.4041321    -0.4316161    -0.4482184    -0.4543543    -0.4509649    -0.4393944    -0.4212310    -0.3981370    -0.3716969    -0.3433056    -0.3141075    -0.2849832    -0.2565739    -0.2293244    -0.2035316    -0.1793856    -0.1570017    -0.1364400    -0.1177190    -0.1008224    -0.0857056    -0.0722998    -0.0605165    -0.0502516    -0.0413902    -0.0338101    -0.0273858    -0.0219919    -0.0175059    -0.0138108    -0.0107967    -0.0083623    -0.0064157    -0.0048750
     0.0636198     0.1268612     0.1893463     0.2506983     0.3105426     0.3685092     0.4242350     0.4773683     0.5275741     0.5745411     0.6179890     0.6576785     0.6934198     0.7250819     0.7526005     0.7759832     0.7953118     0.8107405     0.8224902     0.8308387     0.8361080     0.8386496     0.8388293     0.8370128     0.8335527     0.8287790     0.8229907     0.8164521     0.8093898     0.8019923     0.7944112     0.7867624     0.7791281     0.7715587     0.7640741     0.7566646     0.7492907     0.7418822     0.7343370     0.7265184     0.7182520     0.7093229     0.6994716     0.6883917     0.6757274     0.6610736     0.6439781     0.6239468     0.6004549     0.5729618     0.5409343     0.5038754     0.4613619     0.4130875     0.3589125     0.2989154     0.2334427     0.1631523     0.0890417     0.0124553    -0.0649374    -0.1411983    -0.2142144    -0.2818255    -0.3419784    -0.3928916    -0.4332115    -0.4621362    -0.4794868    -0.4857105    -0.4818129    -0.4692283    -0.4496494    -0.4248467    -0.3965072    -0.3661149    -0.3348870    -0.3037593    -0.2734125    -0.2443185    -0.2167913    -0.1910316    -0.1671601    -0.1452393    -0.1252868    -0.1072841    -0.0911822    -0.0769065    -0.0643616    -0.0534359    -0.0440061    -0.0359415    -0.0291079    -0.0233715    -0.0186016    -0.0146733    -0.0114695    -0.0088823    -0.0068138    -0.0051769
     0.0621445     0.1239667     0.1851443     0.2453542     0.3042733     0.3615791     0.4169514     0.4700746     0.5206420     0.5683601     0.6129551     0.6541807     0.6918257     0.7257233     0.7557597     0.7818808     0.8040980     0.8224902     0.8372030     0.8484427     0.8564687     0.8615809     0.8641070     0.8643880     0.8627652     0.8595681     0.8551047     0.8496550     0.8434655     0.8367476     0.8296760     0.8223895     0.8149918     0.8075525     0.8001084     0.7926635     0.7851893     0.7776235     0.7698682     0.7617880     0.7532061     0.7439011     0.7336040     0.7219943     0.7086986     0.6932903     0.6752917     0.6541808     0.6294017     0.6003822     0.5665571     0.5273997     0.4824617     0.4314189     0.3741242     0.3106619     0.2414013     0.1670418     0.0886437     0.0076348    -0.0742123    -0.1548410    -0.2320095    -0.3034272    -0.3669181    -0.4205957    -0.4630284    -0.4933706    -0.5114381    -0.5177109    -0.5132609    -0.4996140    -0.4785693    -0.4520072    -0.4217184    -0.3892775    -0.3559750    -0.3228026    -0.2904809    -0.2595086    -0.2302170    -0.2028170    -0.1774348    -0.1541347    -0.1329337    -0.1138103    -0.0967108    -0.0815548    -0.0682397    -0.0566462    -0.0466422    -0.0380885    -0.0308420    -0.0247602    -0.0197040    -0.0155407    -0.0121459    -0.0094049    -0.0072138    -0.0054801
     0.0606457     0.1210174     0.1808403     0.2398383     0.2977334     0.3542461     0.4090957     0.4620021     0.5126879     0.5608819     0.6063237     0.6487695     0.6879991     0.7238236     0.7560937     0.7847078     0.8096186     0.8308387     0.8484427     0.8625663     0.8734019     0.8811905     0.8862117     0.8887709     0.8891863     0.8877766     0.8848501     0.8806949     0.8755729     0.8697144     0.8633157     0.8565380     0.8495065     0.8423112     0.8350068     0.8276129     0.8201135     0.8124555     0.8045471     0.7962552     0.7874017     0.7777602     0.7670521     0.7549440     0.7410450     0.7249070     0.7060273     0.6838553     0.6578043     0.6272696     0.5916540     0.5504009     0.5030363     0.4492182     0.3887918     0.3218478     0.2487786     0.1703262     0.0876144     0.0021562    -0.0841714    -0.1691910    -0.2505306    -0.3257674    -0.3926012    -0.4490393    -0.4935716    -0.5253090    -0.5440625    -0.5503462    -0.5452998    -0.5305426    -0.5079818    -0.4796095    -0.4473217    -0.4127847    -0.3773630    -0.3421049    -0.3077711    -0.2748872    -0.2438016    -0.2147355    -0.1878200    -0.1631211    -0.1406549    -0.1203965    -0.1022877    -0.0862415    -0.0721482    -0.0598800    -0.0492966    -0.0402495    -0.0325866    -0.0261568    -0.0208123    -0.0164125    -0.0128254    -0.0099297    -0.0076154    -0.0057844
     0.0591563     0.1180796     0.1765359     0.2342894     0.2911014     0.3467305     0.4009319     0.4534587     0.5040627     0.5524970     0.5985188     0.6418942     0.6824032     0.7198463     0.7540519     0.7848842     0.8122505     0.8361080     0.8564687     0.8734019     0.8870335     0.8975422     0.9051524     0.9101245     0.9127434     0.9133065     0.9121121     0.9094487     0.9055862     0.9007695     0.8952132     0.8890988     0.8825728     0.8757456     0.8686908     0.8614446     0.8540050     0.8463297     0.8383342     0.8298890     0.8208159     0.8108843     0.7998072     0.7872384     0.7727700     0.7559327     0.7361987     0.7129887     0.6856850     0.6536501     0.6162543     0.5729106     0.5231193     0.4665203     0.4029512     0.3325093     0.2556107     0.1730408     0.0859883    -0.0039475    -0.0947831    -0.1842187    -0.2697500    -0.3488202    -0.4190034    -0.4781998    -0.5248201    -0.5579316    -0.5773415    -0.5835986    -0.5779125    -0.5619975    -0.5378709    -0.5076384    -0.4733024    -0.4366223    -0.3990378    -0.3616538    -0.3252715    -0.2904435    -0.2575353    -0.2267779    -0.1983074    -0.1721912    -0.1484439    -0.1270373    -0.1079079    -0.0909624    -0.0760833    -0.0631345    -0.0519667    -0.0424223    -0.0343401    -0.0275598    -0.0219253    -0.0172876    -0.0135073    -0.0104561    -0.0080180    -0.0060894
     0.0577010     0.1152037     0.1723088     0.2288147     0.2845169     0.3392068     0.3926720     0.4446959     0.4950581     0.5435364     0.5899081     0.6339534     0.6754594     0.7142253     0.7500681     0.7828302     0.8123860     0.8386496     0.8615809     0.8811905     0.8975422     0.9107526     0.9209876     0.9284562     0.9334014     0.9360894     0.9367989     0.9358091     0.9333907     0.9297965     0.9252547     0.9199645     0.9140916     0.9077664     0.9010814     0.8940905     0.8868063     0.8791987     0.8711918     0.8626610     0.8534291     0.8432621     0.8318655     0.8188808     0.8038836     0.7863836     0.7658276     0.7416079     0.7130751     0.6795589     0.6403965     0.5949703     0.5427546     0.4833708     0.4166492     0.3426938     0.2619450     0.1752325     0.0838112    -0.0106317    -0.1060044    -0.1998829    -0.2896284    -0.3725485    -0.4460897    -0.5080440    -0.5567424    -0.5912087    -0.6112466    -0.6174413    -0.6110734    -0.5939543    -0.5682135    -0.5360716    -0.4996396    -0.4607708    -0.4209809    -0.3814321    -0.3429663    -0.3061631    -0.2714050    -0.2389326    -0.2088867    -0.1813357    -0.1562926    -0.1337255    -0.1135654    -0.0957122    -0.0800406    -0.0664059    -0.0546494    -0.0446044    -0.0361003    -0.0289677    -0.0230416    -0.0181649    -0.0141906    -0.0109835    -0.0084212    -0.0063948
     0.0562981     0.1124271     0.1682169     0.2234951     0.2780860     0.3318100     0.3844826     0.4359146     0.4859114     0.5342745     0.5808021     0.6252913     0.6675407     0.7073547     0.7445478     0.7789508     0.8104170     0.8388293     0.8641070     0.8862117     0.9051524     0.9209876     0.9338252     0.9438198     0.9511662     0.9560918     0.9588461     0.9596904     0.9588869     0.9566892     0.9533333     0.9490314     0.9439659     0.9382852     0.9321004     0.9254827     0.9184604     0.9110164     0.9030844     0.8945458     0.8852253     0.8748866     0.8632284     0.8498807     0.8344026     0.8162830     0.7949437     0.7697481     0.7400150     0.7050407     0.6641293     0.6166320     0.5619967     0.4998263     0.4299436     0.3524599     0.2678404     0.1769601     0.0811411    -0.0178396    -0.1177803    -0.2161303    -0.3101147    -0.3969031    -0.4738132    -0.5385272    -0.5892960    -0.6250997    -0.6457393    -0.6518375    -0.6447476    -0.6263801    -0.5989782    -0.5648799    -0.5263058    -0.4852045    -0.4431685    -0.4014179    -0.3608354    -0.3220279    -0.2853943    -0.2511849    -0.2195448    -0.1905431    -0.1641910    -0.1404524    -0.1192527    -0.1004847    -0.0840148    -0.0696895    -0.0573410    -0.0467927    -0.0378647    -0.0303783    -0.0241596    -0.0190433    -0.0148745    -0.0115111    -0.0088244    -0.0067000
     0.0549604     0.1097761     0.1643017     0.2183890     0.2718872     0.3246412     0.3764908     0.4272709     0.4768104     0.5249330     0.5714573     0.6161981     0.6589686     0.6995827     0.7378588     0.7736244     0.8067215     0.8370128     0.8643880     0.8887709     0.9101245     0.9284562     0.9438198     0.9563156     0.9660879     0.9733193     0.9782229     0.9810333     0.9819958     0.9813564     0.9793522     0.9762027     0.9721027     0.9672160     0.9616707     0.9555546     0.9489117     0.9417382     0.9339783     0.9255204     0.9161919     0.9057551     0.8939025     0.8802530     0.8643499     0.8456614     0.8235842     0.7974526     0.7665535     0.7301495     0.6875109     0.6379574     0.5809104     0.5159539     0.4429035     0.3618778     0.2733674     0.1782938     0.0780478    -0.0255025    -0.1300433    -0.2328953    -0.3311451    -0.4218225    -0.5021146    -0.5695927    -0.6224265    -0.6595527    -0.6807701    -0.6867402    -0.6788905    -0.6592326    -0.6301255    -0.5940260    -0.5532662    -0.5098912    -0.4655710    -0.4215842    -0.3788544    -0.3380155    -0.2994833    -0.2635171    -0.2302660    -0.1997998    -0.1721271    -0.1472078    -0.1249610    -0.1052722    -0.0879995    -0.0729802    -0.0600370    -0.0489836    -0.0396304    -0.0317893    -0.0252774    -0.0199210    -0.0155576    -0.0120378    -0.0092269    -0.0070045
     0.0536963     0.1072684     0.1605910     0.2135369     0.2659757     0.3177731     0.3687902     0.4188825     0.4679000     0.5156865     0.5620798     0.6069126     0.6500137     0.6912093     0.7303261     0.7671944     0.8016527     0.8335527     0.8627652     0.8891863     0.9127434     0.9334014     0.9511662     0.9660879     0.9782603     0.9878189     0.9949351     0.9998098     1.0026634     1.0037263     1.0032288     1.0013914     0.9984158     0.9944774     0.9897182     0.9842415     0.9781060     0.9713211     0.9638420     0.9555644     0.9463194     0.9358685     0.9238985     0.9100178     0.8937543     0.8745556     0.8517933     0.8247725     0.7927478     0.7549478     0.7106086     0.6590181     0.5995706     0.5318313     0.4556085     0.3710285     0.2786081     0.1793161     0.0746132    -0.0335392    -0.1427135    -0.2500996    -0.3526433    -0.4472327    -0.5309222    -0.6011711    -0.6560673    -0.6945040    -0.7162782    -0.7220915    -0.7134474    -0.6924601    -0.6616067    -0.6234646    -0.5804788    -0.5347920    -0.4881527    -0.4418983    -0.3969937    -0.3540996    -0.3136483    -0.2759081    -0.2410320    -0.2090895    -0.1800870    -0.1539796    -0.1306800    -0.1100661    -0.0919874    -0.0762719    -0.0627324    -0.0511729    -0.0413939    -0.0331979    -0.0263929    -0.0207966    -0.0162387    -0.0125628    -0.0096277    -0.0073078
     0.0525108     0.1049143     0.1571022     0.2089642     0.2603875     0.3112552     0.3614463     0.4108346     0.4592878     0.5066681     0.5528309     0.5976261     0.6408979     0.6824865     0.7222292     0.7599638     0.7955310     0.8287790     0.8595681     0.8877766     0.9133065     0.9360894     0.9560918     0.9733193     0.9878189     0.9996791     1.0090278     1.0160270     1.0208656     1.0237511     1.0248993     1.0245244     1.0228287     1.0199941     1.0161731     1.0114813     1.0059909     0.9997236     0.9926453     0.9846592     0.9756006     0.9652305     0.9532307     0.9391996     0.9226497     0.9030082     0.8796216     0.8517656     0.8186624     0.7795060     0.7334980     0.6798941     0.6180611     0.5475456     0.4681482     0.3800035     0.2836551     0.1801201     0.0709308    -0.0418567    -0.1556987    -0.2676523    -0.3745201    -0.4730464    -0.5601513    -0.6331804    -0.6901393    -0.7298774    -0.7521907    -0.7578220    -0.7483524    -0.7260008    -0.6933639    -0.6531416    -0.6078934    -0.5598608    -0.5108716    -0.4623222    -0.4152187    -0.3702492    -0.3278618    -0.2883337    -0.2518212    -0.2183937    -0.1880546    -0.1607539    -0.1363978    -0.1148564    -0.0959701    -0.0795575    -0.0654214    -0.0533559    -0.0431515    -0.0346010    -0.0275035    -0.0216679    -0.0169162    -0.0130848    -0.0100262    -0.0076090
     0.0514060     0.1027186     0.1538435     0.2046846     0.2551434     0.3051179     0.3545020     0.4031848     0.4510500     0.4979754     0.5438326     0.5884871     0.6317982     0.6736201     0.7138027     0.7521934     0.7886393     0.8229907     0.8551047     0.8848501     0.9121121     0.9367989     0.9588461     0.9782229     0.9949351     1.0090278     1.0205853     1.0297288     1.0366113     1.0414111     1.0443223     1.0455456     1.0452775     1.0437001     1.0409714     1.0372160     1.0325165     1.0269058     1.0203593     1.0127875     1.0040298     0.9938469     0.9819160     0.9678256     0.9510730     0.9310654     0.9071238     0.8784947     0.8443671     0.8039004     0.7562612     0.7006725     0.6364736     0.5631919     0.4806208     0.3889034     0.2886108     0.1808094     0.0671047    -0.0503508    -0.1688951    -0.2854504    -0.3966740    -0.4991638    -0.5897040    -0.6655254    -0.7245502    -0.7655840    -0.7884225    -0.7938506    -0.7835287    -0.7597821    -0.7253292    -0.6829940    -0.6354520    -0.5850443    -0.5336788    -0.4828114    -0.4334898    -0.3864286    -0.3420923    -0.3007660    -0.2626093    -0.2276911    -0.1960114    -0.1675150    -0.1421012    -0.1196318    -0.0999382    -0.0828292    -0.0680977    -0.0555274    -0.0448989    -0.0359954    -0.0286065    -0.0225329    -0.0175884    -0.0136025    -0.0104211    -0.0079075
     0.0503818     0.1006816     0.1508165     0.2007021     0.2502518     0.2993759     0.3479807     0.3959686     0.4432364     0.4896759     0.5351728     0.5796066     0.6228511     0.6647739     0.7052377     0.7441011     0.7812205     0.8164521     0.8496550     0.8806949     0.9094487     0.9358091     0.9596904     0.9810333     0.9998098     1.0160270     1.0297288     1.0409960     1.0499439     1.0567171     1.0614824     1.0644203     1.0657144     1.0655407     1.0640570     1.0613922     1.0576360     1.0528294     1.0469558     1.0399322     1.0316013     1.0217237     1.0099716     0.9959239     0.9790630     0.9587756     0.9343576     0.9050255     0.8699355     0.8282114     0.7789848     0.7214455     0.6549051     0.5788715     0.4931313     0.3978361     0.2935855     0.1814964     0.0632487    -0.0589068    -0.1821880    -0.3033795    -0.4189910    -0.5254725    -0.6194699    -0.6980980    -0.7591948    -0.8015221    -0.8248758    -0.8300840    -0.8188878    -0.7937209    -0.7574248    -0.7129495    -0.6630876    -0.6102813    -0.5565187    -0.5033158    -0.4517616    -0.4025976    -0.3563038    -0.3131734    -0.2733688    -0.2369578    -0.2039369    -0.1742453    -0.1477751    -0.1243796    -0.1038811    -0.0860783    -0.0707539    -0.0576814    -0.0466314    -0.0373770    -0.0296989    -0.0233891    -0.0182535    -0.0141144    -0.0108115    -0.0082024
