    -0.0000000    -0.0000001    -0.0000001    -0.0000001     0.0000000     0.0000003     0.0000008     0.0000016     0.0000027     0.0000042     0.0000061     0.0000083     0.0000109     0.0000138     0.0000171     0.0000205     0.0000242     0.0000280     0.0000318     0.0000356     0.0000394     0.0000430     0.0000465     0.0000498     0.0000528     0.0000556     0.0000581     0.0000603     0.0000622     0.0000638     0.0000651     0.0000661     0.0000668     0.0000673     0.0000674     0.0000673     0.0000670     0.0000664     0.0000656     0.0000646     0.0000634     0.0000621     0.0000606     0.0000590     0.0000572     0.0000554     0.0000534     0.0000514     0.0000493     0.0000471     0.0000449     0.0000427     0.0000404     0.0000381     0.0000358     0.0000335     0.0000313     0.0000290     0.0000267     0.0000245     0.0000223     0.0000201     0.0000179     0.0000158     0.0000138     0.0000117     0.0000097     0.0000078     0.0000059     0.0000040     0.0000022     0.0000004    -0.0000013    -0.0000031    -0.0000048    -0.0000065    -0.0000081    -0.0000098    -0.0000115    -0.0000131    -0.0000148    -0.0000165    -0.0000183    -0.0000201    -0.0000220    -0.0000239    -0.0000259    -0.0000279    -0.0000301    -0.0000323    -0.0000347    -0.0000372    -0.0000398    -0.0000425    -0.0000453    -0.0000482    -0.0000513    -0.0000545    -0.0000578    -0.0000612    -0.0000647    -0.0000683    -0.0000720    -0.0000757    -0.0000795    -0.0000833    -0.0000871    -0.0000908    -0.0000945    -0.0000981    -0.0001016    -0.0001049    -0.0001081    -0.0001110    -0.0001137    -0.0001162    -0.0001184    -0.0001202    -0.0001218    -0.0001230    -0.0001238    -0.0001242    -0.0001243    -0.0001239    -0.0001232    -0.0001221    -0.0001206    -0.0001188    -0.0001166    -0.0001141    -0.0001113    -0.0001082    -0.0001048    -0.0001013    -0.0000975    -0.0000936    -0.0000896    -0.0000854    -0.0000812    -0.0000770    -0.0000728    -0.0000686    -0.0000644    -0.0000603    -0.0000564    -0.0000525    -0.0000487    -0.0000451    -0.0000417    -0.0000384
    -0.0000001    -0.0000002    -0.0000003    -0.0000002     0.0000003     0.0000015     0.0000036     0.0000068     0.0000113     0.0000172     0.0000247     0.0000336     0.0000440     0.0000557     0.0000685     0.0000823     0.0000968     0.0001118     0.0001270     0.0001422     0.0001572     0.0001717     0.0001856     0.0001987     0.0002108     0.0002220     0.0002320     0.0002408     0.0002484     0.0002548     0.0002600     0.0002640     0.0002668     0.0002685     0.0002691     0.0002687     0.0002673     0.0002650     0.0002618     0.0002579     0.0002532     0.0002479     0.0002419     0.0002354     0.0002285     0.0002211     0.0002133     0.0002052     0.0001968     0.0001882     0.0001794     0.0001705     0.0001614     0.0001523     0.0001432     0.0001340     0.0001248     0.0001157     0.0001067     0.0000977     0.0000889     0.0000802     0.0000716     0.0000632     0.0000549     0.0000468     0.0000388     0.0000311     0.0000235     0.0000160     0.0000087     0.0000016    -0.0000054    -0.0000124    -0.0000192    -0.0000259    -0.0000326    -0.0000393    -0.0000459    -0.0000526    -0.0000594    -0.0000663    -0.0000733    -0.0000805    -0.0000879    -0.0000956    -0.0001035    -0.0001118    -0.0001204    -0.0001294    -0.0001388    -0.0001487    -0.0001591    -0.0001699    -0.0001812    -0.0001930    -0.0002053    -0.0002181    -0.0002313    -0.0002450    -0.0002590    -0.0002734    -0.0002881    -0.0003030    -0.0003181    -0.0003332    -0.0003483    -0.0003633    -0.0003780    -0.0003924    -0.0004063    -0.0004196    -0.0004323    -0.0004441    -0.0004550    -0.0004648    -0.0004735    -0.0004810    -0.0004871    -0.0004918    -0.0004951    -0.0004968    -0.0004971    -0.0004957    -0.0004928    -0.0004884    -0.0004825    -0.0004751    -0.0004664    -0.0004563    -0.0004451    -0.0004327    -0.0004193    -0.0004050    -0.0003900    -0.0003744    -0.0003582    -0.0003417    -0.0003249    -0.0003080    -0.0002911    -0.0002743    -0.0002577    -0.0002414    -0.0002254    -0.0002100    -0.0001950    -0.0001806    -0.0001668    -0.0001536
    -0.0000001    -0.0000003    -0.0000004     0.0000001     0.0000015     0.0000044     0.0000092     0.0000166     0.0000268     0.0000402     0.0000569     0.0000769     0.0001001     0.0001262     0.0001548     0.0001856     0.0002180     0.0002514     0.0002854     0.0003193     0.0003528     0.0003852     0.0004162     0.0004455     0.0004726     0.0004975     0.0005200     0.0005398     0.0005569     0.0005713     0.0005830     0.0005919     0.0005983     0.0006022     0.0006036     0.0006027     0.0005996     0.0005944     0.0005874     0.0005786     0.0005681     0.0005562     0.0005429     0.0005283     0.0005127     0.0004961     0.0004787     0.0004606     0.0004418     0.0004225     0.0004027     0.0003827     0.0003623     0.0003419     0.0003213     0.0003007     0.0002801     0.0002597     0.0002394     0.0002193     0.0001994     0.0001798     0.0001605     0.0001416     0.0001230     0.0001048     0.0000869     0.0000694     0.0000523     0.0000356     0.0000192     0.0000031    -0.0000126    -0.0000282    -0.0000435    -0.0000586    -0.0000737    -0.0000887    -0.0001036    -0.0001187    -0.0001340    -0.0001494    -0.0001652    -0.0001814    -0.0001980    -0.0002153    -0.0002331    -0.0002517    -0.0002711    -0.0002914    -0.0003126    -0.0003348    -0.0003581    -0.0003824    -0.0004079    -0.0004344    -0.0004621    -0.0004908    -0.0005206    -0.0005513    -0.0005829    -0.0006153    -0.0006484    -0.0006819    -0.0007158    -0.0007498    -0.0007838    -0.0008174    -0.0008506    -0.0008829    -0.0009142    -0.0009442    -0.0009726    -0.0009992    -0.0010237    -0.0010459    -0.0010654    -0.0010822    -0.0010960    -0.0011066    -0.0011140    -0.0011179    -0.0011184    -0.0011154    -0.0011089    -0.0010990    -0.0010857    -0.0010691    -0.0010494    -0.0010268    -0.0010014    -0.0009736    -0.0009435    -0.0009114    -0.0008776    -0.0008423    -0.0008060    -0.0007688    -0.0007310    -0.0006930    -0.0006550    -0.0006171    -0.0005798    -0.0005431    -0.0005072    -0.0004724    -0.0004387    -0.0004063    -0.0003753    -0.0003457
    -0.0000001    -0.0000002     0.0000001     0.0000013     0.0000043     0.0000100     0.0000192     0.0000326     0.0000511     0.0000750     0.0001046     0.0001399     0.0001807     0.0002266     0.0002770     0.0003311     0.0003879     0.0004466     0.0005063     0.0005660     0.0006247     0.0006818     0.0007364     0.0007880     0.0008360     0.0008799     0.0009196     0.0009546     0.0009849     0.0010104     0.0010312     0.0010472     0.0010586     0.0010655     0.0010681     0.0010667     0.0010613     0.0010523     0.0010399     0.0010244     0.0010060     0.0009849     0.0009614     0.0009358     0.0009082     0.0008789     0.0008480     0.0008159     0.0007826     0.0007484     0.0007135     0.0006779     0.0006419     0.0006056     0.0005691     0.0005326     0.0004961     0.0004599     0.0004238     0.0003882     0.0003529     0.0003182     0.0002840     0.0002503     0.0002173     0.0001850     0.0001533     0.0001223     0.0000919     0.0000622     0.0000331     0.0000046    -0.0000235    -0.0000510    -0.0000782    -0.0001051    -0.0001318    -0.0001584    -0.0001851    -0.0002119    -0.0002389    -0.0002664    -0.0002944    -0.0003232    -0.0003528    -0.0003834    -0.0004151    -0.0004481    -0.0004826    -0.0005186    -0.0005563    -0.0005958    -0.0006372    -0.0006804    -0.0007256    -0.0007728    -0.0008220    -0.0008730    -0.0009259    -0.0009805    -0.0010367    -0.0010943    -0.0011530    -0.0012126    -0.0012729    -0.0013333    -0.0013937    -0.0014535    -0.0015124    -0.0015699    -0.0016255    -0.0016788    -0.0017293    -0.0017766    -0.0018201    -0.0018595    -0.0018943    -0.0019241    -0.0019486    -0.0019675    -0.0019805    -0.0019875    -0.0019884    -0.0019831    -0.0019715    -0.0019538    -0.0019302    -0.0019007    -0.0018657    -0.0018254    -0.0017804    -0.0017308    -0.0016773    -0.0016202    -0.0015601    -0.0014975    -0.0014329    -0.0013668    -0.0012996    -0.0012320    -0.0011644    -0.0010972    -0.0010307    -0.0009655    -0.0009017    -0.0008398    -0.0007799    -0.0007223    -0.0006671    -0.0006145
     0.0000000     0.0000003     0.0000015     0.0000043     0.0000101     0.0000199     0.0000351     0.0000569     0.0000862     0.0001237     0.0001699     0.0002247     0.0002878     0.0003586     0.0004361     0.0005193     0.0006067     0.0006971     0.0007889     0.0008808     0.0009714     0.0010594     0.0011438     0.0012235     0.0012977     0.0013658     0.0014272     0.0014816     0.0015288     0.0015685     0.0016009     0.0016260     0.0016439     0.0016549     0.0016592     0.0016571     0.0016490     0.0016353     0.0016163     0.0015923     0.0015639     0.0015313     0.0014949     0.0014552     0.0014124     0.0013669     0.0013190     0.0012690     0.0012173     0.0011642     0.0011098     0.0010545     0.0009984     0.0009419     0.0008851     0.0008283     0.0007715     0.0007149     0.0006588     0.0006032     0.0005483     0.0004941     0.0004408     0.0003884     0.0003369     0.0002865     0.0002371     0.0001887     0.0001414     0.0000950     0.0000496     0.0000051    -0.0000386    -0.0000816    -0.0001241    -0.0001660    -0.0002077    -0.0002492    -0.0002908    -0.0003326    -0.0003748    -0.0004177    -0.0004615    -0.0005063    -0.0005525    -0.0006003    -0.0006499    -0.0007015    -0.0007553    -0.0008115    -0.0008704    -0.0009321    -0.0009966    -0.0010642    -0.0011348    -0.0012085    -0.0012852    -0.0013650    -0.0014476    -0.0015329    -0.0016207    -0.0017106    -0.0018023    -0.0018954    -0.0019895    -0.0020839    -0.0021782    -0.0022716    -0.0023636    -0.0024534    -0.0025403    -0.0026236    -0.0027025    -0.0027763    -0.0028443    -0.0029058    -0.0029601    -0.0030066    -0.0030449    -0.0030744    -0.0030948    -0.0031057    -0.0031071    -0.0030987    -0.0030806    -0.0030530    -0.0030160    -0.0029699    -0.0029152    -0.0028523    -0.0027819    -0.0027045    -0.0026208    -0.0025316    -0.0024377    -0.0023399    -0.0022389    -0.0021356    -0.0020307    -0.0019251    -0.0018194    -0.0017143    -0.0016105    -0.0015086    -0.0014090    -0.0013122    -0.0012187    -0.0011286    -0.0010424    -0.0009602
     0.0000003     0.0000015     0.0000044     0.0000100     0.0000199     0.0000357     0.0000592     0.0000917     0.0001347     0.0001891     0.0002554     0.0003336     0.0004233     0.0005237     0.0006334     0.0007510     0.0008746     0.0010023     0.0011322     0.0012622     0.0013905     0.0015153     0.0016350     0.0017482     0.0018538     0.0019508     0.0020385     0.0021162     0.0021837     0.0022407     0.0022873     0.0023235     0.0023494     0.0023655     0.0023721     0.0023696     0.0023584     0.0023392     0.0023123     0.0022784     0.0022380     0.0021917     0.0021399     0.0020832     0.0020221     0.0019571     0.0018887     0.0018172     0.0017433     0.0016672     0.0015893     0.0015101     0.0014298     0.0013488     0.0012674     0.0011858     0.0011043     0.0010232     0.0009427     0.0008629     0.0007841     0.0007063     0.0006297     0.0005545     0.0004806     0.0004081     0.0003372     0.0002677     0.0001996     0.0001330     0.0000678     0.0000038    -0.0000590    -0.0001209    -0.0001819    -0.0002422    -0.0003021    -0.0003618    -0.0004216    -0.0004817    -0.0005424    -0.0006041    -0.0006670    -0.0007315    -0.0007980    -0.0008667    -0.0009380    -0.0010123    -0.0010897    -0.0011706    -0.0012553    -0.0013441    -0.0014369    -0.0015341    -0.0016358    -0.0017418    -0.0018523    -0.0019671    -0.0020860    -0.0022088    -0.0023351    -0.0024645    -0.0025966    -0.0027306    -0.0028659    -0.0030019    -0.0031375    -0.0032720    -0.0034044    -0.0035337    -0.0036588    -0.0037787    -0.0038923    -0.0039985    -0.0040964    -0.0041849    -0.0042630    -0.0043300    -0.0043851    -0.0044275    -0.0044568    -0.0044725    -0.0044744    -0.0044624    -0.0044363    -0.0043965    -0.0043432    -0.0042768    -0.0041980    -0.0041075    -0.0040060    -0.0038945    -0.0037740    -0.0036456    -0.0035104    -0.0033695    -0.0032240    -0.0030752    -0.0029242    -0.0027721    -0.0026199    -0.0024686    -0.0023191    -0.0021723    -0.0020289    -0.0018896    -0.0017549    -0.0016252    -0.0015011    -0.0013826
     0.0000008     0.0000036     0.0000092     0.0000192     0.0000351     0.0000592     0.0000933     0.0001395     0.0001993     0.0002738     0.0003638     0.0004692     0.0005895     0.0007237     0.0008701     0.0010268     0.0011915     0.0013616     0.0015347     0.0017081     0.0018793     0.0020461     0.0022062     0.0023580     0.0024997     0.0026300     0.0027480     0.0028529     0.0029441     0.0030213     0.0030846     0.0031339     0.0031695     0.0031919     0.0032014     0.0031986     0.0031842     0.0031588     0.0031231     0.0030779     0.0030238     0.0029616     0.0028920     0.0028158     0.0027335     0.0026459     0.0025536     0.0024572     0.0023573     0.0022544     0.0021492     0.0020420     0.0019333     0.0018237     0.0017134     0.0016029     0.0014926     0.0013827     0.0012735     0.0011654     0.0010584     0.0009530     0.0008491     0.0007470     0.0006467     0.0005484     0.0004521     0.0003577     0.0002654     0.0001750     0.0000864    -0.0000005    -0.0000858    -0.0001698    -0.0002527    -0.0003346    -0.0004160    -0.0004971    -0.0005783    -0.0006600    -0.0007425    -0.0008263    -0.0009119    -0.0009996    -0.0010899    -0.0011833    -0.0012803    -0.0013812    -0.0014865    -0.0015966    -0.0017118    -0.0018324    -0.0019587    -0.0020909    -0.0022292    -0.0023734    -0.0025237    -0.0026798    -0.0028416    -0.0030086    -0.0031805    -0.0033565    -0.0035361    -0.0037185    -0.0039026    -0.0040875    -0.0042721    -0.0044551    -0.0046352    -0.0048111    -0.0049813    -0.0051444    -0.0052989    -0.0054434    -0.0055766    -0.0056969    -0.0058032    -0.0058944    -0.0059692    -0.0060269    -0.0060668    -0.0060881    -0.0060907    -0.0060742    -0.0060387    -0.0059844    -0.0059118    -0.0058215    -0.0057142    -0.0055909    -0.0054528    -0.0053010    -0.0051370    -0.0049622    -0.0047781    -0.0045863    -0.0043883    -0.0041858    -0.0039802    -0.0037732    -0.0035660    -0.0033600    -0.0031566    -0.0029568    -0.0027616    -0.0025719    -0.0023886    -0.0022121    -0.0020431    -0.0018819
     0.0000016     0.0000068     0.0000166     0.0000326     0.0000569     0.0000917     0.0001395     0.0002023     0.0002821     0.0003802     0.0004974     0.0006336     0.0007884     0.0009602     0.0011473     0.0013472     0.0015572     0.0017741     0.0019948     0.0022161     0.0024348     0.0026481     0.0028532     0.0030478     0.0032299     0.0033976     0.0035498     0.0036852     0.0038033     0.0039037     0.0039860     0.0040506     0.0040975     0.0041273     0.0041405     0.0041379     0.0041202     0.0040882     0.0040429     0.0039852     0.0039159     0.0038360     0.0037465     0.0036482     0.0035421     0.0034289     0.0033096     0.0031849     0.0030556     0.0029223     0.0027859     0.0026469     0.0025060     0.0023636     0.0022205     0.0020770     0.0019336     0.0017908     0.0016489     0.0015083     0.0013693     0.0012320     0.0010969     0.0009640     0.0008336     0.0007056     0.0005802     0.0004574     0.0003371     0.0002194     0.0001040    -0.0000092    -0.0001203    -0.0002297    -0.0003377    -0.0004445    -0.0005505    -0.0006562    -0.0007621    -0.0008685    -0.0009761    -0.0010854    -0.0011970    -0.0013113    -0.0014292    -0.0015510    -0.0016775    -0.0018091    -0.0019465    -0.0020901    -0.0022404    -0.0023978    -0.0025626    -0.0027352    -0.0029156    -0.0031038    -0.0033000    -0.0035037    -0.0037149    -0.0039329    -0.0041572    -0.0043870    -0.0046215    -0.0048595    -0.0050999    -0.0053413    -0.0055822    -0.0058211    -0.0060562    -0.0062858    -0.0065079    -0.0067208    -0.0069226    -0.0071112    -0.0072850    -0.0074421    -0.0075809    -0.0076998    -0.0077975    -0.0078728    -0.0079247    -0.0079525    -0.0079558    -0.0079342    -0.0078878    -0.0078168    -0.0077220    -0.0076039    -0.0074637    -0.0073027    -0.0071222    -0.0069239    -0.0067097    -0.0064813    -0.0062409    -0.0059903    -0.0057317    -0.0054672    -0.0051987    -0.0049282    -0.0046576    -0.0043886    -0.0041229    -0.0038619    -0.0036070    -0.0033592    -0.0031197    -0.0028893    -0.0026685    -0.0024580
     0.0000027     0.0000113     0.0000268     0.0000511     0.0000862     0.0001347     0.0001993     0.0002821     0.0003854     0.0005106     0.0006584     0.0008290     0.0010215     0.0012345     0.0014657     0.0017123     0.0019711     0.0022384     0.0025104     0.0027833     0.0030534     0.0033171     0.0035710     0.0038124     0.0040385     0.0042473     0.0044370     0.0046063     0.0047543     0.0048804     0.0049843     0.0050660     0.0051259     0.0051645     0.0051824     0.0051804     0.0051595     0.0051208     0.0050652     0.0049940     0.0049082     0.0048090     0.0046977     0.0045752     0.0044427     0.0043013     0.0041521     0.0039959     0.0038339     0.0036668     0.0034957     0.0033212     0.0031442     0.0029654     0.0027854     0.0026050     0.0024246     0.0022449     0.0020663     0.0018892     0.0017141     0.0015413     0.0013710     0.0012036     0.0010391     0.0008778     0.0007197     0.0005648     0.0004132     0.0002646     0.0001191    -0.0000237    -0.0001640    -0.0003020    -0.0004382    -0.0005730    -0.0007069    -0.0008404    -0.0009740    -0.0011085    -0.0012444    -0.0013824    -0.0015233    -0.0016678    -0.0018167    -0.0019706    -0.0021304    -0.0022968    -0.0024704    -0.0026520    -0.0028420    -0.0030410    -0.0032494    -0.0034675    -0.0036956    -0.0039337    -0.0041817    -0.0044394    -0.0047064    -0.0049821    -0.0052658    -0.0055565    -0.0058530    -0.0061540    -0.0064581    -0.0067634    -0.0070681    -0.0073703    -0.0076677    -0.0079580    -0.0082391    -0.0085084    -0.0087635    -0.0090021    -0.0092219    -0.0094206    -0.0095961    -0.0097464    -0.0098699    -0.0099651    -0.0100307    -0.0100658    -0.0100698    -0.0100424    -0.0099836    -0.0098938    -0.0097736    -0.0096241    -0.0094466    -0.0092427    -0.0090143    -0.0087633    -0.0084921    -0.0082031    -0.0078987    -0.0075815    -0.0072543    -0.0069194    -0.0065796    -0.0062373    -0.0058948    -0.0055543    -0.0052180    -0.0048877    -0.0045650    -0.0042515    -0.0039483    -0.0036567    -0.0033773    -0.0031108
     0.0000042     0.0000172     0.0000402     0.0000750     0.0001237     0.0001891     0.0002738     0.0003802     0.0005106     0.0006663     0.0008483     0.0010564     0.0012900     0.0015471     0.0018255     0.0021217     0.0024322     0.0027528     0.0030791     0.0034067     0.0037312     0.0040484     0.0043543     0.0046456     0.0049190     0.0051720     0.0054023     0.0056084     0.0057890     0.0059434     0.0060710     0.0061720     0.0062466     0.0062952     0.0063188     0.0063182     0.0062945     0.0062489     0.0061827     0.0060972     0.0059939     0.0058741     0.0057392     0.0055906     0.0054296     0.0052575     0.0050757     0.0048852     0.0046874     0.0044834     0.0042741     0.0040607     0.0038440     0.0036250     0.0034046     0.0031834     0.0029623     0.0027418     0.0025227     0.0023053     0.0020903     0.0018781     0.0016690     0.0014632     0.0012611     0.0010629     0.0008685     0.0006781     0.0004916     0.0003089     0.0001299    -0.0000458    -0.0002184    -0.0003883    -0.0005559    -0.0007218    -0.0008866    -0.0010509    -0.0012155    -0.0013811    -0.0015484    -0.0017185    -0.0018920    -0.0020701    -0.0022535    -0.0024432    -0.0026402    -0.0028453    -0.0030593    -0.0032831    -0.0035174    -0.0037627    -0.0040197    -0.0042888    -0.0045700    -0.0048637    -0.0051696    -0.0054874    -0.0058168    -0.0061569    -0.0065068    -0.0068654    -0.0072312    -0.0076026    -0.0079777    -0.0083544    -0.0087303    -0.0091031    -0.0094700    -0.0098282    -0.0101749    -0.0105072    -0.0108219    -0.0111163    -0.0113874    -0.0116325    -0.0118490    -0.0120344    -0.0121867    -0.0123041    -0.0123849    -0.0124281    -0.0124329    -0.0123989    -0.0123262    -0.0122152    -0.0120667    -0.0118821    -0.0116629    -0.0114111    -0.0111290    -0.0108191    -0.0104842    -0.0101273    -0.0097515    -0.0093600    -0.0089559    -0.0085425    -0.0081229    -0.0077003    -0.0072774    -0.0068571    -0.0064419    -0.0060340    -0.0056357    -0.0052486    -0.0048744    -0.0045143    -0.0041694    -0.0038404
     0.0000061     0.0000247     0.0000569     0.0001046     0.0001699     0.0002554     0.0003638     0.0004974     0.0006584     0.0008483     0.0010677     0.0013167     0.0015942     0.0018983     0.0022263     0.0025746     0.0029391     0.0033153     0.0036981     0.0040826     0.0044639     0.0048370     0.0051975     0.0055412     0.0058645     0.0061643     0.0064379     0.0066833     0.0068990     0.0070839     0.0072375     0.0073597     0.0074506     0.0075108     0.0075411     0.0075427     0.0075166     0.0074644     0.0073874     0.0072873     0.0071656     0.0070241     0.0068643     0.0066878     0.0064964     0.0062914     0.0060746     0.0058473     0.0056109     0.0053668     0.0051164     0.0048607     0.0046011     0.0043385     0.0040740     0.0038085     0.0035430     0.0032781     0.0030147     0.0027535     0.0024949     0.0022396     0.0019880     0.0017404     0.0014971     0.0012584     0.0010243     0.0007950     0.0005703     0.0003502     0.0001344    -0.0000773    -0.0002853    -0.0004901    -0.0006923    -0.0008924    -0.0010911    -0.0012894    -0.0014879    -0.0016876    -0.0018896    -0.0020948    -0.0023044    -0.0025193    -0.0027408    -0.0029699    -0.0032078    -0.0034555    -0.0037140    -0.0039844    -0.0042675    -0.0045640    -0.0048745    -0.0051996    -0.0055396    -0.0058945    -0.0062642    -0.0066485    -0.0070466    -0.0074578    -0.0078808    -0.0083143    -0.0087566    -0.0092056    -0.0096591    -0.0101145    -0.0105691    -0.0110198    -0.0114634    -0.0118966    -0.0123158    -0.0127175    -0.0130981    -0.0134540    -0.0137817    -0.0140780    -0.0143397    -0.0145639    -0.0147479    -0.0148897    -0.0149873    -0.0150394    -0.0150451    -0.0150038    -0.0149156    -0.0147811    -0.0146014    -0.0143779    -0.0141125    -0.0138078    -0.0134663    -0.0130913    -0.0126860    -0.0122541    -0.0117993    -0.0113255    -0.0108365    -0.0103363    -0.0098286    -0.0093172    -0.0088055    -0.0082969    -0.0077945    -0.0073010    -0.0068190    -0.0063506    -0.0058978    -0.0054621    -0.0050448    -0.0046468
     0.0000083     0.0000336     0.0000769     0.0001399     0.0002247     0.0003336     0.0004692     0.0006336     0.0008290     0.0010564     0.0013167     0.0016095     0.0019338     0.0022873     0.0026671     0.0030694     0.0034897     0.0039230     0.0043640     0.0048071     0.0052467     0.0056775     0.0060943     0.0064925     0.0068677     0.0072164     0.0075354     0.0078224     0.0080753     0.0082929     0.0084745     0.0086196     0.0087285     0.0088017     0.0088401     0.0088447     0.0088170     0.0087584     0.0086708     0.0085558     0.0084153     0.0082511     0.0080653     0.0078597     0.0076361     0.0073964     0.0071425     0.0068759     0.0065985     0.0063117     0.0060172     0.0057164     0.0054106     0.0051012     0.0047893     0.0044762     0.0041628     0.0038501     0.0035390     0.0032303     0.0029247     0.0026228     0.0023252     0.0020322     0.0017444     0.0014618     0.0011847     0.0009131     0.0006471     0.0003863     0.0001307    -0.0001202    -0.0003667    -0.0006095    -0.0008491    -0.0010864    -0.0013221    -0.0015572    -0.0017927    -0.0020297    -0.0022693    -0.0025129    -0.0027616    -0.0030167    -0.0032797    -0.0035518    -0.0038343    -0.0041285    -0.0044356    -0.0047568    -0.0050932    -0.0054455    -0.0058145    -0.0062009    -0.0066050    -0.0070269    -0.0074664    -0.0079232    -0.0083965    -0.0088853    -0.0093883    -0.0099037    -0.0104296    -0.0109635    -0.0115027    -0.0120443    -0.0125848    -0.0131208    -0.0136483    -0.0141634    -0.0146618    -0.0151395    -0.0155921    -0.0160153    -0.0164050    -0.0167573    -0.0170684    -0.0173348    -0.0175536    -0.0177221    -0.0178380    -0.0178997    -0.0179062    -0.0178569    -0.0177518    -0.0175916    -0.0173775    -0.0171114    -0.0167955    -0.0164326    -0.0160262    -0.0155798    -0.0150974    -0.0145834    -0.0140421    -0.0134781    -0.0128961    -0.0123008    -0.0116966    -0.0110879    -0.0104790    -0.0098737    -0.0092758    -0.0086885    -0.0081149    -0.0075575    -0.0070186    -0.0065001    -0.0060034    -0.0055298
     0.0000109     0.0000440     0.0001001     0.0001807     0.0002878     0.0004233     0.0005895     0.0007884     0.0010215     0.0012900     0.0015942     0.0019338     0.0023072     0.0027123     0.0031458     0.0036037     0.0040811     0.0045728     0.0050730     0.0055756     0.0060747     0.0065642     0.0070386     0.0074924     0.0079211     0.0083202     0.0086864     0.0090166     0.0093086     0.0095608     0.0097720     0.0099419     0.0100704     0.0101581     0.0102057     0.0102145     0.0101860     0.0101217     0.0100237     0.0098938     0.0097342     0.0095470     0.0093343     0.0090984     0.0088414     0.0085654     0.0082725     0.0079647     0.0076440     0.0073121     0.0069710     0.0066222     0.0062674     0.0059082     0.0055459     0.0051819     0.0048174     0.0044536     0.0040915     0.0037320     0.0033760     0.0030242     0.0026773     0.0023358     0.0020000     0.0016704     0.0013470     0.0010301     0.0007194     0.0004150     0.0001165    -0.0001765    -0.0004645    -0.0007482    -0.0010282    -0.0013056    -0.0015811    -0.0018560    -0.0021314    -0.0024086    -0.0026889    -0.0029739    -0.0032649    -0.0035636    -0.0038714    -0.0041900    -0.0045208    -0.0048653    -0.0052251    -0.0056014    -0.0059954    -0.0064082    -0.0068406    -0.0072935    -0.0077670    -0.0082615    -0.0087767    -0.0093121    -0.0098670    -0.0104401    -0.0110298    -0.0116341    -0.0122507    -0.0128767    -0.0135089    -0.0141439    -0.0147778    -0.0154062    -0.0160248    -0.0166288    -0.0172133    -0.0177734    -0.0183041    -0.0188003    -0.0192572    -0.0196703    -0.0200350    -0.0203473    -0.0206037    -0.0208011    -0.0209369    -0.0210090    -0.0210164    -0.0209582    -0.0208347    -0.0206464    -0.0203950    -0.0200825    -0.0197116    -0.0192857    -0.0188085    -0.0182845    -0.0177183    -0.0171149    -0.0164796    -0.0158177    -0.0151346    -0.0144359    -0.0137267    -0.0130124    -0.0122977    -0.0115874    -0.0108856    -0.0101964    -0.0095232    -0.0088691    -0.0082367    -0.0076281    -0.0070453    -0.0064894
     0.0000138     0.0000557     0.0001262     0.0002266     0.0003586     0.0005237     0.0007237     0.0009602     0.0012345     0.0015471     0.0018983     0.0022873     0.0027123     0.0031709     0.0036598     0.0041744     0.0047100     0.0052608     0.0058207     0.0063834     0.0069423     0.0074911     0.0080236     0.0085339     0.0090168     0.0094675     0.0098820     0.0102568     0.0105894     0.0108776     0.0111201     0.0113163     0.0114660     0.0115696     0.0116278     0.0116420     0.0116135     0.0115443     0.0114364     0.0112920     0.0111132     0.0109027     0.0106627     0.0103958     0.0101043     0.0097908     0.0094574     0.0091067     0.0087407     0.0083616     0.0079715     0.0075724     0.0071660     0.0067543     0.0063387     0.0059210     0.0055024     0.0050844     0.0046682     0.0042548     0.0038452     0.0034404     0.0030410     0.0026477     0.0022610     0.0018811     0.0015085     0.0011431     0.0007849     0.0004338     0.0000895    -0.0002486    -0.0005810    -0.0009083    -0.0012316    -0.0015518    -0.0018700    -0.0021875    -0.0025057    -0.0028260    -0.0031500    -0.0034794    -0.0038158    -0.0041612    -0.0045172    -0.0048856    -0.0052684    -0.0056671    -0.0060834    -0.0065189    -0.0069750    -0.0074529    -0.0079536    -0.0084780    -0.0090264    -0.0095990    -0.0101957    -0.0108159    -0.0114587    -0.0121226    -0.0128057    -0.0135058    -0.0142202    -0.0149455    -0.0156780    -0.0164138    -0.0171482    -0.0178764    -0.0185931    -0.0192930    -0.0199703    -0.0206193    -0.0212341    -0.0218091    -0.0223385    -0.0228170    -0.0232395    -0.0236013    -0.0238983    -0.0241268    -0.0242838    -0.0243672    -0.0243754    -0.0243077    -0.0241641    -0.0239456    -0.0236537    -0.0232911    -0.0228608    -0.0223666    -0.0218131    -0.0212053    -0.0205485    -0.0198487    -0.0191118    -0.0183440    -0.0175518    -0.0167414    -0.0159190    -0.0150905    -0.0142617    -0.0134378    -0.0126240    -0.0118247    -0.0110440    -0.0102853    -0.0095519    -0.0088462    -0.0081702    -0.0075256
     0.0000171     0.0000685     0.0001548     0.0002770     0.0004361     0.0006334     0.0008701     0.0011473     0.0014657     0.0018255     0.0022263     0.0026671     0.0031458     0.0036598     0.0042052     0.0047778     0.0053721     0.0059823     0.0066022     0.0072249     0.0078437     0.0084518     0.0090424     0.0096094     0.0101469     0.0106497     0.0111133     0.0115337     0.0119078     0.0122334     0.0125086     0.0127325     0.0129047     0.0130256     0.0130958     0.0131165     0.0130892     0.0130160     0.0128990     0.0127404     0.0125429     0.0123091     0.0120416     0.0117431     0.0114165     0.0110644     0.0106895     0.0102943     0.0098815     0.0094534     0.0090124     0.0085607     0.0081005     0.0076338     0.0071624     0.0066882     0.0062129     0.0057379     0.0052647     0.0047945     0.0043284     0.0038676     0.0034128     0.0029647     0.0025240     0.0020911     0.0016662     0.0012495     0.0008409     0.0004403     0.0000473    -0.0003386    -0.0007181    -0.0010920    -0.0014612    -0.0018270    -0.0021906    -0.0025535    -0.0029172    -0.0032834    -0.0036539    -0.0040307    -0.0044156    -0.0048108    -0.0052182    -0.0056400    -0.0060782    -0.0065347    -0.0070115    -0.0075104    -0.0080329    -0.0085805    -0.0091543    -0.0097552    -0.0103837    -0.0110401    -0.0117241    -0.0124351    -0.0131720    -0.0139332    -0.0147165    -0.0155193    -0.0163384    -0.0171702    -0.0180103    -0.0188540    -0.0196963    -0.0205314    -0.0213534    -0.0221560    -0.0229328    -0.0236771    -0.0243822    -0.0250416    -0.0256487    -0.0261974    -0.0266819    -0.0270967    -0.0274371    -0.0276989    -0.0278788    -0.0279741    -0.0279831    -0.0279050    -0.0277399    -0.0274887    -0.0271535    -0.0267370    -0.0262428    -0.0256753    -0.0250398    -0.0243419    -0.0235879    -0.0227844    -0.0219384    -0.0210570    -0.0201476    -0.0192173    -0.0182731    -0.0173221    -0.0163706    -0.0154249    -0.0144907    -0.0135732    -0.0126770    -0.0118061    -0.0109642    -0.0101542    -0.0093782    -0.0086383
     0.0000205     0.0000823     0.0001856     0.0003311     0.0005193     0.0007510     0.0010268     0.0013472     0.0017123     0.0021217     0.0025746     0.0030694     0.0036037     0.0041744     0.0047778     0.0054089     0.0060624     0.0067323     0.0074120     0.0080945     0.0087727     0.0094396     0.0100880     0.0107114     0.0113034     0.0118584     0.0123713     0.0128378     0.0132543     0.0136180     0.0139269     0.0141797     0.0143758     0.0145153     0.0145987     0.0146272     0.0146024     0.0145262     0.0144009     0.0142290     0.0140132     0.0137564     0.0134614     0.0131314     0.0127692     0.0123780     0.0119606     0.0115200     0.0110590     0.0105804     0.0100868     0.0095808     0.0090647     0.0085408     0.0080114     0.0074784     0.0069438     0.0064092     0.0058764     0.0053467     0.0048214     0.0043018     0.0037888     0.0032832     0.0027857     0.0022969     0.0018170     0.0013462     0.0008845     0.0004317    -0.0000126    -0.0004490    -0.0008782    -0.0013012    -0.0017191    -0.0021331    -0.0025447    -0.0029556    -0.0033675    -0.0037824    -0.0042022    -0.0046292    -0.0050656    -0.0055136    -0.0059757    -0.0064541    -0.0069512    -0.0074693    -0.0080105    -0.0085767    -0.0091699    -0.0097917    -0.0104433    -0.0111257    -0.0118396    -0.0125853    -0.0133624    -0.0141702    -0.0150074    -0.0158723    -0.0167624    -0.0176748    -0.0186057    -0.0195509    -0.0205058    -0.0214648    -0.0224221    -0.0233713    -0.0243056    -0.0252179    -0.0261008    -0.0269468    -0.0277483    -0.0284977    -0.0291878    -0.0298114    -0.0303619    -0.0308332    -0.0312199    -0.0315173    -0.0317214    -0.0318294    -0.0318393    -0.0317500    -0.0315618    -0.0312757    -0.0308940    -0.0304198    -0.0298573    -0.0292116    -0.0284883    -0.0276941    -0.0268361    -0.0259219    -0.0249592    -0.0239564    -0.0229217    -0.0218632    -0.0207890    -0.0197069    -0.0186244    -0.0175485    -0.0164856    -0.0154417    -0.0144221    -0.0134314    -0.0124735    -0.0115519    -0.0106692    -0.0098273
     0.0000242     0.0000968     0.0002180     0.0003879     0.0006067     0.0008746     0.0011915     0.0015572     0.0019711     0.0024322     0.0029391     0.0034897     0.0040811     0.0047100     0.0053721     0.0060624     0.0067754     0.0075049     0.0082440     0.0089857     0.0097227     0.0104476     0.0111531     0.0118322     0.0124781     0.0130849     0.0136470     0.0141596     0.0146188     0.0150213     0.0153647     0.0156474     0.0158684     0.0160277     0.0161256     0.0161632     0.0161420     0.0160640     0.0159315     0.0157472     0.0155139     0.0152346     0.0149126     0.0145511     0.0141533     0.0137226     0.0132623     0.0127755     0.0122655     0.0117352     0.0111877     0.0106257     0.0100521     0.0094693     0.0088798     0.0082859     0.0076898     0.0070934     0.0064985     0.0059068     0.0053199     0.0047390     0.0041652     0.0035995     0.0030427     0.0024954     0.0019579     0.0014304     0.0009130     0.0004054    -0.0000927    -0.0005822    -0.0010636    -0.0015382    -0.0020072    -0.0024719    -0.0029341    -0.0033956    -0.0038583    -0.0043244    -0.0047963    -0.0052763    -0.0057670    -0.0062709    -0.0067907    -0.0073290    -0.0078885    -0.0084717    -0.0090810    -0.0097186    -0.0103868    -0.0110871    -0.0118212    -0.0125901    -0.0133946    -0.0142350    -0.0151108    -0.0160214    -0.0169652    -0.0179402    -0.0189438    -0.0199724    -0.0210220    -0.0220879    -0.0231645    -0.0242460    -0.0253255    -0.0263959    -0.0274496    -0.0284784    -0.0294741    -0.0304282    -0.0313320    -0.0321772    -0.0329553    -0.0336585    -0.0342792    -0.0348106    -0.0352465    -0.0355815    -0.0358114    -0.0359328    -0.0359434    -0.0358422    -0.0356294    -0.0353061    -0.0348749    -0.0343393    -0.0337041    -0.0329749    -0.0321583    -0.0312616    -0.0302929    -0.0292607    -0.0281740    -0.0270419    -0.0258738    -0.0246788    -0.0234662    -0.0222447    -0.0210228    -0.0198082    -0.0186084    -0.0174301    -0.0162791    -0.0151608    -0.0140796    -0.0130393    -0.0120429    -0.0110926
     0.0000280     0.0001118     0.0002514     0.0004466     0.0006971     0.0010023     0.0013616     0.0017741     0.0022384     0.0027528     0.0033153     0.0039230     0.0045728     0.0052608     0.0059823     0.0067323     0.0075049     0.0082936     0.0090917     0.0098919     0.0106868     0.0114687     0.0122302     0.0129639     0.0136630     0.0143208     0.0149316     0.0154901     0.0159919     0.0164333     0.0168117     0.0171249     0.0173718     0.0175519     0.0176655     0.0177134     0.0176971     0.0176185     0.0174800     0.0172843     0.0170345     0.0167336     0.0163851     0.0159925     0.0155594     0.0150893     0.0145858     0.0140525     0.0134928     0.0129100     0.0123076     0.0116885     0.0110559     0.0104127     0.0097615     0.0091049     0.0084453     0.0077850     0.0071261     0.0064703     0.0058194     0.0051748     0.0045379     0.0039098     0.0032912     0.0026830     0.0020855     0.0014990     0.0009235     0.0003588    -0.0001956    -0.0007405    -0.0012766    -0.0018052    -0.0023276    -0.0028455    -0.0033606    -0.0038751    -0.0043911    -0.0049111    -0.0054376    -0.0059733    -0.0065211    -0.0070837    -0.0076643    -0.0082657    -0.0088909    -0.0095427    -0.0102239    -0.0109368    -0.0116840    -0.0124674    -0.0132886    -0.0141489    -0.0150491    -0.0159895    -0.0169697    -0.0179889    -0.0190454    -0.0201370    -0.0212605    -0.0224121    -0.0235874    -0.0247809    -0.0259865    -0.0271975    -0.0284064    -0.0296051    -0.0307851    -0.0319373    -0.0330524    -0.0341209    -0.0351331    -0.0360796    -0.0369510    -0.0377384    -0.0384334    -0.0390283    -0.0395162    -0.0398912    -0.0401483    -0.0402837    -0.0402951    -0.0401812    -0.0399422    -0.0395794    -0.0390956    -0.0384949    -0.0377826    -0.0369649    -0.0360492    -0.0350439    -0.0339578    -0.0328006    -0.0315823    -0.0303131    -0.0290035    -0.0276640    -0.0263046    -0.0249353    -0.0235654    -0.0222039    -0.0208590    -0.0195380    -0.0182478    -0.0169942    -0.0157823    -0.0146161    -0.0134992    -0.0124340
     0.0000318     0.0001270     0.0002854     0.0005063     0.0007889     0.0011322     0.0015347     0.0019948     0.0025104     0.0030791     0.0036981     0.0043640     0.0050730     0.0058207     0.0066022     0.0074120     0.0082440     0.0090917     0.0099481     0.0108060     0.0116576     0.0124954     0.0133116     0.0140988     0.0148497     0.0155575     0.0162161     0.0168198     0.0173638     0.0178442     0.0182577     0.0186018     0.0188752     0.0190770     0.0192073     0.0192667     0.0192565     0.0191786     0.0190354     0.0188296     0.0185643     0.0182428     0.0178688     0.0174459     0.0169779     0.0164687     0.0159222     0.0153423     0.0147326     0.0140969     0.0134388     0.0127619     0.0120693     0.0113644     0.0106501     0.0099293     0.0092047     0.0084788     0.0077539     0.0070321     0.0063152     0.0056050     0.0049029     0.0042101     0.0035277     0.0028564     0.0021967     0.0015489     0.0009131     0.0002890    -0.0003239    -0.0009264    -0.0015194    -0.0021042    -0.0026823    -0.0032556    -0.0038260    -0.0043958    -0.0049675    -0.0055438    -0.0061274    -0.0067214    -0.0073289    -0.0079532    -0.0085975    -0.0092651    -0.0099592    -0.0106831    -0.0114397    -0.0122319    -0.0130622    -0.0139328    -0.0148457    -0.0158022    -0.0168032    -0.0178490    -0.0189392    -0.0200729    -0.0212482    -0.0224625    -0.0237125    -0.0249939    -0.0263016    -0.0276297    -0.0289714    -0.0303190    -0.0316644    -0.0329985    -0.0343118    -0.0355942    -0.0368353    -0.0380244    -0.0391510    -0.0402044    -0.0411742    -0.0420504    -0.0428239    -0.0434858    -0.0440286    -0.0444456    -0.0447313    -0.0448817    -0.0448938    -0.0447664    -0.0444996    -0.0440950    -0.0435557    -0.0428861    -0.0420922    -0.0411810    -0.0401607    -0.0390405    -0.0378303    -0.0365410    -0.0351836    -0.0337695    -0.0323106    -0.0308181    -0.0293037    -0.0277781    -0.0262520    -0.0247352    -0.0232369    -0.0217653    -0.0203280    -0.0189315    -0.0175813    -0.0162822    -0.0150379    -0.0138512
