    -7.0879523    -7.0530142    -6.9960609    -6.9188721    -6.8236950    -6.7130515    -6.5895495    -6.4557214    -6.3139002    -6.1661415    -6.0141839    -5.8594430    -5.7030289    -5.5457775    -5.3882895    -5.2309708    -5.0740708    -4.9177167    -4.7619437    -4.6067193    -4.4519639    -4.2975666    -4.1433990    -3.9893248    -3.8352095    -3.6809269    -3.5263655    -3.3714350    -3.2160711    -3.0602410    -2.9039497    -2.7472444    -2.5902210    -2.4330295    -2.2758792    -2.1190438    -1.9628659    -1.8077600    -1.6542146    -1.5027918    -1.3541250    -1.2089136    -1.0679139    -0.9319273    -0.8017832    -0.6783187    -0.5623545    -0.4546665    -0.3559561    -0.2668177    -0.1877076    -0.1189148    -0.0605359    -0.0124571     0.0256547     0.0543505     0.0743850     0.0866907     0.0923397     0.0924962     0.0883623     0.0811211     0.0718817     0.0616319     0.0512012     0.0412375     0.0322005     0.0243691     0.0178624     0.0126699     0.0086870     0.0057501     0.0036692     0.0022536     0.0013301     0.0007529     0.0004080     0.0002113     0.0001043     0.0000489     0.0000218     0.0000092     0.0000037     0.0000014     0.0000005     0.0000002     0.0000000     0.0000000     0.0000000     0.0000000     0.0000000     0.0000000     0.0000000     0.0000000     0.0000000     0.0000000     0.0000000     0.0000000     0.0000000     0.0000000
    -7.0530142    -7.0190310    -6.9635792    -6.8883203    -6.7953628    -6.6870891    -6.5659822    -6.4344734    -6.2948238    -6.1490441    -5.9988519    -5.8456600    -5.6905885    -5.5344911    -5.3779899    -5.2215136    -5.0653335    -4.9095969    -4.7543569    -4.5995963    -4.4452482    -4.2912126    -4.1373697    -3.9835906    -3.8297464    -3.6757154    -3.5213901    -3.3666830    -3.2115321    -3.0559067    -2.8998130    -2.7432997    -2.5864635    -2.4294550    -2.2724843    -2.1158254    -1.9598212    -1.8048865    -1.6515097    -1.5002532    -1.3517502    -1.2066999    -1.0658585    -0.9300271    -0.8000346    -0.6767179    -0.5608971    -0.4533478    -0.3547707    -0.2657596    -0.1867705    -0.1180917    -0.0598194    -0.0118395     0.0261816     0.0547949     0.0747554     0.0869953     0.0925868     0.0926937     0.0885177     0.0812412     0.0719729     0.0616999     0.0512508     0.0412729     0.0322252     0.0243858     0.0178735     0.0126771     0.0086915     0.0057528     0.0036708     0.0022545     0.0013306     0.0007532     0.0004082     0.0002113     0.0001043     0.0000490     0.0000218     0.0000092     0.0000037     0.0000014     0.0000005     0.0000002     0.0000000     0.0000000     0.0000000     0.0000000     0.0000000     0.0000000     0.0000000     0.0000000     0.0000000     0.0000000     0.0000000     0.0000000     0.0000000     0.0000000
    -6.9960609    -6.9635792    -6.9104948    -6.8382890    -6.7488581    -6.6443681    -6.5271051    -6.3993390    -6.2632118    -6.1206584    -5.9733576    -5.8227137    -5.6698588    -5.5156726    -5.3608104    -5.2057363    -5.0507565    -4.8960511    -4.7417017    -4.5877164    -4.4340495    -4.2806187    -4.1273188    -3.9740328    -3.8206414    -3.6670307    -3.5130995    -3.3587651    -3.2039695    -3.0486853    -2.8929212    -2.7367277    -2.5802034    -2.4234999    -2.2668283    -2.1104634    -1.9547485    -1.8000989    -1.6470031    -1.4960235    -1.3477933    -1.2030113    -1.0624337    -0.9268606    -0.7971208    -0.6740504    -0.5584686    -0.4511502    -0.3527951    -0.2639963    -0.1852088    -0.1167200    -0.0586254    -0.0108102     0.0270596     0.0555355     0.0753726     0.0875031     0.0929987     0.0930230     0.0887767     0.0814415     0.0721250     0.0618132     0.0513335     0.0413319     0.0322663     0.0244138     0.0178920     0.0126891     0.0086990     0.0057574     0.0036735     0.0022560     0.0013314     0.0007536     0.0004084     0.0002114     0.0001043     0.0000490     0.0000218     0.0000092     0.0000037     0.0000014     0.0000005     0.0000002     0.0000000     0.0000000     0.0000000     0.0000000     0.0000000     0.0000000     0.0000000     0.0000000     0.0000000     0.0000000     0.0000000     0.0000000     0.0000000     0.0000000
    -6.9188721    -6.8883203    -6.8382890    -6.7700402    -6.6852081    -6.5856870    -6.4735103    -6.3507349    -6.2193413    -6.0811555    -5.9377963    -5.7906475    -5.6408506    -5.4893138    -5.3367330    -5.1836173    -5.0303186    -4.8770600    -4.7239622    -4.5710673    -4.4183588    -4.2657789    -4.1132428    -3.9606500    -3.8078948    -3.6548743    -3.5014959    -3.3476842    -3.1933867    -3.0385805    -2.8832778    -2.7275321    -2.5714441    -2.4151674    -2.2589143    -2.1029606    -1.9476505    -1.7933996    -1.6406969    -1.4901046    -1.3422559    -1.1978494    -1.0576406    -0.9224291    -0.7930428    -0.6703168    -0.5550695    -0.4480743    -0.3500299    -0.2615281    -0.1830227    -0.1147998    -0.0569540    -0.0093694     0.0282888     0.0565723     0.0762366     0.0882139     0.0935754     0.0934839     0.0891393     0.0817219     0.0723380     0.0619718     0.0514492     0.0414145     0.0323239     0.0244530     0.0179180     0.0127058     0.0087094     0.0057637     0.0036772     0.0022581     0.0013325     0.0007542     0.0004087     0.0002116     0.0001044     0.0000490     0.0000218     0.0000092     0.0000037     0.0000014     0.0000005     0.0000002     0.0000000     0.0000000     0.0000000     0.0000000     0.0000000     0.0000000     0.0000000     0.0000000     0.0000000     0.0000000     0.0000000     0.0000000     0.0000000     0.0000000
    -6.8236950    -6.7953628    -6.7488581    -6.6852081    -6.6057621    -6.5121121    -6.4060028    -6.2892403    -6.1636064    -6.0307864    -5.8923137    -5.7495340    -5.6035882    -5.4554100    -5.3057372    -5.1551295    -5.0039915    -4.8525977    -4.7011162    -4.5496311    -4.3981627    -4.2466839    -4.0951358    -3.9434393    -3.7915061    -3.6392474    -3.4865822    -3.3334440    -3.1797879    -3.0255967    -2.8708876    -2.7157176    -2.5601904    -2.4044620    -2.2487464    -2.0933209    -1.9385306    -1.7847917    -1.6325937    -1.4824989    -1.3351403    -1.1912160    -1.0514809    -0.9167339    -0.7878017    -0.6655183    -0.5507005    -0.4441206    -0.3464755    -0.2583554    -0.1802124    -0.1123314    -0.0548052    -0.0075170     0.0298690     0.0579053     0.0773475     0.0891277     0.0943168     0.0940765     0.0896054     0.0820824     0.0726118     0.0621758     0.0515980     0.0415208     0.0323980     0.0245034     0.0179514     0.0127273     0.0087229     0.0057719     0.0036820     0.0022609     0.0013340     0.0007550     0.0004091     0.0002118     0.0001045     0.0000490     0.0000218     0.0000092     0.0000037     0.0000014     0.0000005     0.0000002     0.0000000     0.0000000     0.0000000     0.0000000     0.0000000     0.0000000     0.0000000     0.0000000     0.0000000     0.0000000     0.0000000     0.0000000     0.0000000     0.0000000
    -6.7130515    -6.6870891    -6.6443681    -6.5856870    -6.5121121    -6.4249275    -6.3255751    -6.2155877    -6.0965210    -5.9698902    -5.8371162    -5.6994843    -5.5581180    -5.4139666    -5.2678050    -5.1202432    -4.9717420    -4.8226322    -4.6731356    -4.5233850    -4.3734435    -4.2233210    -4.0729896    -3.9223961    -3.7714736    -3.6201508    -3.4683606    -3.3160481    -3.1631775    -3.0097391    -2.8557558    -2.7012895    -2.5464474    -2.3913886    -2.2363293    -2.0815486    -1.9273928    -1.7742790    -1.6226970    -1.4732094    -1.3264489    -1.1831132    -1.0439564    -0.9097765    -0.7813987    -0.6596557    -0.5453627    -0.4392899    -0.3421325    -0.2544786    -0.1767784    -0.1093150    -0.0521794    -0.0052533     0.0318002     0.0595344     0.0787052     0.0902447     0.0952229     0.0948007     0.0901752     0.0825230     0.0729464     0.0624250     0.0517799     0.0416506     0.0324885     0.0245650     0.0179922     0.0127536     0.0087393     0.0057818     0.0036878     0.0022642     0.0013358     0.0007560     0.0004096     0.0002120     0.0001046     0.0000491     0.0000219     0.0000092     0.0000037     0.0000014     0.0000005     0.0000002     0.0000000     0.0000000     0.0000000     0.0000000     0.0000000     0.0000000     0.0000000     0.0000000     0.0000000     0.0000000     0.0000000     0.0000000     0.0000000     0.0000000
    -6.5895495    -6.5659822    -6.5271051    -6.4735103    -6.4060028    -6.3255751    -6.2333722    -6.1306481    -6.0187166    -5.8989003    -5.7724813    -5.6406593    -5.5045188    -5.3650076    -5.2229269    -5.0789309    -4.9335347    -4.7871271    -4.6399870    -4.4923005    -4.3441786    -4.1956732    -4.0467923    -3.8975131    -3.7477937    -3.5975836    -3.4468327    -3.2954998    -3.1435601    -2.9910128    -2.8378881    -2.6842535    -2.5302209    -2.3759528    -2.2216684    -2.0676487    -1.9142416    -1.7618654    -1.6110103    -1.4622392    -1.3161845    -1.1735434    -1.0350692    -0.9015586    -0.7738354    -0.6527304    -0.5390569    -0.4335829    -0.3370014    -0.2498982    -0.1727211    -0.1057509    -0.0490767    -0.0025784     0.0340822     0.0614595     0.0803096     0.0915645     0.0962937     0.0956566     0.0908485     0.0830438     0.0733419     0.0627196     0.0519948     0.0418040     0.0325955     0.0246378     0.0180404     0.0127846     0.0087588     0.0057936     0.0036947     0.0022681     0.0013379     0.0007571     0.0004101     0.0002123     0.0001047     0.0000492     0.0000219     0.0000092     0.0000037     0.0000014     0.0000005     0.0000002     0.0000000     0.0000000     0.0000000     0.0000000     0.0000000     0.0000000     0.0000000     0.0000000     0.0000000     0.0000000     0.0000000     0.0000000     0.0000000     0.0000000
    -6.4557214    -6.4344734    -6.3993390    -6.3507349    -6.2892403    -6.2155877    -6.1306481    -6.0354073    -5.9309350    -5.8183472    -5.6987663    -5.5732812    -5.4429126    -5.3085853    -5.1711096    -5.0311724    -4.8893360    -4.7460442    -4.6016330    -4.4563442    -4.3103400    -4.1637185    -4.0165277    -3.8687792    -3.7204598    -3.5715430    -3.4219984    -3.2718009    -3.1209390    -2.9694223    -2.8172895    -2.6646151    -2.5115163    -2.3581600    -2.2047686    -2.0516259    -1.8990815    -1.7475549    -1.5975372    -1.4495914    -1.3043498    -1.1625091    -1.0248214    -0.8920819    -0.7651131    -0.6447434    -0.5317840    -0.4270005    -0.3310830    -0.2446147    -0.1680408    -0.1016394    -0.0454974     0.0005074     0.0367149     0.0636803     0.0821605     0.0930872     0.0975291     0.0966440     0.0916252     0.0836445     0.0737980     0.0630594     0.0522427     0.0419809     0.0327189     0.0247217     0.0180960     0.0128205     0.0087812     0.0058072     0.0037027     0.0022726     0.0013404     0.0007584     0.0004108     0.0002126     0.0001049     0.0000492     0.0000219     0.0000092     0.0000037     0.0000014     0.0000005     0.0000002     0.0000000     0.0000000     0.0000000     0.0000000     0.0000000     0.0000000     0.0000000     0.0000000     0.0000000     0.0000000     0.0000000     0.0000000     0.0000000     0.0000000
    -6.3139002    -6.2948238    -6.2632118    -6.2193413    -6.1636064    -6.0965210    -6.0187166    -5.9309350    -5.8340121    -5.7288551    -5.6164127    -5.4976420    -5.3734755    -5.2447906    -5.1123854    -4.9769623    -4.8391187    -4.6993461    -4.5580338    -4.4154784    -4.2718949    -4.1274300    -3.9821750    -3.8361791    -3.6894615    -3.5420226    -3.3938548    -3.2449513    -3.0953159    -2.9449707    -2.7939641    -2.6423788    -2.4903385    -2.3380150    -2.1856348    -2.0334847    -1.8819165    -1.7313513    -1.5822810    -1.4352690    -1.2909475    -1.1500124    -1.0132147    -0.8813482    -0.7552331    -0.6356960    -0.5235451    -0.4195434    -0.3243778    -0.2386287    -0.1627380    -0.0969810    -0.0414418     0.0040039     0.0396979     0.0661967     0.0842577     0.0948125     0.0989288     0.0977628     0.0925052     0.0843250     0.0743148     0.0634443     0.0525235     0.0421814     0.0328586     0.0248167     0.0181589     0.0128610     0.0088065     0.0058225     0.0037117     0.0022777     0.0013432     0.0007598     0.0004115     0.0002129     0.0001050     0.0000493     0.0000219     0.0000092     0.0000037     0.0000014     0.0000005     0.0000002     0.0000000     0.0000000     0.0000000     0.0000000     0.0000000     0.0000000     0.0000000     0.0000000     0.0000000     0.0000000     0.0000000     0.0000000     0.0000000     0.0000000
    -6.1661415    -6.1490441    -6.1206584    -6.0811555    -6.0307864    -5.9698902    -5.8989003    -5.8183472    -5.7288551    -5.6311306    -5.5259449    -5.4141091    -5.2964464    -5.1737629    -5.0468209    -4.9163174    -4.7828684    -4.6470008    -4.5091498    -4.3696627    -4.2288059    -4.0867753    -3.9437076    -3.7996922    -3.6547836    -3.5090122    -3.3623954    -3.2149477    -3.0666900    -2.9176588    -2.7679141    -2.6175478    -2.4666910    -2.3155216    -2.1642708    -2.0132287    -1.8627501    -1.7132577    -1.5652446    -1.4192746    -1.2759797    -1.1360552    -1.0002508    -0.8693586    -0.7441967    -0.6255890    -0.5143409    -0.4112122    -0.3168865    -0.2319406    -0.1568131    -0.0917760    -0.0369105     0.0079106     0.0430308     0.0690083     0.0866009     0.0967401     0.1004925     0.0990125     0.0934882     0.0850851     0.0748920     0.0638742     0.0528371     0.0424051     0.0330146     0.0249228     0.0182292     0.0129063     0.0088348     0.0058397     0.0037217     0.0022834     0.0013463     0.0007614     0.0004123     0.0002133     0.0001052     0.0000494     0.0000220     0.0000093     0.0000037     0.0000014     0.0000005     0.0000002     0.0000000     0.0000000     0.0000000     0.0000000     0.0000000     0.0000000     0.0000000     0.0000000     0.0000000     0.0000000     0.0000000     0.0000000     0.0000000     0.0000000
    -6.0141839    -5.9988519    -5.9733576    -5.9377963    -5.8923137    -5.8371162    -5.7724813    -5.6987663    -5.6164127    -5.5259449    -5.4279625    -5.3231254    -5.2121326    -5.0956985    -4.9745264    -4.8492855    -4.7205905    -4.5889875    -4.4549460    -4.3188563    -4.1810321    -4.0417170    -3.9010933    -3.7592922    -3.6164055    -3.4724961    -3.3276092    -3.1817827    -3.0350571    -2.8874848    -2.7391392    -2.5901228    -2.4405755    -2.2906820    -2.1406788    -1.9908605    -1.8415847    -1.6932764    -1.5464300    -1.4016099    -1.2594480    -1.1206388    -0.9859308    -0.8561141    -0.7320045    -0.6144231    -0.5041720    -0.4020075    -0.3086095    -0.2245510    -0.1502667    -0.0860250    -0.0319038     0.0122270     0.0467132     0.0721145     0.0891895     0.0988694     0.1022198     0.1003929     0.0945739     0.0859245     0.0755293     0.0643487     0.0531833     0.0426521     0.0331868     0.0250399     0.0183067     0.0129562     0.0088660     0.0058586     0.0037328     0.0022896     0.0013497     0.0007632     0.0004132     0.0002138     0.0001054     0.0000495     0.0000220     0.0000093     0.0000037     0.0000014     0.0000005     0.0000002     0.0000000     0.0000000     0.0000000     0.0000000     0.0000000     0.0000000     0.0000000     0.0000000     0.0000000     0.0000000     0.0000000     0.0000000     0.0000000     0.0000000
    -5.8594430    -5.8456600    -5.8227137    -5.7906475    -5.7495340    -5.6994843    -5.6406593    -5.5732812    -5.4976420    -5.4141091    -5.3231254    -5.2252029    -5.1209106    -5.0108560    -4.8956641    -4.7759541    -4.6523179    -4.5253025    -4.3953962    -4.2630213    -4.1285315    -3.9922139    -3.8542945    -3.7149466    -3.5743003    -3.4324530    -3.2894797    -3.1454441    -3.0004082    -2.8544427    -2.7076356    -2.5601018    -2.4119910    -2.2634960    -2.1148594    -1.9663807    -1.8184211    -1.6714082    -1.5258380    -1.3822756    -1.2413530    -1.1037638    -0.9702552    -0.8416152    -0.7186570    -0.6021987    -0.4930388    -0.3919297    -0.2995473    -0.2164603    -0.1430993    -0.0797286    -0.0264225     0.0169523     0.0507443     0.0755146     0.0920228     0.1011998     0.1041099     0.1019032     0.0957616     0.0868427     0.0762263     0.0648676     0.0535617     0.0429221     0.0333749     0.0251677     0.0183914     0.0130107     0.0089001     0.0058792     0.0037449     0.0022965     0.0013534     0.0007652     0.0004142     0.0002142     0.0001056     0.0000495     0.0000221     0.0000093     0.0000037     0.0000014     0.0000005     0.0000002     0.0000000     0.0000000     0.0000000     0.0000000     0.0000000     0.0000000     0.0000000     0.0000000     0.0000000     0.0000000     0.0000000     0.0000000     0.0000000     0.0000000
    -5.7030289    -5.6905885    -5.6698588    -5.6408506    -5.6035882    -5.5581180    -5.5045188    -5.4429126    -5.3734755    -5.2964464    -5.2121326    -5.1209106    -5.0232208    -4.9195575    -4.8104527    -4.6964569    -4.5781189    -4.4559663    -4.3304890    -4.2021271    -4.0712637    -3.9382223    -3.8032688    -3.6666167    -3.5284345    -3.3888547    -3.2479842    -3.1059138    -2.9627296    -2.8185218    -2.6733954    -2.5274790    -2.3809335    -2.2339607    -2.0868104    -1.9397878    -1.7932583    -1.6476523    -1.5034680    -1.3612713    -1.2216943    -1.0854299    -0.9532237    -0.8258617    -0.7041542    -0.5889158    -0.4809415    -0.3809792    -0.2897004    -0.2076692    -0.1353116    -0.0728877    -0.0204674     0.0220858     0.0551231     0.0792076     0.0950998     0.1037303     0.1061621     0.1035427     0.0970506     0.0878390     0.0769824     0.0654304     0.0539720     0.0432147     0.0335787     0.0253062     0.0184830     0.0130697     0.0089369     0.0059015     0.0037580     0.0023039     0.0013575     0.0007673     0.0004153     0.0002147     0.0001059     0.0000497     0.0000221     0.0000093     0.0000037     0.0000014     0.0000005     0.0000002     0.0000000     0.0000000     0.0000000     0.0000000     0.0000000     0.0000000     0.0000000     0.0000000     0.0000000     0.0000000     0.0000000     0.0000000     0.0000000     0.0000000
    -5.5457775    -5.5344911    -5.5156726    -5.4893138    -5.4554100    -5.4139666    -5.3650076    -5.3085853    -5.2447906    -5.1737629    -5.0956985    -5.0108560    -4.9195575    -4.8221846    -4.7191691    -4.6109795    -4.4981038    -4.3810312    -4.2602346    -4.1361557    -4.0091938    -3.8796992    -3.7479710    -3.6142590    -3.4787683    -3.3416666    -3.2030929    -3.0631673    -2.9220010    -2.7797061    -2.6364059    -2.4922443    -2.3473949    -2.2020697    -2.0565269    -1.9110778    -1.7660929    -1.6220061    -1.4793178    -1.3385951    -1.2004704    -1.0656357    -0.9348353    -0.8088527    -0.6884954    -0.5745742    -0.4678799    -0.3691560    -0.2790691    -0.1981783    -0.1269045    -0.0655031    -0.0140397     0.0276260     0.0598482     0.0831921     0.0984190     0.1064595     0.1083749     0.1053102     0.0984399     0.0889124     0.0777969     0.0660364     0.0544136     0.0435295     0.0337979     0.0254551     0.0185815     0.0131330     0.0089765     0.0059255     0.0037720     0.0023118     0.0013618     0.0007696     0.0004164     0.0002153     0.0001061     0.0000498     0.0000221     0.0000093     0.0000037     0.0000014     0.0000005     0.0000002     0.0000000     0.0000000     0.0000000     0.0000000     0.0000000     0.0000000     0.0000000     0.0000000     0.0000000     0.0000000     0.0000000     0.0000000     0.0000000     0.0000000
    -5.3882895    -5.3779899    -5.3608104    -5.3367330    -5.3057372    -5.2678050    -5.2229269    -5.1711096    -5.1123854    -5.0468209    -4.9745264    -4.8956641    -4.8104527    -4.7191691    -4.6221453    -4.5197608    -4.4124300    -4.3005874    -4.1846714    -4.0651081    -3.9422979    -3.8166059    -3.6883553    -3.5578260    -3.4252561    -3.2908468    -3.1547692    -3.0171730    -2.8781958    -2.7379733    -2.5966486    -2.4543825    -2.3113628    -2.1678129    -2.0240003    -1.8802437    -1.7369191    -1.5944646    -1.4533832    -1.3142435    -1.1776782    -1.0443789    -0.9150880    -0.7905869    -0.6716796    -0.5591732    -0.4538540    -0.3564605    -0.2676541    -0.1879884    -0.1178792    -0.0575763    -0.0071410     0.0335712     0.0649179     0.0874663     0.1019788     0.1093857     0.1107468     0.1072041     0.0999280     0.0900619     0.0786686     0.0666847     0.0548858     0.0438660     0.0340321     0.0256141     0.0186866     0.0132006     0.0090186     0.0059509     0.0037869     0.0023202     0.0013663     0.0007719     0.0004176     0.0002159     0.0001064     0.0000499     0.0000222     0.0000093     0.0000037     0.0000014     0.0000005     0.0000002     0.0000000     0.0000000     0.0000000     0.0000000     0.0000000     0.0000000     0.0000000     0.0000000     0.0000000     0.0000000     0.0000000     0.0000000     0.0000000     0.0000000
    -5.2309708    -5.2215136    -5.2057363    -5.1836173    -5.1551295    -5.1202432    -5.0789309    -5.0311724    -4.9769623    -4.9163174    -4.8492855    -4.7759541    -4.6964569    -4.6109795    -4.5197608    -4.4230908    -4.3213039    -4.2147681    -4.1038721    -3.9890102    -3.8705685    -3.7489127    -3.6243791    -3.4972692    -3.3678484    -3.2363480    -3.1029695    -2.9678920    -2.8312804    -2.6932945    -2.5540990    -2.4138730    -2.2728198    -2.1311756    -1.9892184    -1.8472751    -1.7057282    -1.5650204    -1.4256579    -1.2882111    -1.1533134    -1.0216558    -0.8939791    -0.7710620    -0.6537053    -0.5427119    -0.4388634    -0.3428928    -0.2554560    -0.1771008    -0.1082371    -0.0491093     0.0002265     0.0399192     0.0703297     0.0920277     0.1057767     0.1125066     0.1132755     0.1092224     0.1015133     0.0912858     0.0795963     0.0673743     0.0553879     0.0442234     0.0342808     0.0257827     0.0187980     0.0132721     0.0090632     0.0059779     0.0038026     0.0023291     0.0013712     0.0007745     0.0004189     0.0002165     0.0001067     0.0000500     0.0000222     0.0000094     0.0000037     0.0000014     0.0000005     0.0000002     0.0000000     0.0000000     0.0000000     0.0000000     0.0000000     0.0000000     0.0000000     0.0000000     0.0000000     0.0000000     0.0000000     0.0000000     0.0000000     0.0000000
    -5.0740708    -5.0653335    -5.0507565    -5.0303186    -5.0039915    -4.9717420    -4.9335347    -4.8893360    -4.8391187    -4.7828684    -4.7205905    -4.6523179    -4.5781189    -4.4981038    -4.4124300    -4.3213039    -4.2249792    -4.1237514    -4.0179485    -3.9079194    -3.7940208    -3.6766046    -3.5560075    -3.4325422    -3.3064939    -3.1781182    -3.0476442    -2.9152789    -2.7812138    -2.6456339    -2.5087261    -2.3706892    -2.2317432    -2.0921386    -1.9521648    -1.8121581    -1.6725083    -1.5336634    -1.3961334    -1.2604910    -1.1273703    -0.9974617    -0.8715047    -0.7502754    -0.6345708    -0.5251895    -0.4229079    -0.3284535    -0.2424761    -0.1655172    -0.0979805    -0.0401047     0.0080599     0.0466667     0.0760804     0.0968731     0.1098095     0.1158191     0.1159584     0.1113627     0.1031934     0.0925821     0.0805783     0.0681037     0.0559185     0.0446010     0.0345431     0.0259606     0.0189154     0.0133474     0.0091101     0.0060062     0.0038191     0.0023384     0.0013762     0.0007771     0.0004202     0.0002171     0.0001069     0.0000501     0.0000223     0.0000094     0.0000037     0.0000014     0.0000005     0.0000002     0.0000000     0.0000000     0.0000000     0.0000000     0.0000000     0.0000000     0.0000000     0.0000000     0.0000000     0.0000000     0.0000000     0.0000000     0.0000000     0.0000000
    -4.9177167    -4.9095969    -4.8960511    -4.8770600    -4.8525977    -4.8226322    -4.7871271    -4.7460442    -4.6993461    -4.6470008    -4.5889875    -4.5253025    -4.4559663    -4.3810312    -4.3005874    -4.2147681    -4.1237514    -4.0277595    -3.9270543    -3.8219291    -3.7126985    -3.5996873    -3.4832188    -3.3636057    -3.2411428    -3.1161037    -2.9887396    -2.8592823    -2.7279491    -2.5949492    -2.4604926    -2.3247986    -2.1881050    -2.0506776    -1.9128188    -1.7748751    -1.6372445    -1.5003812    -1.3647993    -1.2310745    -1.0998416    -0.9717911    -0.8476608    -0.7282240    -0.6142742    -0.5066051    -0.4059877    -0.3131437    -0.2287162    -0.1532401    -0.0871126    -0.0305658     0.0163555     0.0538099     0.0821659     0.1019984     0.1140733     0.1193196     0.1187918     0.1136218     0.1049656     0.0939485     0.0816126     0.0688714     0.0564765     0.0449976     0.0348184     0.0261469     0.0190382     0.0134261     0.0091591     0.0060356     0.0038363     0.0023480     0.0013814     0.0007798     0.0004215     0.0002177     0.0001072     0.0000503     0.0000223     0.0000094     0.0000037     0.0000014     0.0000005     0.0000002     0.0000000     0.0000000     0.0000000     0.0000000     0.0000000     0.0000000     0.0000000     0.0000000     0.0000000     0.0000000     0.0000000     0.0000000     0.0000000     0.0000000
    -4.7619437    -4.7543569    -4.7417017    -4.7239622    -4.7011162    -4.6731356    -4.6399870    -4.6016330    -4.5580338    -4.5091498    -4.4549460    -4.3953962    -4.3304890    -4.2602346    -4.1846714    -4.1038721    -4.0179485    -3.9270543    -3.8313845    -3.7311715    -3.6266791    -3.5181928    -3.4060104    -3.2904321    -3.1717520    -3.0502522    -2.9261998    -2.7998469    -2.6714335    -2.5411920    -2.4093550    -2.2761626    -2.1418715    -2.0067638    -1.8711555    -1.7354049    -1.5999188    -1.4651584    -1.3316430    -1.1999511    -1.0707192    -0.9446376    -0.8224426    -0.7049048    -0.5928137    -0.4869583    -0.3881037    -0.2969652    -0.2141790    -0.1402731    -0.0756375    -0.0204976     0.0251081     0.0613433     0.0885809     0.1073984     0.1185629     0.1230032     0.1217715     0.1159956     0.1068263     0.0953819     0.0826965     0.0696751     0.0570600     0.0454119     0.0351057     0.0263411     0.0191660     0.0135079     0.0092098     0.0060662     0.0038540     0.0023580     0.0013868     0.0007826     0.0004229     0.0002184     0.0001075     0.0000504     0.0000224     0.0000094     0.0000037     0.0000014     0.0000005     0.0000002     0.0000000     0.0000000     0.0000000     0.0000000     0.0000000     0.0000000     0.0000000     0.0000000     0.0000000     0.0000000     0.0000000     0.0000000     0.0000000     0.0000000
    -4.6067193    -4.5995963    -4.5877164    -4.5710673    -4.5496311    -4.5233850    -4.4923005    -4.4563442    -4.4154784    -4.3696627    -4.3188563    -4.2630213    -4.2021271    -4.1361557    -4.0651081    -3.9890102    -3.9079194    -3.8219291    -3.7311715    -3.6358181    -3.5360763    -3.4321846    -3.3244045    -3.2130121    -3.0982894    -2.9805174    -2.8599708    -2.7369159    -2.6116110    -2.4843093    -2.3552647    -2.2247377    -2.0930042    -1.9603634    -1.8271461    -1.6937228    -1.5605104    -1.4279779    -1.2966503    -1.1671095    -1.0399941    -0.9159945    -0.7958455    -0.6803150    -0.5701885    -0.4662496    -0.3692577    -0.2799211    -0.1988688    -0.1266212    -0.0635609    -0.0099061     0.0343111     0.0692603     0.0953185     0.1130663     0.1232721     0.1268640     0.1248918     0.1184793     0.1087712     0.0968786     0.0838270     0.0705123     0.0576670     0.0458423     0.0354036     0.0265422     0.0192981     0.0135922     0.0092621     0.0060975     0.0038722     0.0023682     0.0013923     0.0007855     0.0004243     0.0002191     0.0001079     0.0000505     0.0000225     0.0000094     0.0000038     0.0000014     0.0000005     0.0000002     0.0000000     0.0000000     0.0000000     0.0000000     0.0000000     0.0000000     0.0000000     0.0000000     0.0000000     0.0000000     0.0000000     0.0000000     0.0000000     0.0000000
    -4.4519639    -4.4452482    -4.4340495    -4.4183588    -4.3981627    -4.3734435    -4.3441786    -4.3103400    -4.2718949    -4.2288059    -4.1810321    -4.1285315    -4.0712637    -4.0091938    -3.9422979    -3.8705685    -3.7940208    -3.7126985    -3.6266791    -3.5360763    -3.4410414    -3.3417612    -3.2384533    -3.1313599    -3.0207405    -2.9068644    -2.7900049    -2.6704346    -2.5484248    -2.4242455    -2.2981692    -2.1704760    -2.0414604    -1.9114390    -1.7807581    -1.6498011    -1.5189961    -1.3888205    -1.2598055    -1.1325374    -1.0076571    -0.8858552    -0.7678654    -0.6544527    -0.5463984    -0.4444810    -0.3494532    -0.2620162    -0.1827915    -0.1122915    -0.0508907     0.0012002     0.0439560     0.0775521     0.1023702     0.1189940     0.1281929     0.1308946     0.1281462     0.1210668     0.1107950     0.0984340     0.0850004     0.0713798     0.0582950     0.0462867     0.0357107     0.0267491     0.0194338     0.0136786     0.0093155     0.0061295     0.0038907     0.0023785     0.0013979     0.0007883     0.0004258     0.0002197     0.0001082     0.0000506     0.0000225     0.0000095     0.0000038     0.0000014     0.0000005     0.0000002     0.0000000     0.0000000     0.0000000     0.0000000     0.0000000     0.0000000     0.0000000     0.0000000     0.0000000     0.0000000     0.0000000     0.0000000     0.0000000     0.0000000
    -4.2975666    -4.2912126    -4.2806187    -4.2657789    -4.2466839    -4.2233210    -4.1956732    -4.1637185    -4.1274300    -4.0867753    -4.0417170    -3.9922139    -3.9382223    -3.8796992    -3.8166059    -3.7489127    -3.6766046    -3.5996873    -3.5181928    -3.4321846    -3.3417612    -3.2470574    -3.1482428    -3.0455191    -2.9391140    -2.8292754    -2.7162655    -2.6003552    -2.4818214    -2.3609454    -2.2380149    -2.1133273    -1.9871946    -1.8599504    -1.7319565    -1.6036102    -1.4753511    -1.3476658    -1.2210926    -1.0962226    -0.9736992    -0.8542139    -0.7384992    -0.6273174    -0.5214454    -0.4216561    -0.3286957    -0.2432577    -0.1659555    -0.0972931    -0.0376368     0.0128108     0.0540319     0.0862078     0.1097253     0.1251710     0.1333156     0.1350860     0.1315264     0.1237510     0.1128915     0.1000428     0.0862119     0.0722741     0.0589412     0.0467431     0.0360253     0.0269605     0.0195720     0.0137665     0.0093696     0.0061618     0.0039093     0.0023888     0.0014034     0.0007912     0.0004272     0.0002204     0.0001085     0.0000508     0.0000226     0.0000095     0.0000038     0.0000014     0.0000005     0.0000002     0.0000001     0.0000000     0.0000000     0.0000000     0.0000000     0.0000000     0.0000000     0.0000000     0.0000000     0.0000000     0.0000000     0.0000000     0.0000000     0.0000000
    -4.1433990    -4.1373697    -4.1273188    -4.1132428    -4.0951358    -4.0729896    -4.0467923    -4.0165277    -3.9821750    -3.9437076    -3.9010933    -3.8542945    -3.8032688    -3.7479710    -3.6883553    -3.6243791    -3.5560075    -3.4832188    -3.4060104    -3.3244045    -3.2384533    -3.1482428    -3.0538949    -2.9555665    -2.8534474    -2.7477560    -2.6387341    -2.5266422    -2.4117546    -2.2943579    -2.1747500    -2.0532416    -1.9301605    -1.8058560    -1.6807052    -1.5551194    -1.4295499    -1.3044934    -1.1804958    -1.0581534    -0.9381128    -0.8210665    -0.7077461    -0.5989110    -0.4953339    -0.3977817    -0.3069937    -0.2236557    -0.1483723    -0.0816388    -0.0238125     0.0249121     0.0645249     0.0952139     0.1173705     0.1315847     0.1386284     0.1394274     0.1350226     0.1265230     0.1150530     0.1016986     0.0874563     0.0731907     0.0596019     0.0472085     0.0363453     0.0271748     0.0197117     0.0138549     0.0094239     0.0061940     0.0039278     0.0023991     0.0014088     0.0007940     0.0004285     0.0002210     0.0001087     0.0000509     0.0000226     0.0000095     0.0000038     0.0000014     0.0000005     0.0000002     0.0000001     0.0000000     0.0000000     0.0000000     0.0000000     0.0000000     0.0000000     0.0000000     0.0000000     0.0000000     0.0000000     0.0000000     0.0000000     0.0000000
    -3.9893248    -3.9835906    -3.9740328    -3.9606500    -3.9434393    -3.9223961    -3.8975131    -3.8687792    -3.8361791    -3.7996922    -3.7592922    -3.7149466    -3.6666167    -3.6142590    -3.5578260    -3.4972692    -3.4325422    -3.3636057    -3.2904321    -3.2130121    -3.1313599    -3.0455191    -2.9555665    -2.8616145    -2.7638115    -2.6623406    -2.5574158    -2.4492782    -2.3381922    -2.2244415    -2.1083283    -1.9901724    -1.8703137    -1.7491154    -1.6269688    -1.5042985    -1.3815680    -1.2592841    -1.1380009    -1.0183204    -0.9008927    -0.7864117    -0.6756082    -0.5692388    -0.4680717    -0.3728681    -0.2843597    -0.2032242    -0.1300572    -0.0653447    -0.0094348     0.0374868     0.0754180     0.1045534     0.1252896     0.1382198     0.1441169     0.1439055     0.1386229     0.1293724     0.1172705     0.1033935     0.0887273     0.0741244     0.0602730     0.0476799     0.0366684     0.0273905     0.0198517     0.0139432     0.0094778     0.0062259     0.0039460     0.0024091     0.0014141     0.0007966     0.0004298     0.0002216     0.0001090     0.0000510     0.0000227     0.0000095     0.0000038     0.0000014     0.0000005     0.0000002     0.0000001     0.0000000     0.0000000     0.0000000     0.0000000     0.0000000     0.0000000     0.0000000     0.0000000     0.0000000     0.0000000     0.0000000     0.0000000     0.0000000
    -3.8352095    -3.8297464    -3.8206414    -3.8078948    -3.7915061    -3.7714736    -3.7477937    -3.7204598    -3.6894615    -3.6547836    -3.6164055    -3.5743003    -3.5284345    -3.4787683    -3.4252561    -3.3678484    -3.3064939    -3.2411428    -3.1717520    -3.0982894    -3.0207405    -2.9391140    -2.8534474    -2.7638115    -2.6703136    -2.5730980    -2.4723456    -2.3682713    -2.2611213    -2.1511694    -2.0387150    -1.9240812    -1.8076157    -1.6896924    -1.5707149    -1.4511202    -1.3313834    -1.2120215    -1.0935967    -0.9767173    -0.8620373    -0.7502521    -0.6420918    -0.5383104    -0.4396716    -0.3469304    -0.2608109    -0.1819820    -0.1110303    -0.0484318     0.0054749     0.0505135     0.0866898     0.1142056     0.1334628     0.1450575     0.1497638     0.1485047     0.1423134     0.1322869     0.1195333     0.1051187     0.0900173     0.0750692     0.0609499     0.0481536     0.0369916     0.0276053     0.0199905     0.0140302     0.0095306     0.0062569     0.0039636     0.0024186     0.0014191     0.0007991     0.0004310     0.0002222     0.0001092     0.0000511     0.0000227     0.0000095     0.0000038     0.0000014     0.0000005     0.0000002     0.0000001     0.0000000     0.0000000     0.0000000     0.0000000     0.0000000     0.0000000     0.0000000     0.0000000     0.0000000     0.0000000     0.0000000     0.0000000     0.0000000
    -3.6809269    -3.6757154    -3.6670307    -3.6548743    -3.6392474    -3.6201508    -3.5975836    -3.5715430    -3.5420226    -3.5090122    -3.4724961    -3.4324530    -3.3888547    -3.3416666    -3.2908468    -3.2363480    -3.1781182    -3.1161037    -3.0502522    -2.9805174    -2.9068644    -2.8292754    -2.7477560    -2.6623406    -2.5730980    -2.4801340    -2.3835934    -2.2836602    -2.1805557    -2.0745366    -1.9658921    -1.8549425    -1.7420378    -1.6275588    -1.5119180    -1.3955630    -1.2789794    -1.1626941    -1.0472772    -0.9333433    -0.8215505    -0.7125959    -0.6072090    -0.5061415    -0.4101522    -0.3199896    -0.2363702    -0.1599539    -0.0913174    -0.0309266     0.0208899     0.0639654     0.0983143     0.1241456     0.1418662     0.1520758     0.1555488     0.1532064     0.1460775     0.1352521     0.1218291     0.1068637     0.0913177     0.0760181     0.0616269     0.0486252     0.0373119     0.0278170     0.0201264     0.0141148     0.0095816     0.0062866     0.0039802     0.0024276     0.0014238     0.0008014     0.0004321     0.0002227     0.0001094     0.0000512     0.0000227     0.0000095     0.0000038     0.0000014     0.0000005     0.0000002     0.0000001     0.0000000     0.0000000     0.0000000     0.0000000     0.0000000     0.0000000     0.0000000     0.0000000     0.0000000     0.0000000     0.0000000     0.0000000     0.0000000
    -3.5263655    -3.5213901    -3.5130995    -3.5014959    -3.4865822    -3.4683606    -3.4468327    -3.4219984    -3.3938548    -3.3623954    -3.3276092    -3.2894797    -3.2479842    -3.2030929    -3.1547692    -3.1029695    -3.0476442    -2.9887396    -2.9261998    -2.8599708    -2.7900049    -2.7162655    -2.6387341    -2.5574158    -2.4723456    -2.3835934    -2.2912684    -2.1955206    -2.0965421    -1.9945662    -1.8898655    -1.7827504    -1.6735675    -1.5626990    -1.4505629    -1.3376143    -1.2243476    -1.1112981    -0.9990436    -0.8882047    -0.7794434    -0.6734586    -0.5709796    -0.4727551    -0.3795394    -0.2920744    -0.2110684    -0.1371719    -0.0709514    -0.0128625     0.0367770     0.0778100     0.1102600     0.1343430     0.1504715     0.1592480     0.1614474     0.1579887     0.1498958     0.1382510     0.1241433     0.1086162     0.0926185     0.0769630     0.0622978     0.0490899     0.0376255     0.0280227     0.0202575     0.0141956     0.0096298     0.0063143     0.0039955     0.0024357     0.0014279     0.0008034     0.0004330     0.0002231     0.0001096     0.0000512     0.0000227     0.0000096     0.0000038     0.0000014     0.0000005     0.0000002     0.0000001     0.0000000     0.0000000     0.0000000     0.0000000     0.0000000     0.0000000     0.0000000     0.0000000     0.0000000     0.0000000     0.0000000     0.0000000     0.0000000
    -3.3714350    -3.3666830    -3.3587651    -3.3476842    -3.3334440    -3.3160481    -3.2954998    -3.2718009    -3.2449513    -3.2149477    -3.1817827    -3.1454441    -3.1059138    -3.0631673    -3.0171730    -2.9678920    -2.9152789    -2.8592823    -2.7998469    -2.7369159    -2.6704346    -2.6003552    -2.5266422    -2.4492782    -2.3682713    -2.2836602    -2.1955206    -2.1039690    -2.0091658    -1.9113165    -1.8106715    -1.7075251    -1.6022139    -1.4951161    -1.3866502    -1.2772753    -1.1674915    -1.0578408    -0.9489076    -0.8413177    -0.7357368    -0.6328655    -0.5334325    -0.4381838    -0.3478687    -0.2632223    -0.1849445    -0.1136762    -0.0499733     0.0057198     0.0530957     0.0920080     0.1224888     0.1447619     0.1592448     0.1665429     0.1674313     0.1628262     0.1537457     0.1412639     0.1264593     0.1103624     0.0939081     0.0778947     0.0629551     0.0495421     0.0379282     0.0282196     0.0203816     0.0142713     0.0096743     0.0063395     0.0040092     0.0024428     0.0014314     0.0008050     0.0004337     0.0002234     0.0001097     0.0000513     0.0000227     0.0000096     0.0000038     0.0000014     0.0000005     0.0000002     0.0000001     0.0000000     0.0000000     0.0000000     0.0000000     0.0000000     0.0000000     0.0000000     0.0000000     0.0000000     0.0000000     0.0000000     0.0000000     0.0000000
