    -0.0000792    -0.0003077    -0.0006600    -0.0010992    -0.0015832    -0.0020712    -0.0025285    -0.0029299    -0.0032598    -0.0035116    -0.0036862    -0.0037893    -0.0038298    -0.0038178    -0.0037637    -0.0036771    -0.0035666    -0.0034395    -0.0033018    -0.0031582    -0.0030125    -0.0028674    -0.0027250    -0.0025867    -0.0024535    -0.0023260    -0.0022044    -0.0020889    -0.0019793    -0.0018757    -0.0017776    -0.0016849    -0.0015971    -0.0015139    -0.0014351    -0.0013602    -0.0012889    -0.0012208    -0.0011558    -0.0010934    -0.0010333    -0.0009754    -0.0009193    -0.0008649    -0.0008119    -0.0007602    -0.0007096    -0.0006601    -0.0006114    -0.0005637    -0.0005168    -0.0004708    -0.0004257    -0.0003818    -0.0003392    -0.0002979    -0.0002584    -0.0002209    -0.0001855    -0.0001527    -0.0001226    -0.0000955    -0.0000715    -0.0000508    -0.0000332    -0.0000188    -0.0000074     0.0000013     0.0000076     0.0000119     0.0000145     0.0000158     0.0000162     0.0000159     0.0000151     0.0000141     0.0000130     0.0000118     0.0000106     0.0000094     0.0000083     0.0000073     0.0000064     0.0000055     0.0000047     0.0000040     0.0000034     0.0000028     0.0000024     0.0000019     0.0000016     0.0000013     0.0000010     0.0000008     0.0000007     0.0000005     0.0000004     0.0000003     0.0000002     0.0000002
    -0.0003077    -0.0011962    -0.0025688    -0.0042842    -0.0061808    -0.0081005    -0.0099081    -0.0115028    -0.0128217    -0.0138369    -0.0145489    -0.0149786    -0.0151594    -0.0151306    -0.0149325    -0.0146030    -0.0141763    -0.0136813    -0.0131420    -0.0125776    -0.0120031    -0.0114299    -0.0108663    -0.0103181    -0.0097895    -0.0092828    -0.0087994    -0.0083398    -0.0079038    -0.0074909    -0.0071002    -0.0067304    -0.0063804    -0.0060488    -0.0057342    -0.0054352    -0.0051506    -0.0048790    -0.0046192    -0.0043699    -0.0041301    -0.0038987    -0.0036747    -0.0034573    -0.0032456    -0.0030390    -0.0028369    -0.0026387    -0.0024443    -0.0022534    -0.0020659    -0.0018821    -0.0017021    -0.0015265    -0.0013559    -0.0011912    -0.0010332    -0.0008830    -0.0007418    -0.0006105    -0.0004902    -0.0003818    -0.0002859    -0.0002029    -0.0001328    -0.0000752    -0.0000296     0.0000053     0.0000305     0.0000476     0.0000581     0.0000634     0.0000648     0.0000636     0.0000606     0.0000565     0.0000519     0.0000471     0.0000423     0.0000377     0.0000333     0.0000292     0.0000255     0.0000220     0.0000189     0.0000161     0.0000136     0.0000114     0.0000094     0.0000078     0.0000064     0.0000052     0.0000041     0.0000033     0.0000026     0.0000020     0.0000016     0.0000012     0.0000009     0.0000007
    -0.0006600    -0.0025688    -0.0055259    -0.0092366    -0.0133608    -0.0175617    -0.0215465    -0.0250922    -0.0280545    -0.0303639    -0.0320134    -0.0330418    -0.0335170    -0.0335218    -0.0331430    -0.0324640    -0.0315599    -0.0304956    -0.0293251    -0.0280922    -0.0268310    -0.0255678    -0.0243220    -0.0231075    -0.0219338    -0.0208069    -0.0197304    -0.0187057    -0.0177327    -0.0168103    -0.0159368    -0.0151096    -0.0143261    -0.0135835    -0.0128786    -0.0122086    -0.0115705    -0.0109614    -0.0103785    -0.0098192    -0.0092809    -0.0087614    -0.0082585    -0.0077702    -0.0072948    -0.0068307    -0.0063766    -0.0059314    -0.0054946    -0.0050655    -0.0046442    -0.0042310    -0.0038265    -0.0034318    -0.0030483    -0.0026780    -0.0023228    -0.0019852    -0.0016676    -0.0013724    -0.0011019    -0.0008582    -0.0006426    -0.0004559    -0.0002983    -0.0001689    -0.0000662     0.0000121     0.0000688     0.0001072     0.0001308     0.0001426     0.0001459     0.0001431     0.0001363     0.0001272     0.0001168     0.0001060     0.0000953     0.0000849     0.0000750     0.0000658     0.0000573     0.0000495     0.0000425     0.0000361     0.0000305     0.0000256     0.0000212     0.0000175     0.0000143     0.0000116     0.0000093     0.0000074     0.0000059     0.0000046     0.0000036     0.0000027     0.0000021     0.0000016
    -0.0010992    -0.0042842    -0.0092366    -0.0154849    -0.0224774    -0.0296598    -0.0365398    -0.0427312    -0.0479733    -0.0521289    -0.0551665    -0.0571357    -0.0581404    -0.0583142    -0.0578019    -0.0567451    -0.0552741    -0.0535029    -0.0515275    -0.0494264    -0.0472619    -0.0450819    -0.0429225    -0.0408101    -0.0387627    -0.0367924    -0.0349063    -0.0331079    -0.0313978    -0.0297746    -0.0282357    -0.0267771    -0.0253945    -0.0240830    -0.0228375    -0.0216529    -0.0205241    -0.0194461    -0.0184141    -0.0174235    -0.0164699    -0.0155493    -0.0146579    -0.0137922    -0.0129491    -0.0121259    -0.0113203    -0.0105306    -0.0097553    -0.0089939    -0.0082461    -0.0075126    -0.0067945    -0.0060937    -0.0054129    -0.0047553    -0.0041247    -0.0035251    -0.0029611    -0.0024368    -0.0019565    -0.0015236    -0.0011406    -0.0008091    -0.0005292    -0.0002994    -0.0001170     0.0000220     0.0001228     0.0001910     0.0002327     0.0002538     0.0002595     0.0002545     0.0002425     0.0002262     0.0002078     0.0001885     0.0001694     0.0001509     0.0001334     0.0001170     0.0001019     0.0000880     0.0000755     0.0000643     0.0000543     0.0000455     0.0000378     0.0000311     0.0000255     0.0000206     0.0000166     0.0000132     0.0000104     0.0000082     0.0000063     0.0000049     0.0000037     0.0000028
    -0.0015832    -0.0061808    -0.0133608    -0.0224774    -0.0327645    -0.0434371    -0.0537806    -0.0632159    -0.0713328    -0.0778944    -0.0828190    -0.0861490    -0.0880141    -0.0885968    -0.0881034    -0.0867423    -0.0847092    -0.0821786    -0.0792998    -0.0761965    -0.0729684    -0.0696931    -0.0664300    -0.0632227    -0.0601024    -0.0570900    -0.0541987    -0.0514355    -0.0488031    -0.0463004    -0.0439242    -0.0416693    -0.0395296    -0.0374980    -0.0355670    -0.0337291    -0.0319767    -0.0303022    -0.0286983    -0.0271581    -0.0256749    -0.0242424    -0.0228548    -0.0215069    -0.0201938    -0.0189114    -0.0176562    -0.0164254    -0.0152170    -0.0140299    -0.0128639    -0.0117200    -0.0106001    -0.0095071    -0.0084451    -0.0074192    -0.0064352    -0.0054998    -0.0046196    -0.0038016    -0.0030521    -0.0023765    -0.0017789    -0.0012615    -0.0008246    -0.0004660    -0.0001814     0.0000355     0.0001927     0.0002992     0.0003642     0.0003970     0.0004059     0.0003980     0.0003791     0.0003536     0.0003248     0.0002947     0.0002648     0.0002359     0.0002085     0.0001829     0.0001592     0.0001376     0.0001180     0.0001004     0.0000848     0.0000710     0.0000590     0.0000487     0.0000398     0.0000322     0.0000259     0.0000206     0.0000163     0.0000127     0.0000099     0.0000076     0.0000058     0.0000043
    -0.0020712    -0.0081005    -0.0175617    -0.0296598    -0.0434371    -0.0578911    -0.0720845    -0.0852299    -0.0967412    -0.1062493    -0.1135896    -0.1187682    -0.1219194    -0.1232613    -0.1230565    -0.1215809    -0.1191010    -0.1158604    -0.1120714    -0.1079130    -0.1035316    -0.0990434    -0.0945381    -0.0900834    -0.0857283    -0.0815069    -0.0774415    -0.0735453    -0.0698244    -0.0662797    -0.0629081    -0.0597037    -0.0566589    -0.0537645    -0.0510107    -0.0483873    -0.0458839    -0.0434900    -0.0411957    -0.0389912    -0.0368672    -0.0348148    -0.0328261    -0.0308934    -0.0290101    -0.0271703    -0.0253689    -0.0236021    -0.0218671    -0.0201624    -0.0184878    -0.0168445    -0.0152354    -0.0136648    -0.0121387    -0.0106642    -0.0092499    -0.0079052    -0.0066399    -0.0054639    -0.0043863    -0.0034149    -0.0025556    -0.0018117    -0.0011835    -0.0006679    -0.0002587     0.0000531     0.0002791     0.0004321     0.0005255     0.0005725     0.0005851     0.0005736     0.0005463     0.0005096     0.0004680     0.0004246     0.0003815     0.0003398     0.0003003     0.0002634     0.0002293     0.0001982     0.0001699     0.0001446     0.0001221     0.0001023     0.0000850     0.0000701     0.0000573     0.0000464     0.0000373     0.0000297     0.0000235     0.0000184     0.0000142     0.0000109     0.0000083     0.0000063
    -0.0025285    -0.0099081    -0.0215465    -0.0365398    -0.0537806    -0.0720845    -0.0903120    -0.1074703    -0.1227826    -0.1357202    -0.1460000    -0.1535566    -0.1584969    -0.1610502    -0.1615193    -0.1602398    -0.1575479    -0.1537598    -0.1491577    -0.1439847    -0.1384429    -0.1326960    -0.1268725    -0.1210710    -0.1153647    -0.1098060    -0.1044304    -0.0992606    -0.0943087    -0.0895794    -0.0850712    -0.0807786    -0.0766931    -0.0728039    -0.0690991    -0.0655657    -0.0621907    -0.0589606    -0.0558624    -0.0528835    -0.0500116    -0.0472351    -0.0445433    -0.0419262    -0.0393749    -0.0368816    -0.0344397    -0.0320439    -0.0296907    -0.0273779    -0.0251055    -0.0228752    -0.0206909    -0.0185586    -0.0164863    -0.0144840    -0.0125631    -0.0107366    -0.0090179    -0.0074202    -0.0059562    -0.0046364    -0.0034689    -0.0024582    -0.0016046    -0.0009041    -0.0003482     0.0000754     0.0003823     0.0005900     0.0007168     0.0007805     0.0007974     0.0007816     0.0007443     0.0006942     0.0006374     0.0005784     0.0005196     0.0004628     0.0004090     0.0003587     0.0003123     0.0002698     0.0002314     0.0001969     0.0001663     0.0001393     0.0001157     0.0000954     0.0000780     0.0000632     0.0000508     0.0000405     0.0000319     0.0000250     0.0000194     0.0000149     0.0000113     0.0000085
    -0.0029299    -0.0115028    -0.0250922    -0.0427312    -0.0632159    -0.0852299    -0.1074703    -0.1287599    -0.1481325    -0.1648820    -0.1785769    -0.1890418    -0.1963183    -0.2006129    -0.2022421    -0.2015832    -0.1990328    -0.1949767    -0.1897697    -0.1837247    -0.1771075    -0.1701375    -0.1629908    -0.1558048    -0.1486840    -0.1417049    -0.1349218    -0.1283706    -0.1220733    -0.1160405    -0.1102749    -0.1047727    -0.0995257    -0.0945224    -0.0897491    -0.0851908    -0.0808317    -0.0766556    -0.0726464    -0.0687884    -0.0650662    -0.0614654    -0.0579724    -0.0545746    -0.0512607    -0.0480207    -0.0448463    -0.0417309    -0.0386697    -0.0356604    -0.0327028    -0.0297994    -0.0269553    -0.0241785    -0.0214793    -0.0188709    -0.0163683    -0.0139884    -0.0117486    -0.0096665    -0.0077584    -0.0060383    -0.0045165    -0.0031991    -0.0020865    -0.0011734    -0.0004489     0.0001032     0.0005031     0.0007735     0.0009385     0.0010213     0.0010430     0.0010220     0.0009731     0.0009074     0.0008332     0.0007559     0.0006790     0.0006048     0.0005344     0.0004687     0.0004080     0.0003525     0.0003023     0.0002572     0.0002172     0.0001820     0.0001512     0.0001246     0.0001019     0.0000826     0.0000663     0.0000528     0.0000417     0.0000326     0.0000253     0.0000194     0.0000148     0.0000111
    -0.0032598    -0.0128217    -0.0280545    -0.0479733    -0.0713328    -0.0967412    -0.1227826    -0.1481325    -0.1716528    -0.1924585    -0.2099486    -0.2238052    -0.2339647    -0.2405707    -0.2439186    -0.2443995    -0.2424515    -0.2385195    -0.2330273    -0.2263590    -0.2188492    -0.2107806    -0.2023844    -0.1938453    -0.1853065    -0.1768758    -0.1686321    -0.1606298    -0.1529048    -0.1454776    -0.1383574    -0.1315444    -0.1250323    -0.1188103    -0.1128640    -0.1071768    -0.1017308    -0.0965071    -0.0914870    -0.0866515    -0.0819824    -0.0774622    -0.0730743    -0.0688035    -0.0646358    -0.0605590    -0.0565631    -0.0526397    -0.0487834    -0.0449911    -0.0412630    -0.0376023    -0.0340156    -0.0305128    -0.0271075    -0.0238161    -0.0206579    -0.0176540    -0.0148267    -0.0121982    -0.0097891    -0.0076173    -0.0056958    -0.0040323    -0.0026274    -0.0014745    -0.0005597     0.0001372     0.0006419     0.0009831     0.0011910     0.0012951     0.0013221     0.0012951     0.0012328     0.0011495     0.0010554     0.0009574     0.0008600     0.0007659     0.0006767     0.0005935     0.0005166     0.0004463     0.0003827     0.0003256     0.0002750     0.0002303     0.0001914     0.0001577     0.0001289     0.0001045     0.0000840     0.0000669     0.0000528     0.0000413     0.0000320     0.0000246     0.0000187     0.0000141
    -0.0035116    -0.0138369    -0.0303639    -0.0521289    -0.0778944    -0.1062493    -0.1357202    -0.1648820    -0.1924585    -0.2173993    -0.2389293    -0.2565651    -0.2701035    -0.2795847    -0.2852423    -0.2874460    -0.2866470    -0.2833302    -0.2779770    -0.2710383    -0.2629188    -0.2539684    -0.2444806    -0.2346947    -0.2248005    -0.2149446    -0.2052370    -0.1957569    -0.1865590    -0.1776779    -0.1691328    -0.1609309    -0.1530702    -0.1455420    -0.1383328    -0.1314254    -0.1248006    -0.1184375    -0.1123148    -0.1064109    -0.1007047    -0.0951756    -0.0898042    -0.0845724    -0.0794638    -0.0744639    -0.0695606    -0.0647442    -0.0600082    -0.0553492    -0.0507675    -0.0462673    -0.0418569    -0.0375488    -0.0333596    -0.0293098    -0.0254232    -0.0217261    -0.0182458    -0.0150100    -0.0120440    -0.0093699    -0.0070039    -0.0049555    -0.0032255    -0.0018059    -0.0006796     0.0001783     0.0007994     0.0012192     0.0014747     0.0016023     0.0016349     0.0016011     0.0015238     0.0014206     0.0013041     0.0011829     0.0010624     0.0009461     0.0008359     0.0007330     0.0006380     0.0005512     0.0004726     0.0004021     0.0003395     0.0002844     0.0002363     0.0001947     0.0001592     0.0001290     0.0001036     0.0000825     0.0000652     0.0000510     0.0000395     0.0000303     0.0000231     0.0000174
    -0.0036862    -0.0145489    -0.0320134    -0.0551665    -0.0828190    -0.1135896    -0.1460000    -0.1785769    -0.2099486    -0.2389293    -0.2645805    -0.2862464    -0.3035600    -0.3164231    -0.3249670    -0.3294997    -0.3304502    -0.3283154    -0.3236145    -0.3168541    -0.3085038    -0.2989815    -0.2886466    -0.2777993    -0.2666831    -0.2554910    -0.2443711    -0.2334341    -0.2227591    -0.2124001    -0.2023905    -0.1927478    -0.1834774    -0.1745751    -0.1660298    -0.1578254    -0.1499424    -0.1423589    -0.1350515    -0.1279966    -0.1211702    -0.1145492    -0.1081114    -0.1018360    -0.0957040    -0.0896987    -0.0838060    -0.0780148    -0.0723177    -0.0667109    -0.0611951    -0.0557757    -0.0504628    -0.0452717    -0.0402228    -0.0353409    -0.0306549    -0.0261965    -0.0219992    -0.0180961    -0.0145182    -0.0112920    -0.0084376    -0.0059661    -0.0038788    -0.0021661    -0.0008073     0.0002275     0.0009765     0.0014823     0.0017900     0.0019431     0.0019817     0.0019400     0.0018459     0.0017206     0.0015793     0.0014323     0.0012863     0.0011454     0.0010119     0.0008873     0.0007722     0.0006671     0.0005720     0.0004867     0.0004109     0.0003441     0.0002859     0.0002356     0.0001926     0.0001561     0.0001254     0.0000999     0.0000788     0.0000617     0.0000478     0.0000367     0.0000279     0.0000210
    -0.0037893    -0.0149786    -0.0330418    -0.0571357    -0.0861490    -0.1187682    -0.1535566    -0.1890418    -0.2238052    -0.2565651    -0.2862464    -0.3120295    -0.3333751    -0.3500224    -0.3619653    -0.3694102    -0.3727245    -0.3723821    -0.3689126    -0.3628588    -0.3547434    -0.3450472    -0.3341955    -0.3225527    -0.3104220    -0.2980491    -0.2856277    -0.2733065    -0.2611958    -0.2493741    -0.2378942    -0.2267883    -0.2160723    -0.2057495    -0.1958137    -0.1862519    -0.1770455    -0.1681727    -0.1596094    -0.1513301    -0.1433089    -0.1355204    -0.1279397    -0.1205437    -0.1133109    -0.1062226    -0.0992627    -0.0924188    -0.0856825    -0.0790501    -0.0725225    -0.0661067    -0.0598149    -0.0536656    -0.0476832    -0.0418973    -0.0363424    -0.0310564    -0.0260791    -0.0214502    -0.0172064    -0.0133795    -0.0099933    -0.0070614    -0.0045851    -0.0025533    -0.0009416     0.0002858     0.0011737     0.0017731     0.0021372     0.0023179     0.0023626     0.0023121     0.0021995     0.0020498     0.0018811     0.0017059     0.0015318     0.0013639     0.0012048     0.0010563     0.0009193     0.0007941     0.0006808     0.0005792     0.0004890     0.0004095     0.0003403     0.0002804     0.0002292     0.0001857     0.0001492     0.0001188     0.0000938     0.0000734     0.0000569     0.0000436     0.0000332     0.0000250
    -0.0038298    -0.0151594    -0.0335170    -0.0581404    -0.0880141    -0.1219194    -0.1584969    -0.1963183    -0.2339647    -0.2701035    -0.3035600    -0.3333751    -0.3588447    -0.3795361    -0.3952815    -0.4061516    -0.4124131    -0.4144785    -0.4128539    -0.4080910    -0.4007467    -0.3913527    -0.3803950    -0.3683017    -0.3554386    -0.3421092    -0.3285593    -0.3149822    -0.3015259    -0.2882997    -0.2753812    -0.2628219    -0.2506524    -0.2388871    -0.2275276    -0.2165659    -0.2059866    -0.1957696    -0.1858909    -0.1763245    -0.1670431    -0.1580195    -0.1492268    -0.1406397    -0.1322346    -0.1239906    -0.1158903    -0.1079199    -0.1000704    -0.0923378    -0.0847241    -0.0772376    -0.0698932    -0.0627129    -0.0557253    -0.0489655    -0.0424742    -0.0362959    -0.0304775    -0.0250654    -0.0201030    -0.0156277    -0.0116675    -0.0082383    -0.0053421    -0.0029658    -0.0010810     0.0003540     0.0013919     0.0020921     0.0025168     0.0027270     0.0027779     0.0027175     0.0025844     0.0024080     0.0022096     0.0020034     0.0017988     0.0016014     0.0014145     0.0012401     0.0010792     0.0009321     0.0007991     0.0006798     0.0005738     0.0004806     0.0003993     0.0003290     0.0002689     0.0002179     0.0001750     0.0001394     0.0001100     0.0000861     0.0000667     0.0000512     0.0000389     0.0000293
    -0.0038178    -0.0151306    -0.0335218    -0.0583142    -0.0885968    -0.1232613    -0.1610502    -0.2006129    -0.2405707    -0.2795847    -0.3164231    -0.3500224    -0.3795361    -0.4043658    -0.4241728    -0.4388681    -0.4485847    -0.4536357    -0.4544666    -0.4516049    -0.4456155    -0.4370620    -0.4264793    -0.4143537    -0.4011125    -0.3871202    -0.3726788    -0.3580323    -0.3433726    -0.3288462    -0.3145613    -0.3005938    -0.2869940    -0.2737910    -0.2609976    -0.2486137    -0.2366297    -0.2250287    -0.2137886    -0.2028839    -0.1922872    -0.1819700    -0.1719041    -0.1620624    -0.1524197    -0.1429535    -0.1336447    -0.1244787    -0.1154459    -0.1065427    -0.0977719    -0.0891437    -0.0806760    -0.0723943    -0.0643325    -0.0565313    -0.0490380    -0.0419046    -0.0351853    -0.0289343    -0.0232019    -0.0180317    -0.0134560    -0.0094938    -0.0061474    -0.0034017    -0.0012242     0.0004334     0.0016317     0.0024396     0.0029291     0.0031704     0.0032277     0.0031563     0.0030008     0.0027954     0.0025646     0.0023250     0.0020873     0.0018580     0.0016411     0.0014386     0.0012517     0.0010811     0.0009267     0.0007883     0.0006654     0.0005572     0.0004629     0.0003815     0.0003117     0.0002526     0.0002029     0.0001616     0.0001275     0.0000997     0.0000773     0.0000593     0.0000451     0.0000340
    -0.0037637    -0.0149325    -0.0331430    -0.0578019    -0.0881034    -0.1230565    -0.1615193    -0.2022421    -0.2439186    -0.2852423    -0.3249670    -0.3619653    -0.3952815    -0.4241728    -0.4481351    -0.4669103    -0.4804743    -0.4890092    -0.4928631    -0.4925036    -0.4884713    -0.4813365    -0.4716643    -0.4599875    -0.4467896    -0.4324942    -0.4174621    -0.4019922    -0.3863258    -0.3706523    -0.3551164    -0.3398244    -0.3248507    -0.3102440    -0.2960321    -0.2822263    -0.2688250    -0.2558171    -0.2431843    -0.2309032    -0.2189472    -0.2072879    -0.1958965    -0.1847448    -0.1738063    -0.1630572    -0.1524776    -0.1420521    -0.1317708    -0.1216306    -0.1116356    -0.1017983    -0.0921395    -0.0826893    -0.0734868    -0.0645790    -0.0560205    -0.0478710    -0.0401931    -0.0330490    -0.0264967    -0.0205861    -0.0153548    -0.0108246    -0.0069984    -0.0038592    -0.0013698     0.0005247     0.0018939     0.0028163     0.0033744     0.0036485     0.0037120     0.0036284     0.0034486     0.0032119     0.0029462     0.0026705     0.0023972     0.0021336     0.0018842     0.0016516     0.0014370     0.0012410     0.0010637     0.0009047     0.0007636     0.0006395     0.0005312     0.0004377     0.0003576     0.0002898     0.0002328     0.0001854     0.0001463     0.0001144     0.0000887     0.0000681     0.0000517     0.0000390
    -0.0036771    -0.0146030    -0.0324640    -0.0567451    -0.0867423    -0.1215809    -0.1602398    -0.2015832    -0.2443995    -0.2874460    -0.3294997    -0.3694102    -0.4061516    -0.4388681    -0.4669103    -0.4898560    -0.5075147    -0.5199150    -0.5272769    -0.5299732    -0.5284855    -0.5233599    -0.5151670    -0.5044682    -0.4917911    -0.4776131    -0.4623522    -0.4463638    -0.4299426    -0.4133259    -0.3967004    -0.3802081    -0.3639533    -0.3480088    -0.3324216    -0.3172181    -0.3024082    -0.2879891    -0.2739485    -0.2602670    -0.2469205    -0.2338817    -0.2211223    -0.2086137    -0.1963289    -0.1842435    -0.1723368    -0.1605933    -0.1490033    -0.1375644    -0.1262824    -0.1151722    -0.1042584    -0.0935757    -0.0831688    -0.0730920    -0.0634074    -0.0541832    -0.0454907    -0.0374011    -0.0299803    -0.0232855    -0.0173595    -0.0122273    -0.0078926    -0.0043363    -0.0015165     0.0006291     0.0021790     0.0032225     0.0038529     0.0041612     0.0042309     0.0041338     0.0039278     0.0036573     0.0033541     0.0030398     0.0027283     0.0024280     0.0021440     0.0018791     0.0016347     0.0014116     0.0012098     0.0010290     0.0008684     0.0007272     0.0006040     0.0004976     0.0004066     0.0003294     0.0002646     0.0002107     0.0001663     0.0001300     0.0001008     0.0000774     0.0000588     0.0000443
    -0.0035666    -0.0141763    -0.0315599    -0.0552741    -0.0847092    -0.1191010    -0.1575479    -0.1990328    -0.2424515    -0.2866470    -0.3304502    -0.3727245    -0.4124131    -0.4485847    -0.4804743    -0.5075147    -0.5293537    -0.5458572    -0.5570955    -0.5633170    -0.5649108    -0.5623658    -0.5562281    -0.5470639    -0.5354273    -0.5218381    -0.5067653    -0.4906195    -0.4737498    -0.4564451    -0.4389387    -0.4214135    -0.4040086    -0.3868262    -0.3699371    -0.3533867    -0.3372000    -0.3213858    -0.3059402    -0.2908500    -0.2760954    -0.2616518    -0.2474924    -0.2335895    -0.2199164    -0.2064487    -0.1931657    -0.1800520    -0.1670986    -0.1543043    -0.1416769    -0.1292343    -0.1170052    -0.1050294    -0.0933580    -0.0820525    -0.0711834    -0.0608282    -0.0510675    -0.0419817    -0.0336457    -0.0261240    -0.0194655    -0.0136984    -0.0088274    -0.0048311    -0.0016628     0.0007474     0.0024878     0.0036585     0.0043647     0.0047087     0.0047843     0.0046723     0.0044381     0.0041314     0.0037882     0.0034327     0.0030804     0.0027410     0.0024201     0.0021208     0.0018448     0.0015929     0.0013651     0.0011610     0.0009797     0.0008203     0.0006813     0.0005613     0.0004586     0.0003715     0.0002984     0.0002376     0.0001875     0.0001466     0.0001136     0.0000872     0.0000663     0.0000499
    -0.0034395    -0.0136813    -0.0304956    -0.0535029    -0.0821786    -0.1158604    -0.1537598    -0.1949767    -0.2385195    -0.2833302    -0.3283154    -0.3723821    -0.4144785    -0.4536357    -0.4890092    -0.5199150    -0.5458572    -0.5665430    -0.5818845    -0.5919849    -0.5971125    -0.5976667    -0.5941376    -0.5870672    -0.5770136    -0.5645212    -0.5500993    -0.5342075    -0.5172473    -0.4995604    -0.4814296    -0.4630830    -0.4446995    -0.4264153    -0.4083297    -0.3905119    -0.3730055    -0.3558342    -0.3390057    -0.3225156    -0.3063502    -0.2904897    -0.2749103    -0.2595862    -0.2444921    -0.2296044    -0.2149031    -0.2003737    -0.1860082    -0.1718073    -0.1577812    -0.1439513    -0.1303507    -0.1170250    -0.1040320    -0.0914413    -0.0793324    -0.0677924    -0.0569120    -0.0467815    -0.0374853    -0.0290958    -0.0216681    -0.0152343    -0.0098000    -0.0053418    -0.0018076     0.0008804     0.0028205     0.0041246     0.0049098     0.0052907     0.0053719     0.0052438     0.0049793     0.0046341     0.0042482     0.0038488     0.0034534     0.0030725     0.0027124     0.0023767     0.0020672     0.0017847     0.0015293     0.0013005     0.0010974     0.0009187     0.0007630     0.0006286     0.0005135     0.0004160     0.0003341     0.0002660     0.0002099     0.0001642     0.0001272     0.0000976     0.0000742     0.0000559
    -0.0033018    -0.0131420    -0.0293251    -0.0515275    -0.0792998    -0.1120714    -0.1491577    -0.1897697    -0.2330273    -0.2779770    -0.3236145    -0.3689126    -0.4128539    -0.4544666    -0.4928631    -0.5272769    -0.5570955    -0.5818845    -0.6014014    -0.6155956    -0.6245952    -0.6286826    -0.6282614    -0.6238191    -0.6158898    -0.6050209    -0.5917451    -0.5765598    -0.5599132    -0.5421973    -0.5237455    -0.5048337    -0.4856844    -0.4664724    -0.4473301    -0.4283545    -0.4096124    -0.3911461    -0.3729781    -0.3551154    -0.3375532    -0.3202782    -0.3032714    -0.2865106    -0.2699729    -0.2536365    -0.2374831    -0.2214996    -0.2056801    -0.1900273    -0.1745546    -0.1592873    -0.1442636    -0.1295352    -0.1151674    -0.1012384    -0.0878373    -0.0750613    -0.0630121    -0.0517906    -0.0414910    -0.0321944    -0.0239624    -0.0168314    -0.0108079    -0.0058663    -0.0019495     0.0010288     0.0031776     0.0046207     0.0054882     0.0059070     0.0059935     0.0058478     0.0055509     0.0051648     0.0047337     0.0042879     0.0038467     0.0034219     0.0030205     0.0026463     0.0023014     0.0019867     0.0017022     0.0014474     0.0012213     0.0010224     0.0008490     0.0006994     0.0005713     0.0004628     0.0003717     0.0002959     0.0002335     0.0001826     0.0001415     0.0001086     0.0000825     0.0000621
    -0.0031582    -0.0125776    -0.0280922    -0.0494264    -0.0761965    -0.1079130    -0.1439847    -0.1837247    -0.2263590    -0.2710383    -0.3168541    -0.3628588    -0.4080910    -0.4516049    -0.4925036    -0.5299732    -0.5633170    -0.5919849    -0.6155956    -0.6339484    -0.6470228    -0.6549657    -0.6580679    -0.6567331    -0.6514426    -0.6427202    -0.6311005    -0.6171027    -0.6012109    -0.5838616    -0.5654362    -0.5462589    -0.5265983    -0.5066713    -0.4866476    -0.4666563    -0.4467915    -0.4271179    -0.4076764    -0.3884887    -0.3695614    -0.3508901    -0.3324626    -0.3142619    -0.2962689    -0.2784651    -0.2608345    -0.2433667    -0.2260581    -0.2089146    -0.1919533    -0.1752039    -0.1587102    -0.1425308    -0.1267390    -0.1114222    -0.0966796    -0.0826197    -0.0693554    -0.0569988    -0.0456547    -0.0354134    -0.0263436    -0.0184859    -0.0118483    -0.0064031    -0.0020874     0.0011933     0.0035592     0.0051468     0.0060995     0.0065573     0.0066486     0.0064839     0.0061526     0.0057230     0.0052442     0.0047495     0.0042601     0.0037890     0.0033441     0.0029294     0.0025474     0.0021988     0.0018837     0.0016016     0.0013512     0.0011311     0.0009392     0.0007736     0.0006319     0.0005119     0.0004111     0.0003272     0.0002582     0.0002019     0.0001564     0.0001200     0.0000913     0.0000687
    -0.0030125    -0.0120031    -0.0268310    -0.0472619    -0.0729684    -0.1035316    -0.1384429    -0.1771075    -0.2188492    -0.2629188    -0.3085038    -0.3547434    -0.4007467    -0.4456155    -0.4884713    -0.5284855    -0.5649108    -0.5971125    -0.6245952    -0.6470228    -0.6642295    -0.6762186    -0.6831505    -0.6853202    -0.6831282    -0.6770467    -0.6675872    -0.6552699    -0.6405994    -0.6240459    -0.6060328    -0.5869305    -0.5670538    -0.5466636    -0.5259703    -0.5051390    -0.4842949    -0.4635292    -0.4429048    -0.4224612    -0.4022198    -0.3821875    -0.3623612    -0.3427309    -0.3232832    -0.3040038    -0.2848808    -0.2659068    -0.2470821    -0.2284162    -0.2099304    -0.1916599    -0.1736547    -0.1559807    -0.1387200    -0.1219697    -0.1058401    -0.0904513    -0.0759283    -0.0623951    -0.0499677    -0.0387461    -0.0288064    -0.0201942    -0.0129188    -0.0069504    -0.0022205     0.0013743     0.0039654     0.0057027     0.0067433     0.0072410     0.0073365     0.0071513     0.0067835     0.0063082     0.0057791     0.0052329     0.0046929     0.0041733     0.0036827     0.0032257     0.0028046     0.0024205     0.0020735     0.0017627     0.0014870     0.0012446     0.0010335     0.0008511     0.0006952     0.0005631     0.0004522     0.0003599     0.0002840     0.0002220     0.0001720     0.0001320     0.0001003     0.0000755
    -0.0028674    -0.0114299    -0.0255678    -0.0450819    -0.0696931    -0.0990434    -0.1326960    -0.1701375    -0.2107806    -0.2539684    -0.2989815    -0.3450472    -0.3913527    -0.4370620    -0.4813365    -0.5233599    -0.5623658    -0.5976667    -0.6286826    -0.6549657    -0.6762186    -0.6923044    -0.7032450    -0.7092099    -0.7104950    -0.7074945    -0.7006698    -0.6905183    -0.6775450    -0.6622386    -0.6450547    -0.6264035    -0.6066435    -0.5860799    -0.5649654    -0.5435041    -0.5218559    -0.5001421    -0.4784514    -0.4568447    -0.4353609    -0.4140215    -0.3928347    -0.3717999    -0.3509108    -0.3301595    -0.3095390    -0.2890467    -0.2686871    -0.2484746    -0.2284356    -0.2086112    -0.1890585    -0.1698515    -0.1510816    -0.1328565    -0.1152982    -0.0985389    -0.0827167    -0.0679681    -0.0544209    -0.0421853    -0.0313457    -0.0219524    -0.0140166    -0.0075065    -0.0023478     0.0015720     0.0043961     0.0062879     0.0074190     0.0079572     0.0080564     0.0078492     0.0074429     0.0069194     0.0063377     0.0057375     0.0051445     0.0045742     0.0040358     0.0035345     0.0030727     0.0026516     0.0022712     0.0019306     0.0016285     0.0013629     0.0011315     0.0009318     0.0007611     0.0006164     0.0004949     0.0003939     0.0003108     0.0002430     0.0001882     0.0001444     0.0001098     0.0000827
    -0.0027250    -0.0108663    -0.0243220    -0.0429225    -0.0664300    -0.0945381    -0.1268725    -0.1629908    -0.2023844    -0.2444806    -0.2886466    -0.3341955    -0.3803950    -0.4264793    -0.4716643    -0.5151670    -0.5562281    -0.5941376    -0.6282614    -0.6580679    -0.6831505    -0.7032450    -0.7182380    -0.7281659    -0.7332037    -0.7336450    -0.7298761    -0.7223457    -0.7115361    -0.6979358    -0.6820176    -0.6642215    -0.6449441    -0.6245320    -0.6032803    -0.5814333    -0.5591886    -0.5367009    -0.5140878    -0.4914354    -0.4688035    -0.4462307    -0.4237396    -0.4013411    -0.3790385    -0.3568315    -0.3347199    -0.3127071    -0.2908031    -0.2690280    -0.2474145    -0.2260104    -0.2048804    -0.1841075    -0.1637933    -0.1440566    -0.1250318    -0.1068644    -0.0897057    -0.0737058    -0.0590049    -0.0457240    -0.0339559    -0.0237567    -0.0151393    -0.0080700    -0.0024687     0.0017865     0.0048508     0.0069017     0.0081256     0.0087051     0.0088073     0.0085766     0.0081297     0.0075558     0.0069189     0.0062624     0.0056141     0.0049909     0.0044028     0.0038553     0.0033512     0.0028915     0.0024764     0.0021048     0.0017753     0.0014856     0.0012333     0.0010156     0.0008294     0.0006716     0.0005393     0.0004292     0.0003386     0.0002647     0.0002050     0.0001573     0.0001196     0.0000900
    -0.0025867    -0.0103181    -0.0231075    -0.0408101    -0.0632227    -0.0900834    -0.1210710    -0.1558048    -0.1938453    -0.2346947    -0.2777993    -0.3225527    -0.3683017    -0.4143537    -0.4599875    -0.5044682    -0.5470639    -0.5870672    -0.6238191    -0.6567331    -0.6853202    -0.7092099    -0.7281659    -0.7420941    -0.7510416    -0.7551861    -0.7548167    -0.7503098    -0.7421004    -0.7306546    -0.7164441    -0.6999249    -0.6815215    -0.6616165    -0.6405442    -0.6185894    -0.5959882    -0.5729313    -0.5495685    -0.5260140    -0.5023517    -0.4786407    -0.4549207    -0.4312165    -0.4075433    -0.3839107    -0.3603268    -0.3368023    -0.3133545    -0.2900100    -0.2668087    -0.2438062    -0.2210759    -0.1987103    -0.1768220    -0.1555419    -0.1350174    -0.1154080    -0.0968793    -0.0795954    -0.0637095    -0.0493543    -0.0366316    -0.0256033    -0.0162844    -0.0086395    -0.0025826     0.0020176     0.0053289     0.0075431     0.0088621     0.0094833     0.0095879     0.0093322     0.0088428     0.0082162     0.0075218     0.0068067     0.0061008     0.0054227     0.0047830     0.0041876     0.0036395     0.0031399     0.0026888     0.0022851     0.0019271     0.0016125     0.0013385     0.0011021     0.0009000     0.0007287     0.0005851     0.0004656     0.0003673     0.0002871     0.0002224     0.0001707     0.0001297     0.0000976
    -0.0024535    -0.0097895    -0.0219338    -0.0387627    -0.0601024    -0.0857283    -0.1153647    -0.1486840    -0.1853065    -0.2248005    -0.2666831    -0.3104220    -0.3554386    -0.4011125    -0.4467896    -0.4917911    -0.5354273    -0.5770136    -0.6158898    -0.6514426    -0.6831282    -0.7104950    -0.7332037    -0.7510416    -0.7639304    -0.7719249    -0.7752026    -0.7740466    -0.7688220    -0.7599490    -0.7478771    -0.7330606    -0.7159385    -0.6969194    -0.6763717    -0.6546176    -0.6319313    -0.6085407    -0.5846299    -0.5603440    -0.5357941    -0.5110628    -0.4862096    -0.4612763    -0.4362923    -0.4112789    -0.3862548    -0.3612397    -0.3362592    -0.3113482    -0.2865548    -0.2619434    -0.2375968    -0.2136184    -0.1901322    -0.1672822    -0.1452298    -0.1241490    -0.1042205    -0.0856232    -0.0685243    -0.0530684    -0.0393669    -0.0274881    -0.0174494    -0.0092137    -0.0026892     0.0022651     0.0058296     0.0082111     0.0096270     0.0102903     0.0103967     0.0101145     0.0095806     0.0088992     0.0081451     0.0073691     0.0066037     0.0058686     0.0051754     0.0045305     0.0039369     0.0033961     0.0029077     0.0024709     0.0020835     0.0017432     0.0014469     0.0011912     0.0009727     0.0007876     0.0006322     0.0005031     0.0003969     0.0003102     0.0002403     0.0001843     0.0001401     0.0001054
    -0.0023260    -0.0092828    -0.0208069    -0.0367924    -0.0570900    -0.0815069    -0.1098060    -0.1417049    -0.1768758    -0.2149446    -0.2554910    -0.2980491    -0.3421092    -0.3871202    -0.4324942    -0.4776131    -0.5218381    -0.5645212    -0.6050209    -0.6427202    -0.6770467    -0.7074945    -0.7336450    -0.7551861    -0.7719249    -0.7837955    -0.7908577    -0.7932872    -0.7913594    -0.7854269    -0.7758946    -0.7631947    -0.7477638    -0.7300239    -0.7103677    -0.6891491    -0.6666781    -0.6432188    -0.6189907    -0.5941718    -0.5689029    -0.5432930    -0.5174243    -0.4913583    -0.4651409    -0.4388078    -0.4123900    -0.3859183    -0.3594282    -0.3329642    -0.3065840    -0.2803617    -0.2543910    -0.2287866    -0.2036854    -0.1792449    -0.1556415    -0.1330646    -0.1117109    -0.0917747    -0.0734378    -0.0568576    -0.0421556    -0.0294070    -0.0186319    -0.0097915    -0.0027884     0.0025282     0.0063518     0.0089041     0.0104187     0.0111245     0.0112318     0.0109218     0.0103416     0.0096032     0.0087873     0.0079484     0.0071214     0.0063276     0.0055792     0.0048831     0.0042428     0.0036594     0.0031328     0.0026618     0.0022443     0.0018775     0.0015582     0.0012827     0.0010473     0.0008479     0.0006806     0.0005416     0.0004272     0.0003339     0.0002586     0.0001984     0.0001508     0.0001135
    -0.0022044    -0.0087994    -0.0197304    -0.0349063    -0.0541987    -0.0774415    -0.1044304    -0.1349218    -0.1686321    -0.2052370    -0.2443711    -0.2856277    -0.3285593    -0.3726788    -0.4174621    -0.4623522    -0.5067653    -0.5500993    -0.5917451    -0.6311005    -0.6675872    -0.7006698    -0.7298761    -0.7548167    -0.7752026    -0.7908577    -0.8017258    -0.8078694    -0.8094607    -0.8067660    -0.8001248    -0.7899259    -0.7765842    -0.7605183    -0.7421330    -0.7218051    -0.6998745    -0.6766388    -0.6523521    -0.6272262    -0.6014335    -0.5751115    -0.5483679    -0.5212864    -0.4939321    -0.4663577    -0.4386086    -0.4107284    -0.3827646    -0.3547727    -0.3268213    -0.2989959    -0.2714016    -0.2441661    -0.2174396    -0.1913945    -0.1662228    -0.1421304    -0.1193305    -0.0980340    -0.0784377    -0.0607128    -0.0449913    -0.0313557    -0.0198292    -0.0103718    -0.0028802     0.0028063     0.0068941     0.0096203     0.0112351     0.0119837     0.0120912     0.0117521     0.0111237     0.0103265     0.0094468     0.0085430     0.0076526     0.0067983     0.0059932     0.0052447     0.0045562     0.0039291     0.0033633     0.0028573     0.0024088     0.0020149     0.0016720     0.0013763     0.0011236     0.0009096     0.0007301     0.0005809     0.0004581     0.0003581     0.0002773     0.0002127     0.0001617     0.0001217
    -0.0020889    -0.0083398    -0.0187057    -0.0331079    -0.0514355    -0.0735453    -0.0992606    -0.1283706    -0.1606298    -0.1957569    -0.2334341    -0.2733065    -0.3149822    -0.3580323    -0.4019922    -0.4463638    -0.4906195    -0.5342075    -0.5765598    -0.6171027    -0.6552699    -0.6905183    -0.7223457    -0.7503098    -0.7740466    -0.7932872    -0.8078694    -0.8177443    -0.8229751    -0.8237291    -0.8202625    -0.8129009    -0.8020169    -0.7880076    -0.7712738    -0.7522031    -0.7311566    -0.7084600    -0.6843992    -0.6592190    -0.6331239    -0.6062816    -0.5788274    -0.5508698    -0.5224956    -0.4937767    -0.4647753    -0.4355502    -0.4061623    -0.3766801    -0.3471848    -0.3177741    -0.2885665    -0.2597030    -0.2313488    -0.2036921    -0.1769411    -0.1513194    -0.1270576    -0.1043837    -0.0835108    -0.0646240    -0.0478670    -0.0333296    -0.0210388    -0.0109535    -0.0029646     0.0030981     0.0074547     0.0103578     0.0120741     0.0128655     0.0129726     0.0126029     0.0119249     0.0110671     0.0101217     0.0091513     0.0081958     0.0072795     0.0064163     0.0056139     0.0048762     0.0042045     0.0035985     0.0030567     0.0025766     0.0021550     0.0017881     0.0014717     0.0012014     0.0009725     0.0007805     0.0006210     0.0004897     0.0003827     0.0002963     0.0002273     0.0001727     0.0001300
