    -6.1966937    -6.1851509    -6.1660225    -6.1394694    -6.1057106    -6.0650173    -6.0177054    -5.9641278    -5.9046661    -5.8397217    -5.7697081    -5.6950429    -5.6161406    -5.5334067    -5.4472328    -5.3579921    -5.2660366    -5.1716946    -5.0752701    -4.9770416    -4.8772624    -4.7761615    -4.6739444    -4.5707946    -4.4668748    -4.3623291    -4.2572843    -4.1518519    -4.0461296    -3.9402029    -3.8341469    -3.7280272    -3.6219018    -3.5158216    -3.4098319    -3.3039732    -3.1982818    -3.0927909    -2.9875307    -2.8825293    -2.7778129    -2.6734063    -2.5693331    -2.4656159    -2.3622766    -2.2593367    -2.1568168    -2.0547375    -1.9531190    -1.8519810    -1.7513433    -1.6512252    -1.5516459    -1.4526246    -1.3541801    -1.2563313    -1.1590970    -1.0624957    -0.9665463    -0.8712676    -0.7766786    -0.6827988    -0.5896480    -0.4972466    -0.4056157    -0.3147777    -0.2247558    -0.1355749    -0.0472614     0.0401559     0.1266465     0.2121768     0.2967105     0.3802079     0.4626259     0.5439172     0.6240304     0.7029096     0.7804940     0.8567177     0.9315097     1.0047937     1.0764880     1.1465055     1.2147541     1.2811369     1.3455522     1.4078949     1.4680561     1.5259247     1.5813884     1.6343342     1.6846504     1.7322275     1.7769600     1.8187480     1.8574989     1.8931291     1.9255656     1.9547478     1.9806289     2.0031772     2.0223772     2.0382303     2.0507551     2.0599874     2.0659797     2.0687999     2.0685300     2.0652642     2.0591058     2.0501652     2.0385560     2.0243926     2.0077860     1.9888416     1.9676560     1.9443150     1.9188924     1.8914488     1.8620325     1.8306806     1.7974211     1.7622760     1.7252657     1.6864127     1.6457464     1.6033082     1.5591549     1.5133631     1.4660313     1.4172819     1.3672615     1.3161399     1.2641081     1.2113752     1.1581644     1.1047082     1.0512437     0.9980073     0.9452303     0.8931342     0.8419273     0.7918011     0.7429289     0.6954633     0.6495361     0.6052577     0.5627175     0.5219848
    -6.1851509    -6.1736914    -6.1546995    -6.1283330    -6.0948069    -6.0543871    -6.0073838    -5.9541439    -5.8950427    -5.8304756    -5.7608502    -5.6865784    -5.6080699    -5.5257262    -5.4399349    -5.3510663    -5.2594701    -5.1654732    -5.0693780    -4.9714624    -4.8719797    -4.7711587    -4.6692055    -4.5663039    -4.4626175    -4.3582912    -4.2534527    -4.1482143    -4.0426747    -3.9369204    -3.8310272    -3.7250617    -3.6190825    -3.5131413    -3.4072842    -3.3015521    -3.1959821    -3.0906076    -2.9854594    -2.8805659    -2.7759538    -2.6716480    -2.5676725    -2.4640501    -2.3608029    -2.2579525    -2.1555197    -2.0535253    -1.9519894    -1.8509319    -1.7503726    -1.6503309    -1.5508261    -1.4518773    -1.3535034    -1.2557232    -1.1585555    -1.0620190    -0.9661323    -0.8709144    -0.7763844    -0.6825614    -0.5894654    -0.4971168    -0.4055367    -0.3147474    -0.2247720    -0.1356356    -0.0473645     0.0400126     0.1264651     0.2119595     0.2964595     0.3799254     0.4623139     0.5435780     0.6236662     0.7025224     0.7800860     0.8562910     0.9310665     1.0043359     1.0760177     1.1460246     1.2142647     1.2806407     1.3450513     1.4073908     1.4675507     1.5254198     1.5808854     1.6338348     1.6841559     1.7317394     1.7764796     1.8182765     1.8570376     1.8926789     1.9251275     1.9543228     1.9802177     2.0027806     2.0219957     2.0378645     2.0504055     2.0596543     2.0656633     2.0685004     2.0682476     2.0649988     2.0588575     2.0499337     2.0383412     2.0241942     2.0076037     1.9886749     1.9675045     1.9441783     1.9187699     1.8913400     1.8619368     1.8305973     1.7973495     1.7622156     1.7252158     1.6863725     1.6457154     1.6032856     1.5591401     1.5133554     1.4660300     1.4172865     1.3672713     1.3161543     1.2641266     1.2113973     1.1581895     1.1047359     1.0512734     0.9980387     0.9452629     0.8931677     0.8419613     0.7918354     0.7429631     0.6954972     0.6495695     0.6052904     0.5627494     0.5220156
    -6.1660225    -6.1546995    -6.1359316    -6.1098715    -6.0767273    -6.0367566    -5.9902605    -5.9375759    -5.8790680    -5.8151222    -5.7461363    -5.6725134    -5.5946551    -5.5129556    -5.4277967    -5.3395438    -5.2485426    -5.1551171    -5.0595678    -4.9621715    -4.8631809    -4.7628250    -4.6613102    -4.5588214    -4.4555233    -4.3515621    -4.2470669    -4.1421516    -4.0369163    -3.9314491    -3.8258272    -3.7201186    -3.6143832    -3.5086738    -3.4030377    -3.2975167    -3.1921488    -3.0869684    -2.9820069    -2.8772934    -2.7728550    -2.6687174    -2.5649047    -2.4614403    -2.3583467    -2.2556454    -2.1533579    -2.0515049    -1.9501066    -1.8491834    -1.7487548    -1.6488404    -1.5494597    -1.4506317    -1.3523753    -1.2547094    -1.1576528    -1.0612242    -0.9654421    -0.8703256    -0.7758936    -0.6821654    -0.5891608    -0.4969001    -0.4054046    -0.3146964    -0.2247987    -0.1357363    -0.0475358     0.0397743     0.1261634     0.2115980     0.2960417     0.3794550     0.4617946     0.5430133     0.6230597     0.7018777     0.7794066     0.8555805     0.9303283     1.0035735     1.0752343     1.1452238     1.2134495     1.2798144     1.3442168     1.4065513     1.4667090     1.5245787     1.5800476     1.6330028     1.6833323     1.7309264     1.7756794     1.8174913     1.8562691     1.8919290     1.9243978     1.9536148     1.9795327     2.0021198     2.0213602     2.0372552     2.0498230     2.0590993     2.0651362     2.0680016     2.0677771     2.0645567     2.0584437     2.0495480     2.0379833     2.0238636     2.0072998     1.9883972     1.9672522     1.9439506     1.9185658     1.8911586     1.8617772     1.8304584     1.7972303     1.7621150     1.7251325     1.6863056     1.6456636     1.6032479     1.5591153     1.5133424     1.4660279     1.4172941     1.3672876     1.3161784     1.2641575     1.2114340     1.1582313     1.1047819     1.0513229     0.9980909     0.9453172     0.8932235     0.8420180     0.7918925     0.7430201     0.6955537     0.6496251     0.6053448     0.5628023     0.5220668
    -6.1394694    -6.1283330    -6.1098715    -6.0842307    -6.0516092    -6.0122538    -5.9664530    -5.9145304    -5.8568374    -5.7937458    -5.7256401    -5.6529114    -5.5759500    -5.4951403    -5.4108560    -5.3234553    -5.2332788    -5.1406461    -5.0458551    -4.9491808    -4.8508749    -4.7511667    -4.6502631    -4.5483501    -4.4455940    -4.3421427    -4.2381273    -4.1336637    -4.0288541    -3.9237886    -3.8185465    -3.7131974    -3.6078032    -3.5024185    -3.3970917    -3.2918664    -3.1867817    -3.0818730    -2.9771730    -2.8727114    -2.7685164    -2.6646142    -2.5610296    -2.4577865    -2.3549077    -2.2524154    -2.1503312    -2.0486761    -1.9474706    -1.8467351    -1.7464895    -1.6467534    -1.5475463    -1.4488874    -1.3507955    -1.2532897    -1.1563886    -1.0601108    -0.9644753    -0.8695006    -0.7752058    -0.6816102    -0.5887334    -0.4965959    -0.4052188    -0.3146240    -0.2248350    -0.1358764    -0.0477746     0.0394418     0.1257421     0.2110929     0.2954580     0.3787977     0.4610687     0.5422239     0.6222118     0.7009764     0.7784567     0.8545870     0.9292960     1.0025073     1.0741389     1.1441037     1.2123094     1.2786587     1.3430498     1.4053772     1.4655318     1.5234023     1.5788758     1.6318392     1.6821802     1.7297892     1.7745601     1.8163928     1.8551940     1.8908799     1.9233770     1.9526243     1.9785745     2.0011954     2.0204711     2.0364026     2.0490080     2.0583227     2.0643987     2.0673036     2.0671188     2.0639382     2.0578647     2.0490084     2.0374825     2.0234010     2.0068746     1.9880085     1.9668990     1.9436318     1.9182801     1.8909048     1.8615538     1.8302640     1.7970633     1.7619739     1.7250159     1.6862117     1.6455910     1.6031949     1.5590805     1.5133242     1.4660247     1.4173045     1.3673103     1.3162118     1.2642004     1.2114853     1.1582896     1.1048461     1.0513919     0.9981638     0.9453930     0.8933014     0.8420971     0.7919721     0.7430997     0.6956326     0.6497028     0.6054208     0.5628763     0.5221384
    -6.1057106    -6.0948069    -6.0767273    -6.0516092    -6.0196401    -5.9810533    -5.9361220    -5.8851534    -5.8284819    -5.7664624    -5.6994632    -5.6278601    -5.5520295    -5.4723436    -5.3891652    -5.3028441    -5.2137136    -5.1220881    -5.0282617    -4.9325069    -4.8350745    -4.7361933    -4.6360709    -4.5348946    -4.4328325    -4.3300347    -4.2266346    -4.1227507    -4.0184877    -3.9139382    -3.8091840    -3.7042972    -3.5993417    -3.4943743    -3.3894455    -3.2846005    -3.1798799    -3.0753209    -2.9709571    -2.8668197    -2.7629377    -2.6593382    -2.5560469    -2.4530883    -2.3504859    -2.2482622    -2.1464394    -2.0450387    -1.9440811    -1.8435870    -1.7435766    -1.6440696    -1.5450857    -1.4466440    -1.3487636    -1.2514634    -1.1547621    -1.0586785    -0.9632310    -0.8684386    -0.7743202    -0.6808949    -0.5881826    -0.4962033    -0.4049782    -0.3145294    -0.2248799    -0.1360546    -0.0480798     0.0390161     0.1252023     0.2104456     0.2947095     0.3779546     0.4601375     0.5412110     0.6211238     0.6998196     0.7772376     0.8533118     0.9279710     1.0011386     1.0727326     1.1426658     1.2108456     1.2771748     1.3415513     1.4038695     1.4640201     1.5218916     1.5773709     1.6303448     1.6807007     1.7283287     1.7731226     1.8149819     1.8538134     1.8895326     1.9220659     1.9513521     1.9773436     2.0000080     2.0193291     2.0353075     2.0479612     2.0573252     2.0634514     2.0664069     2.0662731     2.0631435     2.0571209     2.0483150     2.0368390     2.0228065     2.0063282     1.9875090     1.9664451     1.9432220     1.9179129     1.8905784     1.8612665     1.8300139     1.7968485     1.7617925     1.7248657     1.6860909     1.6454974     1.6031266     1.5590354     1.5133004     1.4660203     1.4173176     1.3673390     1.3162545     1.2642554     1.2115508     1.1583641     1.1049283     1.0514804     0.9982572     0.9454902     0.8934012     0.8421985     0.7920743     0.7432017     0.6957337     0.6498024     0.6055183     0.5629711     0.5222302
    -6.0650173    -6.0543871    -6.0367566    -6.0122538    -5.9810533    -5.9433729    -5.8994683    -5.8496277    -5.7941659    -5.7334182    -5.6677340    -5.5974710    -5.5229892    -5.4446461    -5.3627919    -5.2777657    -5.1898922    -5.0994793    -5.0068162    -4.9121723    -4.8157964    -4.7179171    -4.6187425    -4.5184611    -4.4172430    -4.3152406    -4.2125902    -4.1094130    -4.0058168    -3.9018973    -3.7977389    -3.6934168    -3.5889976    -3.4845404    -3.3800981    -3.2757180    -3.1714428    -3.0673113    -2.9633587    -2.8596176    -2.7561183    -2.6528890    -2.5499563    -2.4473456    -2.3450809    -2.2431857    -2.1416822    -2.0405925    -1.9399377    -1.8397386    -1.7400156    -1.6407886    -1.5420774    -1.4439011    -1.3462791    -1.2492301    -1.1527729    -1.0569262    -0.9617086    -0.8671389    -0.7732359    -0.6800187    -0.5875071    -0.4957211    -0.4046818    -0.3144112    -0.2249322    -0.1362697    -0.0484500     0.0384987     0.1245456     0.2096574     0.2937978     0.3769273     0.4590025     0.5399763     0.6197972     0.6984090     0.7757508     0.8517565     0.9263548     0.9994690     1.0710171     1.1409115     1.2090598     1.2753643     1.3397229     1.4020298     1.4621754     1.5200481     1.5755345     1.6285211     1.6788951     1.7265463     1.7713682     1.8132600     1.8521282     1.8878880     1.9204656     1.9497993     1.9758412     1.9985586     2.0179350     2.0339707     2.0466832     2.0561074     2.0622947     2.0653120     2.0652405     2.0621731     2.0562126     2.0474683     2.0360531     2.0220805     2.0056609     1.9868989     1.9658907     1.9427214     1.9174642     1.8901796     1.8609154     1.8297082     1.7965859     1.7615705     1.7246820     1.6859429     1.6453827     1.6030427     1.5589800     1.5132710     1.4660145     1.4173332     1.3673737     1.3163062     1.2643220     1.2116303     1.1584548     1.1050282     1.0515879     0.9983708     0.9456084     0.8935226     0.8423220     0.7921986     0.7433259     0.6958569     0.6499237     0.6056370     0.5630866     0.5223421
    -6.0177054    -6.0073838    -5.9902605    -5.9664530    -5.9361220    -5.8994683    -5.8567282    -5.8081692    -5.7540845    -5.6947873    -5.6306059    -5.5618776    -5.4889440    -5.4121457    -5.3318182    -5.2482884    -5.1618706    -5.0728648    -4.9815544    -4.8882047    -4.7930622    -4.6963543    -4.5982896    -4.4990578    -4.3988308    -4.2977637    -4.1959957    -4.0936512    -3.9908414    -3.8876650    -3.7842102    -3.6805552    -3.5767695    -3.4729154    -3.3690482    -3.2652179    -3.1614694    -3.0578433    -2.9543770    -2.8511046    -2.7480578    -2.6452662    -2.5427574    -2.4405578    -2.3386925    -2.2371853    -2.1360594    -2.0353371    -1.9350402    -1.8351896    -1.7358061    -1.6369099    -1.5385207    -1.4406580    -1.3433411    -1.2465888    -1.1504199    -1.0548531    -0.9599070    -0.8656002    -0.7719516    -0.6789802    -0.5867056    -0.4951480    -0.4043280    -0.3142678    -0.2249903    -0.1365201    -0.0488834     0.0378914     0.1237737     0.2087303     0.2927248     0.3757177     0.4576658     0.5385217     0.6182341     0.6967466     0.7739983     0.8499230     0.9244494     0.9975005     1.0689942     1.1388429     1.2069537     1.2732290     1.3375665     1.3998599     1.4599996     1.5178736     1.5733683     1.6263698     1.6767650     1.7244435     1.7692983     1.8112285     1.8501399     1.8859476     1.9185773     1.9479669     1.9740683     1.9968482     2.0162898     2.0323930     2.0451750     2.0546701     2.0609295     2.0640198     2.0640216     2.0610277     2.0551404     2.0464687     2.0351253     2.0212233     2.0048728     1.9861784     1.9652358     1.9421300     1.9169342     1.8897084     1.8605004     1.8293468     1.7962753     1.7613079     1.7244645     1.6857676     1.6452467     1.6029431     1.5589138     1.5132355     1.4660070     1.4173509     1.3674140     1.3163666     1.2644000     1.2117236     1.1585612     1.1051456     1.0517143     0.9985044     0.9457474     0.8936655     0.8424673     0.7923449     0.7434720     0.6960018     0.6500664     0.6057767     0.5632226     0.5224737
    -5.9641278    -5.9541439    -5.9375759    -5.9145304    -5.8851534    -5.8496277    -5.8081692    -5.7610233    -5.7084599    -5.6507689    -5.5882553    -5.5212346    -5.4500277    -5.3749567    -5.2963408    -5.2144926    -5.1297150    -5.0422985    -4.9525194    -4.8606381    -4.7668980    -4.6715249    -4.5747270    -4.4766952    -4.3776033    -4.2776089    -4.1768540    -4.0754667    -3.9735615    -3.8712411    -3.7685970    -3.6657110    -3.5626563    -3.4594979    -3.3562946    -3.2530989    -3.1499584    -3.0469160    -2.9440111    -2.8412799    -2.7387555    -2.6364691    -2.5344497    -2.4327247    -2.3313201    -2.2302608    -2.1295705    -2.0292721    -1.9293879    -1.8299394    -1.7309475    -1.6324327    -1.5344149    -1.4369139    -1.3399487    -1.2435386    -1.1477021    -1.0524580    -0.9578249    -0.8638213    -0.7704659    -0.6777779    -0.5857766    -0.4944821    -0.4039151    -0.3140974    -0.2250521    -0.1368036    -0.0493780     0.0371963     0.1228889     0.2076664     0.2914927     0.3743282     0.4561296     0.5368496     0.6164368     0.6948348     0.7719826     0.8478139     0.9222572     0.9952355     1.0666664     1.1364622     1.2045299     1.2707714     1.3350843     1.3973621     1.4574949     1.5153702     1.5708743     1.6238928     1.6743124     1.7220222     1.7669149     1.8088891     1.8478502     1.8837130     1.9164026     1.9458566     1.9720263     1.9948782     2.0143948     2.0305757     2.0434375     2.0530144     2.0593568     2.0625310     2.0626172     2.0597079     2.0539048     2.0453167     2.0340559     2.0202352     2.0039645     1.9853478     1.9644807     1.9414481     1.9163228     1.8891647     1.8600215     1.8289296     1.7959167     1.7610045     1.7242130     1.6855648     1.6450891     1.6028274     1.5588368     1.5131938     1.4659975     1.4173704     1.3674596     1.3164353     1.2644890     1.2118303     1.1586829     1.1052800     1.0518592     0.9986575     0.9459068     0.8938294     0.8426339     0.7925128     0.7436398     0.6961682     0.6502303     0.6059372     0.5633788     0.5226248
    -5.9046661    -5.8950427    -5.8790680    -5.8568374    -5.8284819    -5.7941659    -5.7540845    -5.7084599    -5.6575381    -5.6015843    -5.5408795    -5.4757156    -5.4063915    -5.3332094    -5.2564704    -5.1764715    -5.0935026    -5.0078435    -4.9197624    -4.8295133    -4.7373356    -4.6434531    -4.5480730    -4.4513868    -4.3535699    -4.2547823    -4.1551691    -4.0548616    -3.9539782    -3.8526254    -3.7508985    -3.6488833    -3.5466564    -3.4442866    -3.3418358    -3.2393597    -3.1369086    -3.0345282    -2.9322600    -2.8301424    -2.7282105    -2.6264970    -2.5250324    -2.4238455    -2.3229633    -2.2224115    -2.1222149    -2.0223969    -1.9229804    -1.8239874    -1.7254391    -1.6273563    -1.5297592    -1.4326677    -1.3361010    -1.2400782    -1.1446182    -1.0497395    -0.9554607    -0.8618003    -0.7687771    -0.6764098    -0.5847180    -0.4937214    -0.4034408    -0.3138978    -0.2251154    -0.1371179    -0.0499313     0.0364160     0.1218937     0.2064685     0.2901043     0.3727614     0.4543967     0.5349628     0.6144082     0.6926765     0.7697065     0.8454319     0.9197811     0.9926768     1.0640365     1.1337723     1.2017909     1.2679941     1.3322791     1.3945390     1.4546637     1.5125404     1.5680549     1.6210926     1.6715397     1.7192847     1.7642201     1.8062439     1.8452611     1.8811861     1.9139433     1.9434700     1.9697170     1.9926501     2.0122514     2.0285201     2.0414722     2.0511414     2.0575776     2.0608466     2.0610283     2.0582145     2.0525066     2.0440131     2.0328457     2.0191169     2.0029361     1.9844073     1.9636257     1.9406758     1.9156303     1.8885488     1.8594788     1.8284567     1.7955099     1.7606602     1.7239275     1.6853342     1.6449098     1.6026955     1.5587485     1.5131455     1.4659855     1.4173914     1.3675100     1.3165119     1.2645886     1.2119499     1.1588196     1.1054311     1.0520220     0.9988297     0.9460862     0.8940139     0.8428216     0.7927019     0.7438288     0.6963556     0.6504150     0.6061179     0.5635547     0.5227952
    -5.8397217    -5.8304756    -5.8151222    -5.7937458    -5.7664624    -5.7334182    -5.6947873    -5.6507689    -5.6015843    -5.5474740    -5.4886938    -5.4255114    -5.3582027    -5.2870486    -5.2123311    -5.1343302    -5.0533214    -4.9695727    -4.8833424    -4.7948777    -4.7044128    -4.6121682    -4.5183499    -4.4231491    -4.3267426    -4.2292923    -4.1309462    -4.0318391    -3.9320930    -3.8318182    -3.7311143    -3.6300709    -3.5287686    -3.4272799    -3.3256703    -3.2239987    -3.1223186    -3.0206785    -2.9191225    -2.8176912    -2.7164219    -2.6153491    -2.5145049    -2.4139195    -2.3136212    -2.2136368    -2.1139919    -2.0147107    -1.9158168    -1.8173326    -1.7192799    -1.6216796    -1.5245524    -1.4279182    -1.3317964    -1.2362063    -1.1411665    -1.0466958    -0.9528127    -0.8595356    -0.7668830    -0.6748739    -0.5835275    -0.4928636    -0.4029027    -0.3136664    -0.2251774    -0.1374601    -0.0505405     0.0355534     0.1207911     0.2051396     0.2885626     0.3710206     0.4524703     0.5328645     0.6121515     0.6902748     0.7671733     0.8427804     0.9170242     0.9898276     1.0611077     1.1307764     1.1987400     1.2649002     1.3291538     1.3913936     1.4515091     1.5093872     1.5649131     1.6179719     1.6684494     1.7162335     1.7612163     1.8032953     1.8423750     1.8783690     1.9112016     1.9408092     1.9671421     1.9901657     2.0098614     2.0262278     2.0392805     2.0490524     2.0555931     2.0589678     2.0592558     2.0565485     2.0509468     2.0425585     2.0314952     2.0178687     2.0017884     1.9833575     1.9626711     1.9398134     1.9148567     1.8878606     1.8588723     1.8279280     1.7950549     1.7602749     1.7236077     1.6850756     1.6447083     1.6025468     1.5586486     1.5130902     1.4659708     1.4174133     1.3675648     1.3165959     1.2646983     1.2120819     1.1589707     1.1055982     1.0522024     0.9990206     0.9462852     0.8942185     0.8430298     0.7929118     0.7440385     0.6965637     0.6506200     0.6063187     0.5637502     0.5229844
    -5.7697081    -5.7608502    -5.7461363    -5.7256401    -5.6994632    -5.6677340    -5.6306059    -5.5882553    -5.5408795    -5.4886938    -5.4319289    -5.3708278    -5.3056430    -5.2366332    -5.1640600    -5.0881858    -5.0092703    -4.9275683    -4.8433274    -4.7567865    -4.6681735    -4.5777049    -4.4855843    -4.3920024    -4.2971362    -4.2011494    -4.1041927    -4.0064038    -3.9079084    -3.8088208    -3.7092446    -3.6092733    -3.5089918    -3.4084765    -3.3077965    -3.2070144    -3.1061869    -3.0053655    -2.9045972    -2.8039251    -2.7033886    -2.6030243    -2.5028662    -2.4029459    -2.3032931    -2.2039358    -2.1049006    -2.0062127    -1.9078962    -1.8099741    -1.7124688    -1.6154016    -1.5187933    -1.4226641    -1.3270336    -1.2319211    -1.1373454    -1.0433251    -0.9498788    -0.8570247    -0.7647814    -0.6731677    -0.5822026    -0.4919059    -0.4022979    -0.3134001    -0.2252352    -0.1378273    -0.0512023     0.0346118     0.1195847     0.2036832     0.2868712     0.3691093     0.4503542     0.5305584     0.6096704     0.6876336     0.7643867     0.8398630     0.9139905     0.9866918     1.0578838     1.1274781     1.1953809     1.2614933     1.3257120     1.3879294     1.4480345     1.5059138     1.5614521     1.6145340     1.6650446     1.7128717     1.7579066     1.8000461     1.8391944     1.8752645     1.9081799     1.9378765     1.9643040     1.9874271     2.0072267     2.0237007     2.0368641     2.0467492     2.0534050     2.0568960     2.0573011     2.0547110     2.0492262     2.0409539     2.0300052     2.0164916     2.0005218     1.9821988     1.9616173     1.9388611     1.9140024     1.8871003     1.8582020     1.8273434     1.7945516     1.7598484     1.7232533     1.6847888     1.6444844     1.6023812     1.5585366     1.5130275     1.4659528     1.4174358     1.3676236     1.3166869     1.2648176     1.2122258     1.1591358     1.1057810     1.0523998     0.9992296     0.9465030     0.8944427     0.8432580     0.7931419     0.7442686     0.6967920     0.6508449     0.6065390     0.5639646     0.5231921
    -5.6950429    -5.6865784    -5.6725134    -5.6529114    -5.6278601    -5.5974710    -5.5618776    -5.5212346    -5.4757156    -5.4255114    -5.3708278    -5.3118835    -5.2489068    -5.1821341    -5.1118063    -5.0381668    -4.9614586    -4.8819224    -4.7997939    -4.7153023    -4.6286685    -4.5401037    -4.4498081    -4.3579710    -4.2647691    -4.1703672    -4.0749180    -3.9785621    -3.8814286    -3.7836354    -3.6852900    -3.5864904    -3.4873252    -3.3878751    -3.2882131    -3.1884053    -3.0885119    -2.9885878    -2.8886828    -2.7888426    -2.6891093    -2.5895215    -2.4901151    -2.3909235    -2.2919779    -2.1933075    -2.0949401    -1.9969018    -1.8992174    -1.8019107    -1.7050045    -1.6085207    -1.5124802    -1.4169036    -1.3218107    -1.2272207    -1.1331527    -1.0396251    -0.9466565    -0.8542652    -0.7624696    -0.6712883    -0.5807403    -0.4908451    -0.4016231    -0.3130956    -0.2252851    -0.1382156    -0.0519129     0.0335951     0.1182782     0.2021033     0.2850343     0.3670317     0.4480523     0.5280488     0.6069692     0.6847571     0.7613510     0.8366840     0.9106841     0.9832734     1.0543689     1.1238816     1.1917175     1.2577775     1.3219578     1.3841503     1.4442437     1.5021239     1.5576755     1.6107822     1.6613289     1.7092026     1.7542940     1.7964995     1.8357225     1.8718753     1.9048809     1.9346745     1.9612050     1.9844366     2.0043495     2.0209408     2.0342249     2.0442334     2.0510147     2.0546327     2.0551655     2.0527033     2.0473460     2.0392003     2.0283766     2.0149861     1.9991369     1.9809317     1.9604646     1.9378193     1.9130675     1.8862681     1.8574680     1.8267029     1.7939999     1.7593804     1.7228642     1.6844735     1.6442377     1.6021982     1.5584122     1.5129568     1.4659311     1.4174582     1.3676857     1.3167842     1.2649459     1.2123811     1.1593141     1.1059788     1.0526135     0.9994562     0.9467393     0.8946860     0.8435057     0.7933917     0.7445184     0.6970399     0.6510893     0.6067783     0.5641977     0.5234178
    -5.6161406    -5.6080699    -5.5946551    -5.5759500    -5.5520295    -5.5229892    -5.4889440    -5.4500277    -5.4063915    -5.3582027    -5.3056430    -5.2489068    -5.1881992    -5.1237335    -5.0557299    -4.9844121    -4.9100059    -4.8327366    -4.7528273    -4.6704962    -4.5859560    -4.4994114    -4.4110586    -4.3210840    -4.2296636    -4.1369623    -4.0431344    -3.9483226    -3.8526590    -3.7562652    -3.6592525    -3.5617226    -3.4637686    -3.3654750    -3.2669187    -3.1681698    -3.0692921    -2.9703436    -2.8713775    -2.7724423    -2.6735825    -2.5748392    -2.4762503    -2.3778511    -2.2796743    -2.1817507    -2.0841090    -1.9867766    -1.8897790    -1.7931409    -1.6968855    -1.6010352    -1.5056114    -1.4106349    -1.3161256    -1.2221029    -1.1285859    -1.0355932    -0.9431432    -0.8512542    -0.7599444    -0.6692324    -0.5791371    -0.4896778    -0.4008748    -0.3127491    -0.2253232    -0.1386210    -0.0526681     0.0325076     0.1168761     0.2004043     0.2830562     0.3647924     0.4455695     0.5253402     0.6040526     0.6816500     0.7580709     0.8332482     0.9071097     0.9795773     1.0505676     1.1199915     1.1877546     1.2537574     1.3178955     1.3800607     1.4401410     1.4980220     1.5535875     1.6067208     1.6573062     1.7052299     1.7503823     1.7926589     1.8319625     1.8682047     1.9013077     1.9312061     1.9578481     1.9811970     2.0012324     2.0179505     2.0313652     2.0415072     2.0484243     2.0521796     2.0528506     2.0505268     2.0453075     2.0372987     2.0266105     2.0133532     1.9976346     1.9795568     1.9592137     1.9366884     1.9120523     1.8853641     1.8566703     1.8260065     1.7933996     1.7588709     1.7224401     1.6841292     1.6439678     1.6019973     1.5582749     1.5128777     1.4659050     1.4174801     1.3677505     1.3168872     1.2650826     1.2125470     1.1595051     1.1061909     1.0528430     0.9996995     0.9469933     0.8949476     0.8437723     0.7936606     0.7447873     0.6973069     0.6513525     0.6070362     0.5644489     0.5236611
    -5.5334067    -5.5257262    -5.5129556    -5.4951403    -5.4723436    -5.4446461    -5.4121457    -5.3749567    -5.3332094    -5.2870486    -5.2366332    -5.1821341    -5.1237335    -5.0616227    -4.9960003    -4.9270706    -4.8550414    -4.7801221    -4.7025218    -4.6224472    -4.5401014    -4.4556817    -4.3693790    -4.2813759    -4.1918464    -4.1009552    -4.0088569    -3.9156962    -3.8216075    -3.7267154    -3.6311349    -3.5349715    -3.4383222    -3.3412755    -3.2439123    -3.1463066    -3.0485258    -2.9506314    -2.8526798    -2.7547224    -2.6568066    -2.5589758    -2.4612703    -2.3637271    -2.2663809    -2.1692637    -2.0724058    -1.9758355    -1.8795795    -1.7836629    -1.6881099    -1.5929432    -1.4981848    -1.4038556    -1.3099758    -1.2165650    -1.1236424    -1.0312265    -0.9393357    -0.8479883    -0.7572024    -0.6669965    -0.5773892    -0.4883999    -0.4000486    -0.3123563    -0.2253452    -0.1390390    -0.0534634     0.0313541     0.1153833     0.1985913     0.2809422     0.3623965     0.4429109     0.5224380     0.6009259     0.6783177     0.7545518     0.8295610     0.9032727     0.9756088     1.0464854     1.1158132     1.1834973     1.2494379     1.3135303     1.3756655     1.4357313     1.4936126     1.5491926     1.6023541     1.6529807     1.7009580     1.7461756     1.7885283     1.8279183     1.8642563     1.8974639     1.9274747     1.9542363     1.9777112     1.9978780     2.0147324     2.0282874     2.0385729     2.0456358     2.0495387     2.0503582     2.0481831     2.0431121     2.0352506     2.0247079     2.0115938     1.9960156     1.9780749     1.9578650     1.9354688     1.9109571     1.8843884     1.8558090     1.8252542     1.7927507     1.7583197     1.7219806     1.6837557     1.6436745     1.6017781     1.5581241     1.5127896     1.4658740     1.4175006     1.3678173     1.3169952     1.2652268     1.2127228     1.1597079     1.1064165     1.0530874     0.9999590     0.9472644     0.8952270     0.8440569     0.7939479     0.7450748     0.6975924     0.6516340     0.6073120     0.5647175     0.5239214
    -5.4472328    -5.4399349    -5.4277967    -5.4108560    -5.3891652    -5.3627919    -5.3318182    -5.2963408    -5.2564704    -5.2123311    -5.1640600    -5.1118063    -5.0557299    -4.9960003    -4.9327955    -4.8663000    -4.7967035    -4.7241989    -4.6489806    -4.5712429    -4.4911781    -4.4089754    -4.3248188    -4.2388864    -4.1513493    -4.0623705    -3.9721044    -3.8806968    -3.7882839    -3.6949929    -3.6009418    -3.5062397    -3.4109873    -3.3152769    -3.2191935    -3.1228147    -3.0262117    -2.9294495    -2.8325879    -2.7356813    -2.6387798    -2.5419297    -2.4451733    -2.3485499    -2.2520958    -2.1558449    -2.0598288    -1.9640768    -1.8686168    -1.7734748    -1.6786755    -1.5842425    -1.4901979    -1.3965631    -1.3033586    -1.2106041    -1.1183189    -1.0265215    -0.9352304    -0.8444637    -0.7542396    -0.6645763    -0.5754924    -0.4870070    -0.3991400    -0.3119123    -0.2253459    -0.1394644    -0.0542933     0.0301399     0.1138053     0.1966699     0.2786979     0.3598498     0.4400823     0.5193481     0.5975949     0.6747661     0.7507996     0.8256282     0.8991790     0.9713737     1.0421280     1.1113523     1.1789514     1.2448248     1.3088676     1.3709703     1.4310200     1.4889010     1.5444960     1.5976872     1.6483574     1.6963915     1.7416784     1.7841122     1.8235941     1.8600342     1.8933532     1.9234840     1.9503732     1.9739824     1.9942896     2.0112895     2.0249942     2.0354329     2.0426516     2.0467121     2.0476902     2.0456741     2.0407616     2.0330574     2.0226702     2.0097092     1.9942810     1.9764868     1.9564193     1.9341610     1.9097824     1.8833415     1.8548844     1.8244461     1.7920531     1.7577265     1.7214857     1.6833527     1.6433571     1.6015401     1.5579593     1.5126919     1.4658373     1.4175193     1.3678855     1.3171076     1.2653780     1.2129078     1.1599219     1.1066550     1.0533461     1.0002338     0.9475516     0.8955232     0.8443590     0.7942529     0.7453801     0.6978956     0.6519331     0.6076052     0.5650031     0.5241980
    -5.3579921    -5.3510663    -5.3395438    -5.3234553    -5.3028441    -5.2777657    -5.2482884    -5.2144926    -5.1764715    -5.1343302    -5.0881858    -5.0381668    -4.9844121    -4.9270706    -4.8663000    -4.8022656    -4.7351386    -4.6650953    -4.5923150    -4.5169787    -4.4392674    -4.3593604    -4.2774344    -4.1936617    -4.1082092    -4.0212374    -3.9328997    -3.8433418    -3.7527012    -3.6611068    -3.5686794    -3.4755311    -3.3817660    -3.2874801    -3.1927620    -3.0976932    -3.0023485    -2.9067964    -2.8111000    -2.7153170    -2.6195003    -2.5236988    -2.4279574    -2.3323174    -2.2368172    -2.1414923    -2.0463757    -1.9514982    -1.8568886    -1.7625741    -1.6685799    -1.5749302    -1.4816478    -1.3887544    -1.2962708    -1.2042168    -1.1126119    -1.0214746    -0.9308234    -0.8406764    -0.7510517    -0.6619673    -0.5734417    -0.4854940    -0.3981438    -0.3114118    -0.2253199    -0.1398915    -0.0551521     0.0288711     0.1121481     0.1946462     0.2763295     0.3571586     0.4370903     0.5160768     0.5940663     0.6710017     0.7468209     0.8214564     0.8948352     0.9668785     1.0375019     1.1066153     1.1741230     1.2399244     1.3039137     1.3659810     1.4260129     1.4838930     1.5395035     1.5927256     1.6434416     1.6915356     1.7368957     1.7794152     1.8189945     1.8555428     1.8889800     1.9192380     1.9462626     1.9700145     1.9904707     2.0076250     2.0214887     2.0320901     2.0394743     2.0437023     2.0448490     2.0430018     2.0382577     2.0307207     2.0204988     2.0077005     1.9924318     1.9747933     1.9548773     1.9327657     1.9085285     1.8822236     1.8538965     1.8235821     1.7913067     1.7570912     1.7209549     1.6829198     1.6430153     1.6012828     1.5577800     1.5125839     1.4657944     1.4175352     1.3679543     1.3172234     1.2655352     1.2131011     1.1601462     1.1069054     1.0536181     1.0005232     0.9478543     0.8958356     0.8446777     0.7945748     0.7457024     0.6982158     0.6522491     0.6079149     0.5653049     0.5244905
    -5.2660366    -5.2594701    -5.2485426    -5.2332788    -5.2137136    -5.1898922    -5.1618706    -5.1297150    -5.0935026    -5.0533214    -5.0092703    -4.9614586    -4.9100059    -4.8550414    -4.7967035    -4.7351386    -4.6705001    -4.6029475    -4.5326446    -4.4597585    -4.3844581    -4.3069123    -4.2272892    -4.1457541    -4.0624689    -3.9775904    -3.8912700    -3.8036524    -3.7148753    -3.6250691    -3.5343562    -3.4428515    -3.3506620    -3.2578871    -3.1646188    -3.0709421    -2.9769354    -2.8826708    -2.7882145    -2.6936276    -2.5989660    -2.5042811    -2.4096203    -2.3150274    -2.2205427    -2.1262034    -2.0320442    -1.9380972    -1.8443925    -1.7509581    -1.6578201    -1.5650035    -1.4725315    -1.3804262    -1.2887088    -1.1973993    -1.1065173    -1.0160815    -0.9261102    -0.8366216    -0.7476336    -0.6591643    -0.5712320    -0.4838554    -0.3970542    -0.3108488    -0.2252610    -0.1403141    -0.0560333     0.0275542     0.1104185     0.1925271     0.2738441     0.3543301     0.4339417     0.5126315     0.5903472     0.6670317     0.7426229     0.8170528     0.8902484     0.9621304     1.0326142     1.1016092     1.1690194     1.2347435     1.2986753     1.3607044     1.4207166     1.4785951     1.5342211     1.5874754     1.6382392     1.6863961     1.7318331     1.7744429     1.8141248     1.8507872     1.8843490     1.9147413     1.9419088     1.9658113     1.9864250     2.0037426     2.0177743     2.0285477     2.0361069     2.0405120     2.0418370     2.0401684     2.0356024     2.0282424     2.0181953     2.0055691     1.9904693     1.9729956     1.9532399     1.9312834     1.9071960     1.8810350     1.8528456     1.8226624     1.7905115     1.7564137     1.7203880     1.6824565     1.6426486     1.6010057     1.5575854     1.5124650     1.4657445     1.4175477     1.3680229     1.3173418     1.2656976     1.2133017     1.1603798     1.1071668     1.0539025     1.0008261     0.9481715     0.8961632     0.8450121     0.7949127     0.7460410     0.6985523     0.6525812     0.6082405     0.5656223     0.5247982
    -5.1716946    -5.1654732    -5.1551171    -5.1406461    -5.1220881    -5.0994793    -5.0728648    -5.0422985    -5.0078435    -4.9695727    -4.9275683    -4.8819224    -4.8327366    -4.7801221    -4.7241989    -4.6650953    -4.6029475    -4.5378982    -4.4700959    -4.3996934    -4.3268468    -4.2517140    -4.1744535    -4.0952227    -4.0141773    -3.9314694    -3.8472473    -3.7616538    -3.6748260    -3.5868946    -3.4979832    -3.4082087    -3.3176806    -3.2265010    -3.1347652    -3.0425616    -2.9499718    -2.8570714    -2.7639299    -2.6706113    -2.5771746    -2.4836741    -2.3901596    -2.2966773    -2.2032696    -2.1099755    -2.0168315    -1.9238710    -1.8311253    -1.7386236    -1.6463929    -1.5544588    -1.4628451    -1.3715745    -1.2806685    -1.1901473    -1.1000306    -1.0103373    -0.9210858    -0.8322941    -0.7439801    -0.6561617    -0.5688571    -0.4820850    -0.3958648    -0.3102167    -0.2251625    -0.1407252    -0.0569299     0.0261964     0.1086239     0.1903201     0.2712492     0.3513718     0.4306445     0.5090199     0.5864455     0.6628642     0.7382134     0.8124254     0.8854265     0.9571373     1.0274727     1.0963417     1.1636480     1.2292896     1.2931599     1.3551477     1.4151384     1.4730142     1.5286559     1.5819432     1.6327568     1.6809792     1.7264967     1.7692010     1.8089905     1.8457727     1.8794654     1.9099987     1.9373165     1.9613775     1.9821567     1.9996461     2.0138547     2.0248092     2.0325526     2.0371441     2.0386569     2.0371764     2.0327981     2.0256243     2.0157615     2.0033167     1.9883947     1.9710947     1.9515079     1.9297151     1.9057856     1.8797762     1.8517319     1.8216871     1.7896675     1.7556937     1.7197848     1.6819626     1.6422565     1.6007081     1.5573749     1.5123345     1.4656868     1.4175559     1.3680903     1.3174619     1.2658642     1.2135089     1.1606218     1.1074383     1.0541984     1.0011416     0.9485023     0.8965050     0.8453613     0.7952658     0.7463949     0.6989042     0.6529286     0.6085813     0.5659545     0.5251202
    -5.0752701    -5.0693780    -5.0595678    -5.0458551    -5.0282617    -5.0068162    -4.9815544    -4.9525194    -4.9197624    -4.8833424    -4.8433274    -4.7997939    -4.7528273    -4.7025218    -4.6489806    -4.5923150    -4.5326446    -4.4700959    -4.4048020    -4.3369015    -4.2665374    -4.1938558    -4.1190048    -4.0421332    -3.9633895    -3.8829201    -3.8008689    -3.7173761    -3.6325769    -3.5466016    -3.4595742    -3.3716129    -3.2828287    -3.1933266    -3.1032043    -3.0125531    -2.9214580    -2.8299976    -2.7382446    -2.6462661    -2.5541240    -2.4618754    -2.3695727    -2.2772644    -2.1849950    -2.0928056    -2.0007343    -1.9088161    -1.8170836    -1.7255670    -1.6342944    -1.5432921    -1.4525846    -1.3621951    -1.2721453    -1.1824559    -1.0931468    -1.0042369    -0.9157446    -0.8276880    -0.7400848    -0.6529530    -0.5663106    -0.4801761    -0.3945686    -0.3095085    -0.2250170    -0.1411172    -0.0578339     0.0248058     0.1067724     0.1880334     0.2685532     0.3482922     0.4272072     0.5052505     0.5823698     0.6585076     0.7336013     0.8075828     0.8803782     0.9519077     1.0220859     1.0908214     1.1580173     1.2235711     1.2873756     1.3493190     1.4092860     1.4671581     1.5228152     1.5761364     1.6270014     1.6752919     1.7208932     1.7636960     1.8035979     1.8405052     1.8743348     1.9050158     1.9324909     1.9567179     1.9776706     1.9953399     2.0097340     2.0208783     2.0288149     2.0336019     2.0353116     2.0340285     2.0298471     2.0228689     2.0131994     2.0009450     1.9862097     1.9690920     1.9496825     1.9280615     1.9042977     1.8784476     1.8505558     1.8206563     1.7887746     1.7549312     1.7191449     1.6814376     1.6418386     1.6003895     1.5571479     1.5121916     1.4656205     1.4175589     1.3681556     1.3175828     1.2660341     1.2137215     1.1608711     1.1077187     1.0545046     1.0014687     0.9488455     0.8968602     0.8457243     0.7956331     0.7467631     0.6992706     0.6532904     0.6089362     0.5663007     0.5254558
