    -0.0000000    -0.0000000    -0.0000000     0.0000000    -0.0000000    -0.0000000    -0.0000000    -0.0000000    -0.0000000    -0.0000000    -0.0000000    -0.0000000    -0.0000000    -0.0000000    -0.0000000    -0.0000000    -0.0000000    -0.0000000    -0.0000000    -0.0000000    -0.0000000    -0.0000000    -0.0000000    -0.0000000    -0.0000000    -0.0000000    -0.0000000    -0.0000000    -0.0000000    -0.0000000    -0.0000000    -0.0000000    -0.0000000    -0.0000000    -0.0000000    -0.0000000    -0.0000000    -0.0000000    -0.0000000    -0.0000000    -0.0000000    -0.0000000    -0.0000000    -0.0000000    -0.0000000    -0.0000000    -0.0000000    -0.0000000    -0.0000000    -0.0000000    -0.0000000    -0.0000000    -0.0000000    -0.0000000    -0.0000000    -0.0000000    -0.0000000    -0.0000000    -0.0000000    -0.0000000    -0.0000000    -0.0000000    -0.0000000    -0.0000000    -0.0000000    -0.0000000    -0.0000000    -0.0000000    -0.0000000    -0.0000000    -0.0000000    -0.0000000    -0.0000000    -0.0000000    -0.0000000    -0.0000000    -0.0000000    -0.0000000    -0.0000000    -0.0000000    -0.0000000    -0.0000000    -0.0000000    -0.0000000    -0.0000000    -0.0000000    -0.0000000    -0.0000000    -0.0000000     0.0000000    -0.0000000    -0.0000000    -0.0000000    -0.0000000    -0.0000000    -0.0000000    -0.0000000    -0.0000000     0.0000000     0.0000000
    -0.0000000    -0.0000000    -0.0000000    -0.0000000    -0.0000000    -0.0000000    -0.0000000    -0.0000000    -0.0000000    -0.0000000    -0.0000000    -0.0000000    -0.0000000    -0.0000000    -0.0000000    -0.0000000    -0.0000000    -0.0000000    -0.0000000    -0.0000000    -0.0000000    -0.0000000    -0.0000000    -0.0000000    -0.0000000    -0.0000000    -0.0000000    -0.0000000    -0.0000000    -0.0000000    -0.0000000    -0.0000000    -0.0000000    -0.0000000    -0.0000000    -0.0000000    -0.0000000    -0.0000000    -0.0000000    -0.0000000    -0.0000000    -0.0000000    -0.0000000    -0.0000000    -0.0000000    -0.0000000    -0.0000000    -0.0000000    -0.0000000    -0.0000000    -0.0000000    -0.0000000    -0.0000000    -0.0000000    -0.0000000    -0.0000000    -0.0000000    -0.0000000    -0.0000000    -0.0000000    -0.0000000    -0.0000000    -0.0000000    -0.0000000    -0.0000000    -0.0000000    -0.0000000    -0.0000000    -0.0000000    -0.0000000    -0.0000000    -0.0000000    -0.0000000    -0.0000000    -0.0000000    -0.0000000    -0.0000000    -0.0000000    -0.0000000    -0.0000000    -0.0000000    -0.0000000    -0.0000000    -0.0000000    -0.0000000    -0.0000000    -0.0000000    -0.0000000    -0.0000000    -0.0000000    -0.0000000    -0.0000000    -0.0000000    -0.0000000    -0.0000000    -0.0000000    -0.0000000    -0.0000000    -0.0000000    -0.0000000
    -0.0000000    -0.0000000    -0.0000000    -0.0000000    -0.0000000    -0.0000000    -0.0000000    -0.0000000    -0.0000000    -0.0000000    -0.0000000    -0.0000000    -0.0000000    -0.0000000    -0.0000000    -0.0000000    -0.0000000    -0.0000000    -0.0000000    -0.0000000    -0.0000000    -0.0000000    -0.0000000    -0.0000000    -0.0000000    -0.0000000    -0.0000000    -0.0000000    -0.0000000    -0.0000000    -0.0000000    -0.0000000    -0.0000000    -0.0000000    -0.0000000    -0.0000000    -0.0000000    -0.0000000    -0.0000000    -0.0000000    -0.0000000    -0.0000000    -0.0000000    -0.0000000    -0.0000000    -0.0000000    -0.0000000    -0.0000000    -0.0000000    -0.0000000    -0.0000000    -0.0000000    -0.0000000    -0.0000000    -0.0000000    -0.0000000    -0.0000000    -0.0000000    -0.0000000    -0.0000000    -0.0000000    -0.0000000    -0.0000000    -0.0000000    -0.0000000    -0.0000000    -0.0000000    -0.0000000    -0.0000000    -0.0000000    -0.0000000    -0.0000000    -0.0000000    -0.0000000    -0.0000000    -0.0000000    -0.0000000    -0.0000000    -0.0000000    -0.0000000    -0.0000000    -0.0000000    -0.0000000    -0.0000000    -0.0000000    -0.0000000    -0.0000000    -0.0000000    -0.0000000    -0.0000000    -0.0000000    -0.0000000    -0.0000000    -0.0000000    -0.0000000    -0.0000000    -0.0000000    -0.0000000    -0.0000000    -0.0000000
     0.0000000    -0.0000000    -0.0000000    -0.0000000    -0.0000000    -0.0000000    -0.0000000    -0.0000000    -0.0000000    -0.0000000    -0.0000000    -0.0000000    -0.0000000    -0.0000000    -0.0000000    -0.0000000    -0.0000000    -0.0000000    -0.0000000    -0.0000000    -0.0000000    -0.0000000    -0.0000000    -0.0000000    -0.0000000    -0.0000000    -0.0000000    -0.0000000    -0.0000000    -0.0000000    -0.0000000    -0.0000000    -0.0000000    -0.0000000    -0.0000000    -0.0000000    -0.0000000    -0.0000000    -0.0000000    -0.0000000    -0.0000000    -0.0000000    -0.0000000    -0.0000000    -0.0000000    -0.0000000    -0.0000000    -0.0000000    -0.0000000    -0.0000000    -0.0000000    -0.0000000    -0.0000000    -0.0000000    -0.0000000    -0.0000000    -0.0000000    -0.0000000    -0.0000000    -0.0000000    -0.0000000    -0.0000000    -0.0000000    -0.0000000    -0.0000000    -0.0000000    -0.0000000    -0.0000000    -0.0000000    -0.0000000    -0.0000000    -0.0000000    -0.0000000    -0.0000000    -0.0000000    -0.0000000    -0.0000000    -0.0000000    -0.0000000    -0.0000000    -0.0000000    -0.0000000    -0.0000000    -0.0000000    -0.0000000    -0.0000000    -0.0000000    -0.0000000    -0.0000000    -0.0000000    -0.0000000    -0.0000000    -0.0000000    -0.0000000    -0.0000000    -0.0000000    -0.0000000    -0.0000000    -0.0000000    -0.0000000
    -0.0000000    -0.0000000    -0.0000000    -0.0000000    -0.0000000    -0.0000000    -0.0000000    -0.0000000    -0.0000000    -0.0000000    -0.0000000    -0.0000000    -0.0000000    -0.0000000    -0.0000000    -0.0000000    -0.0000000    -0.0000000    -0.0000000    -0.0000000    -0.0000000    -0.0000000    -0.0000000    -0.0000000    -0.0000000    -0.0000000    -0.0000000    -0.0000000    -0.0000000    -0.0000000    -0.0000000    -0.0000000    -0.0000000    -0.0000000    -0.0000000    -0.0000000    -0.0000000    -0.0000000    -0.0000000    -0.0000000    -0.0000000    -0.0000000    -0.0000000    -0.0000000    -0.0000000    -0.0000000    -0.0000000    -0.0000000    -0.0000000    -0.0000000    -0.0000000    -0.0000000    -0.0000000    -0.0000000    -0.0000000    -0.0000000    -0.0000000    -0.0000000    -0.0000000    -0.0000000    -0.0000000    -0.0000000    -0.0000000    -0.0000000    -0.0000000    -0.0000000    -0.0000000    -0.0000000    -0.0000000    -0.0000000    -0.0000000    -0.0000000    -0.0000000    -0.0000000    -0.0000000    -0.0000000    -0.0000000    -0.0000000    -0.0000000    -0.0000000    -0.0000000    -0.0000000    -0.0000000    -0.0000000    -0.0000000    -0.0000000    -0.0000000    -0.0000000    -0.0000000    -0.0000000    -0.0000000    -0.0000000    -0.0000000    -0.0000000    -0.0000000    -0.0000000    -0.0000000    -0.0000000    -0.0000000    -0.0000000
    -0.0000000    -0.0000000    -0.0000000    -0.0000000    -0.0000000    -0.0000000    -0.0000000    -0.0000000    -0.0000000    -0.0000000    -0.0000000    -0.0000000    -0.0000000    -0.0000000    -0.0000000    -0.0000000    -0.0000000    -0.0000000    -0.0000000    -0.0000000    -0.0000000    -0.0000000    -0.0000000    -0.0000000    -0.0000000    -0.0000000    -0.0000000    -0.0000000    -0.0000000    -0.0000000    -0.0000000    -0.0000000    -0.0000000    -0.0000000    -0.0000000    -0.0000000    -0.0000000    -0.0000000    -0.0000000    -0.0000000    -0.0000000    -0.0000000    -0.0000000    -0.0000000    -0.0000000    -0.0000000    -0.0000000    -0.0000000    -0.0000000    -0.0000000    -0.0000000    -0.0000000    -0.0000000    -0.0000000    -0.0000000    -0.0000000    -0.0000000    -0.0000000    -0.0000000    -0.0000000    -0.0000000    -0.0000000    -0.0000000    -0.0000000    -0.0000000    -0.0000000    -0.0000000    -0.0000000    -0.0000000    -0.0000000    -0.0000000    -0.0000000    -0.0000000    -0.0000000    -0.0000000    -0.0000000    -0.0000000    -0.0000000    -0.0000000    -0.0000000    -0.0000000    -0.0000000    -0.0000000    -0.0000000    -0.0000000    -0.0000000    -0.0000000    -0.0000000    -0.0000000    -0.0000000    -0.0000000    -0.0000000    -0.0000000    -0.0000000    -0.0000000    -0.0000000    -0.0000000    -0.0000000    -0.0000000    -0.0000000
    -0.0000000    -0.0000000    -0.0000000    -0.0000000    -0.0000000    -0.0000000    -0.0000000    -0.0000000    -0.0000000    -0.0000000    -0.0000000    -0.0000000    -0.0000000    -0.0000000    -0.0000000    -0.0000000    -0.0000000    -0.0000001    -0.0000001    -0.0000001    -0.0000001    -0.0000001    -0.0000001    -0.0000001    -0.0000001    -0.0000001    -0.0000001    -0.0000001    -0.0000001    -0.0000001    -0.0000001    -0.0000001    -0.0000001    -0.0000001    -0.0000001    -0.0000000    -0.0000000    -0.0000000    -0.0000000    -0.0000000    -0.0000000    -0.0000000    -0.0000000    -0.0000000    -0.0000000    -0.0000000    -0.0000000    -0.0000000    -0.0000000    -0.0000000    -0.0000000    -0.0000000    -0.0000000    -0.0000000    -0.0000000    -0.0000000    -0.0000000    -0.0000000    -0.0000000    -0.0000000    -0.0000000    -0.0000000    -0.0000000    -0.0000000    -0.0000000    -0.0000000    -0.0000000    -0.0000000    -0.0000000    -0.0000000    -0.0000000    -0.0000000    -0.0000000    -0.0000000    -0.0000000    -0.0000000    -0.0000000    -0.0000000    -0.0000000    -0.0000000    -0.0000000    -0.0000000    -0.0000000    -0.0000000    -0.0000000    -0.0000000    -0.0000000    -0.0000000    -0.0000000    -0.0000000    -0.0000000    -0.0000000    -0.0000000    -0.0000000    -0.0000000    -0.0000000    -0.0000000    -0.0000000    -0.0000000    -0.0000000
    -0.0000000    -0.0000000    -0.0000000    -0.0000000    -0.0000000    -0.0000000    -0.0000000    -0.0000000    -0.0000000    -0.0000000    -0.0000000    -0.0000000    -0.0000000    -0.0000001    -0.0000001    -0.0000001    -0.0000001    -0.0000001    -0.0000001    -0.0000002    -0.0000002    -0.0000002    -0.0000002    -0.0000002    -0.0000002    -0.0000002    -0.0000002    -0.0000002    -0.0000002    -0.0000002    -0.0000002    -0.0000002    -0.0000001    -0.0000001    -0.0000001    -0.0000001    -0.0000001    -0.0000001    -0.0000001    -0.0000001    -0.0000001    -0.0000001    -0.0000001    -0.0000001    -0.0000001    -0.0000001    -0.0000000    -0.0000000    -0.0000000    -0.0000000    -0.0000000    -0.0000000    -0.0000000    -0.0000000    -0.0000000    -0.0000000    -0.0000000    -0.0000000    -0.0000000    -0.0000000    -0.0000000    -0.0000000    -0.0000000    -0.0000000    -0.0000000    -0.0000000    -0.0000000    -0.0000000    -0.0000000    -0.0000000    -0.0000000    -0.0000000    -0.0000000    -0.0000000    -0.0000000    -0.0000000    -0.0000000    -0.0000000    -0.0000000    -0.0000000    -0.0000000    -0.0000000    -0.0000000    -0.0000000    -0.0000000    -0.0000000    -0.0000000    -0.0000000    -0.0000000    -0.0000000    -0.0000000    -0.0000000    -0.0000000    -0.0000000    -0.0000000    -0.0000000    -0.0000000    -0.0000000    -0.0000000    -0.0000000
    -0.0000000    -0.0000000    -0.0000000    -0.0000000    -0.0000000    -0.0000000    -0.0000000    -0.0000000    -0.0000000    -0.0000000    -0.0000000    -0.0000000    -0.0000001    -0.0000001    -0.0000001    -0.0000002    -0.0000002    -0.0000003    -0.0000003    -0.0000003    -0.0000004    -0.0000004    -0.0000004    -0.0000004    -0.0000004    -0.0000004    -0.0000004    -0.0000004    -0.0000004    -0.0000004    -0.0000004    -0.0000003    -0.0000003    -0.0000003    -0.0000003    -0.0000003    -0.0000002    -0.0000002    -0.0000002    -0.0000002    -0.0000002    -0.0000002    -0.0000001    -0.0000001    -0.0000001    -0.0000001    -0.0000001    -0.0000001    -0.0000001    -0.0000001    -0.0000001    -0.0000001    -0.0000001    -0.0000001    -0.0000000    -0.0000000    -0.0000000    -0.0000000    -0.0000000    -0.0000000    -0.0000000    -0.0000000    -0.0000000    -0.0000000    -0.0000000    -0.0000000    -0.0000000    -0.0000000    -0.0000000    -0.0000000    -0.0000000    -0.0000000    -0.0000000    -0.0000000    -0.0000000    -0.0000000    -0.0000000    -0.0000000    -0.0000000    -0.0000000    -0.0000000    -0.0000000    -0.0000000    -0.0000000    -0.0000000    -0.0000000    -0.0000000    -0.0000000    -0.0000000    -0.0000000    -0.0000000    -0.0000000    -0.0000000    -0.0000000    -0.0000000    -0.0000000    -0.0000000    -0.0000000    -0.0000000    -0.0000000
    -0.0000000    -0.0000000    -0.0000000    -0.0000000    -0.0000000    -0.0000000    -0.0000000    -0.0000000    -0.0000000    -0.0000000    -0.0000001    -0.0000001    -0.0000001    -0.0000002    -0.0000003    -0.0000003    -0.0000004    -0.0000005    -0.0000006    -0.0000006    -0.0000007    -0.0000008    -0.0000008    -0.0000008    -0.0000008    -0.0000008    -0.0000008    -0.0000008    -0.0000008    -0.0000008    -0.0000007    -0.0000007    -0.0000007    -0.0000006    -0.0000006    -0.0000005    -0.0000005    -0.0000005    -0.0000004    -0.0000004    -0.0000004    -0.0000003    -0.0000003    -0.0000003    -0.0000003    -0.0000002    -0.0000002    -0.0000002    -0.0000002    -0.0000002    -0.0000001    -0.0000001    -0.0000001    -0.0000001    -0.0000001    -0.0000001    -0.0000001    -0.0000001    -0.0000001    -0.0000001    -0.0000001    -0.0000000    -0.0000000    -0.0000000    -0.0000000    -0.0000000    -0.0000000    -0.0000000    -0.0000000    -0.0000000    -0.0000000    -0.0000000    -0.0000000    -0.0000000    -0.0000000    -0.0000000    -0.0000000    -0.0000000    -0.0000000    -0.0000000    -0.0000000    -0.0000000    -0.0000000    -0.0000000    -0.0000000    -0.0000000    -0.0000000    -0.0000000    -0.0000000    -0.0000000    -0.0000000    -0.0000000    -0.0000000    -0.0000000    -0.0000000    -0.0000000    -0.0000000    -0.0000000    -0.0000000    -0.0000000
    -0.0000000    -0.0000000    -0.0000000    -0.0000000    -0.0000000    -0.0000000    -0.0000000    -0.0000000    -0.0000000    -0.0000001    -0.0000001    -0.0000002    -0.0000002    -0.0000003    -0.0000005    -0.0000006    -0.0000007    -0.0000009    -0.0000010    -0.0000011    -0.0000013    -0.0000014    -0.0000014    -0.0000015    -0.0000015    -0.0000015    -0.0000015    -0.0000015    -0.0000015    -0.0000014    -0.0000014    -0.0000013    -0.0000012    -0.0000012    -0.0000011    -0.0000010    -0.0000009    -0.0000009    -0.0000008    -0.0000007    -0.0000007    -0.0000006    -0.0000006    -0.0000005    -0.0000005    -0.0000004    -0.0000004    -0.0000004    -0.0000003    -0.0000003    -0.0000003    -0.0000003    -0.0000002    -0.0000002    -0.0000002    -0.0000002    -0.0000002    -0.0000001    -0.0000001    -0.0000001    -0.0000001    -0.0000001    -0.0000001    -0.0000001    -0.0000001    -0.0000001    -0.0000000    -0.0000000    -0.0000000    -0.0000000    -0.0000000    -0.0000000    -0.0000000    -0.0000000    -0.0000000    -0.0000000    -0.0000000    -0.0000000    -0.0000000    -0.0000000    -0.0000000    -0.0000000    -0.0000000    -0.0000000    -0.0000000    -0.0000000    -0.0000000    -0.0000000    -0.0000000    -0.0000000    -0.0000000    -0.0000000    -0.0000000    -0.0000000    -0.0000000    -0.0000000    -0.0000000    -0.0000000    -0.0000000    -0.0000000
    -0.0000000    -0.0000000    -0.0000000    -0.0000000    -0.0000000    -0.0000000    -0.0000000    -0.0000000    -0.0000000    -0.0000001    -0.0000002    -0.0000003    -0.0000004    -0.0000005    -0.0000007    -0.0000009    -0.0000012    -0.0000014    -0.0000017    -0.0000019    -0.0000021    -0.0000023    -0.0000024    -0.0000025    -0.0000026    -0.0000026    -0.0000026    -0.0000026    -0.0000026    -0.0000025    -0.0000024    -0.0000023    -0.0000022    -0.0000020    -0.0000019    -0.0000018    -0.0000017    -0.0000016    -0.0000015    -0.0000013    -0.0000012    -0.0000011    -0.0000011    -0.0000010    -0.0000009    -0.0000008    -0.0000007    -0.0000007    -0.0000006    -0.0000006    -0.0000005    -0.0000005    -0.0000004    -0.0000004    -0.0000004    -0.0000003    -0.0000003    -0.0000003    -0.0000002    -0.0000002    -0.0000002    -0.0000002    -0.0000001    -0.0000001    -0.0000001    -0.0000001    -0.0000001    -0.0000001    -0.0000001    -0.0000001    -0.0000001    -0.0000000    -0.0000000    -0.0000000    -0.0000000    -0.0000000    -0.0000000    -0.0000000    -0.0000000    -0.0000000    -0.0000000    -0.0000000    -0.0000000    -0.0000000    -0.0000000    -0.0000000    -0.0000000    -0.0000000    -0.0000000    -0.0000000    -0.0000000    -0.0000000    -0.0000000    -0.0000000    -0.0000000    -0.0000000    -0.0000000    -0.0000000    -0.0000000    -0.0000000
    -0.0000000    -0.0000000    -0.0000000    -0.0000000    -0.0000000    -0.0000000    -0.0000000    -0.0000000    -0.0000001    -0.0000001    -0.0000002    -0.0000004    -0.0000006    -0.0000008    -0.0000011    -0.0000014    -0.0000018    -0.0000022    -0.0000026    -0.0000030    -0.0000033    -0.0000036    -0.0000039    -0.0000041    -0.0000042    -0.0000043    -0.0000043    -0.0000043    -0.0000042    -0.0000041    -0.0000040    -0.0000038    -0.0000036    -0.0000034    -0.0000032    -0.0000031    -0.0000029    -0.0000027    -0.0000025    -0.0000023    -0.0000021    -0.0000020    -0.0000018    -0.0000017    -0.0000015    -0.0000014    -0.0000013    -0.0000012    -0.0000011    -0.0000010    -0.0000009    -0.0000008    -0.0000007    -0.0000007    -0.0000006    -0.0000006    -0.0000005    -0.0000005    -0.0000004    -0.0000004    -0.0000003    -0.0000003    -0.0000003    -0.0000002    -0.0000002    -0.0000002    -0.0000002    -0.0000001    -0.0000001    -0.0000001    -0.0000001    -0.0000001    -0.0000001    -0.0000001    -0.0000000    -0.0000000    -0.0000000    -0.0000000    -0.0000000    -0.0000000    -0.0000000    -0.0000000    -0.0000000    -0.0000000    -0.0000000    -0.0000000    -0.0000000    -0.0000000    -0.0000000    -0.0000000    -0.0000000    -0.0000000    -0.0000000    -0.0000000    -0.0000000    -0.0000000    -0.0000000    -0.0000000    -0.0000000    -0.0000000
    -0.0000000    -0.0000000    -0.0000000    -0.0000000    -0.0000000    -0.0000000    -0.0000000    -0.0000001    -0.0000001    -0.0000002    -0.0000003    -0.0000005    -0.0000008    -0.0000012    -0.0000016    -0.0000021    -0.0000026    -0.0000032    -0.0000038    -0.0000044    -0.0000050    -0.0000055    -0.0000059    -0.0000063    -0.0000065    -0.0000067    -0.0000067    -0.0000067    -0.0000067    -0.0000065    -0.0000063    -0.0000061    -0.0000058    -0.0000055    -0.0000052    -0.0000049    -0.0000046    -0.0000043    -0.0000040    -0.0000037    -0.0000035    -0.0000032    -0.0000030    -0.0000027    -0.0000025    -0.0000023    -0.0000021    -0.0000019    -0.0000018    -0.0000016    -0.0000015    -0.0000013    -0.0000012    -0.0000011    -0.0000010    -0.0000009    -0.0000008    -0.0000007    -0.0000007    -0.0000006    -0.0000005    -0.0000005    -0.0000004    -0.0000004    -0.0000003    -0.0000003    -0.0000003    -0.0000002    -0.0000002    -0.0000002    -0.0000001    -0.0000001    -0.0000001    -0.0000001    -0.0000001    -0.0000001    -0.0000001    -0.0000000    -0.0000000    -0.0000000    -0.0000000    -0.0000000    -0.0000000    -0.0000000    -0.0000000    -0.0000000    -0.0000000    -0.0000000    -0.0000000    -0.0000000    -0.0000000    -0.0000000    -0.0000000    -0.0000000    -0.0000000    -0.0000000    -0.0000000    -0.0000000    -0.0000000    -0.0000000
    -0.0000000    -0.0000000    -0.0000000    -0.0000000    -0.0000000    -0.0000000    -0.0000000    -0.0000001    -0.0000001    -0.0000003    -0.0000005    -0.0000007    -0.0000011    -0.0000016    -0.0000022    -0.0000029    -0.0000037    -0.0000045    -0.0000054    -0.0000063    -0.0000072    -0.0000079    -0.0000086    -0.0000092    -0.0000096    -0.0000099    -0.0000101    -0.0000101    -0.0000101    -0.0000099    -0.0000097    -0.0000093    -0.0000090    -0.0000086    -0.0000081    -0.0000077    -0.0000072    -0.0000068    -0.0000063    -0.0000059    -0.0000055    -0.0000051    -0.0000047    -0.0000043    -0.0000040    -0.0000037    -0.0000034    -0.0000031    -0.0000028    -0.0000026    -0.0000024    -0.0000021    -0.0000020    -0.0000018    -0.0000016    -0.0000015    -0.0000013    -0.0000012    -0.0000011    -0.0000010    -0.0000009    -0.0000008    -0.0000007    -0.0000006    -0.0000005    -0.0000005    -0.0000004    -0.0000004    -0.0000003    -0.0000003    -0.0000002    -0.0000002    -0.0000002    -0.0000001    -0.0000001    -0.0000001    -0.0000001    -0.0000001    -0.0000001    -0.0000001    -0.0000000    -0.0000000    -0.0000000    -0.0000000    -0.0000000    -0.0000000    -0.0000000    -0.0000000    -0.0000000    -0.0000000    -0.0000000    -0.0000000    -0.0000000    -0.0000000    -0.0000000    -0.0000000    -0.0000000    -0.0000000    -0.0000000    -0.0000000
    -0.0000000    -0.0000000    -0.0000000    -0.0000000    -0.0000000    -0.0000000    -0.0000000    -0.0000001    -0.0000002    -0.0000003    -0.0000006    -0.0000009    -0.0000014    -0.0000021    -0.0000029    -0.0000039    -0.0000049    -0.0000061    -0.0000074    -0.0000087    -0.0000099    -0.0000110    -0.0000121    -0.0000130    -0.0000137    -0.0000142    -0.0000145    -0.0000147    -0.0000147    -0.0000145    -0.0000142    -0.0000138    -0.0000133    -0.0000128    -0.0000122    -0.0000115    -0.0000109    -0.0000102    -0.0000096    -0.0000089    -0.0000083    -0.0000077    -0.0000071    -0.0000066    -0.0000061    -0.0000056    -0.0000052    -0.0000047    -0.0000043    -0.0000040    -0.0000036    -0.0000033    -0.0000030    -0.0000028    -0.0000025    -0.0000023    -0.0000021    -0.0000019    -0.0000017    -0.0000015    -0.0000014    -0.0000012    -0.0000011    -0.0000010    -0.0000008    -0.0000007    -0.0000007    -0.0000006    -0.0000005    -0.0000004    -0.0000004    -0.0000003    -0.0000003    -0.0000002    -0.0000002    -0.0000002    -0.0000001    -0.0000001    -0.0000001    -0.0000001    -0.0000001    -0.0000001    -0.0000000    -0.0000000    -0.0000000    -0.0000000    -0.0000000    -0.0000000    -0.0000000    -0.0000000    -0.0000000    -0.0000000    -0.0000000    -0.0000000    -0.0000000    -0.0000000    -0.0000000    -0.0000000    -0.0000000    -0.0000000
    -0.0000000    -0.0000000    -0.0000000    -0.0000000    -0.0000000    -0.0000000    -0.0000000    -0.0000001    -0.0000002    -0.0000004    -0.0000007    -0.0000012    -0.0000018    -0.0000026    -0.0000037    -0.0000049    -0.0000064    -0.0000080    -0.0000097    -0.0000114    -0.0000132    -0.0000148    -0.0000163    -0.0000177    -0.0000188    -0.0000196    -0.0000202    -0.0000206    -0.0000207    -0.0000206    -0.0000203    -0.0000198    -0.0000192    -0.0000185    -0.0000176    -0.0000168    -0.0000159    -0.0000150    -0.0000141    -0.0000131    -0.0000123    -0.0000114    -0.0000106    -0.0000098    -0.0000091    -0.0000084    -0.0000077    -0.0000071    -0.0000065    -0.0000060    -0.0000055    -0.0000050    -0.0000046    -0.0000041    -0.0000038    -0.0000034    -0.0000031    -0.0000028    -0.0000025    -0.0000023    -0.0000020    -0.0000018    -0.0000016    -0.0000015    -0.0000013    -0.0000011    -0.0000010    -0.0000009    -0.0000008    -0.0000007    -0.0000006    -0.0000005    -0.0000004    -0.0000003    -0.0000003    -0.0000002    -0.0000002    -0.0000002    -0.0000001    -0.0000001    -0.0000001    -0.0000001    -0.0000001    -0.0000001    -0.0000000    -0.0000000    -0.0000000    -0.0000000    -0.0000000    -0.0000000    -0.0000000    -0.0000000    -0.0000000    -0.0000000    -0.0000000    -0.0000000    -0.0000000    -0.0000000    -0.0000000    -0.0000000
    -0.0000000    -0.0000000    -0.0000000    -0.0000000    -0.0000000    -0.0000000    -0.0000001    -0.0000001    -0.0000003    -0.0000005    -0.0000009    -0.0000014    -0.0000022    -0.0000032    -0.0000045    -0.0000061    -0.0000080    -0.0000101    -0.0000123    -0.0000146    -0.0000170    -0.0000193    -0.0000214    -0.0000234    -0.0000250    -0.0000263    -0.0000273    -0.0000280    -0.0000283    -0.0000283    -0.0000281    -0.0000275    -0.0000268    -0.0000259    -0.0000249    -0.0000238    -0.0000226    -0.0000213    -0.0000201    -0.0000189    -0.0000176    -0.0000164    -0.0000153    -0.0000142    -0.0000131    -0.0000121    -0.0000112    -0.0000103    -0.0000095    -0.0000087    -0.0000080    -0.0000073    -0.0000067    -0.0000061    -0.0000055    -0.0000050    -0.0000046    -0.0000041    -0.0000037    -0.0000034    -0.0000030    -0.0000027    -0.0000024    -0.0000021    -0.0000019    -0.0000017    -0.0000015    -0.0000013    -0.0000011    -0.0000010    -0.0000008    -0.0000007    -0.0000006    -0.0000005    -0.0000004    -0.0000004    -0.0000003    -0.0000003    -0.0000002    -0.0000002    -0.0000001    -0.0000001    -0.0000001    -0.0000001    -0.0000001    -0.0000001    -0.0000001    -0.0000000    -0.0000000    -0.0000000    -0.0000000    -0.0000000    -0.0000000    -0.0000000    -0.0000000    -0.0000000    -0.0000000    -0.0000000    -0.0000000    -0.0000000
    -0.0000000    -0.0000000    -0.0000000    -0.0000000    -0.0000000    -0.0000000    -0.0000001    -0.0000001    -0.0000003    -0.0000006    -0.0000010    -0.0000017    -0.0000026    -0.0000038    -0.0000054    -0.0000074    -0.0000097    -0.0000123    -0.0000152    -0.0000182    -0.0000213    -0.0000244    -0.0000273    -0.0000300    -0.0000323    -0.0000343    -0.0000359    -0.0000370    -0.0000377    -0.0000379    -0.0000378    -0.0000373    -0.0000365    -0.0000355    -0.0000342    -0.0000328    -0.0000313    -0.0000297    -0.0000280    -0.0000264    -0.0000248    -0.0000231    -0.0000216    -0.0000201    -0.0000186    -0.0000172    -0.0000159    -0.0000147    -0.0000135    -0.0000124    -0.0000114    -0.0000104    -0.0000096    -0.0000087    -0.0000079    -0.0000072    -0.0000066    -0.0000059    -0.0000054    -0.0000048    -0.0000043    -0.0000039    -0.0000035    -0.0000031    -0.0000027    -0.0000024    -0.0000021    -0.0000019    -0.0000016    -0.0000014    -0.0000012    -0.0000010    -0.0000009    -0.0000007    -0.0000006    -0.0000005    -0.0000004    -0.0000004    -0.0000003    -0.0000003    -0.0000002    -0.0000002    -0.0000001    -0.0000001    -0.0000001    -0.0000001    -0.0000001    -0.0000001    -0.0000001    -0.0000000    -0.0000000    -0.0000000    -0.0000000    -0.0000000    -0.0000000    -0.0000000    -0.0000000    -0.0000000    -0.0000000    -0.0000000
    -0.0000000    -0.0000000    -0.0000000    -0.0000000    -0.0000000    -0.0000000    -0.0000001    -0.0000002    -0.0000003    -0.0000006    -0.0000011    -0.0000019    -0.0000030    -0.0000044    -0.0000063    -0.0000087    -0.0000114    -0.0000146    -0.0000182    -0.0000220    -0.0000260    -0.0000300    -0.0000338    -0.0000375    -0.0000408    -0.0000436    -0.0000459    -0.0000477    -0.0000489    -0.0000496    -0.0000497    -0.0000493    -0.0000486    -0.0000474    -0.0000459    -0.0000443    -0.0000424    -0.0000404    -0.0000383    -0.0000361    -0.0000340    -0.0000319    -0.0000298    -0.0000277    -0.0000258    -0.0000239    -0.0000222    -0.0000205    -0.0000189    -0.0000174    -0.0000160    -0.0000146    -0.0000134    -0.0000122    -0.0000112    -0.0000102    -0.0000092    -0.0000084    -0.0000076    -0.0000068    -0.0000061    -0.0000055    -0.0000049    -0.0000044    -0.0000039    -0.0000034    -0.0000030    -0.0000026    -0.0000023    -0.0000020    -0.0000017    -0.0000015    -0.0000012    -0.0000011    -0.0000009    -0.0000008    -0.0000006    -0.0000005    -0.0000004    -0.0000004    -0.0000003    -0.0000003    -0.0000002    -0.0000002    -0.0000002    -0.0000001    -0.0000001    -0.0000001    -0.0000001    -0.0000001    -0.0000001    -0.0000001    -0.0000000    -0.0000000    -0.0000000    -0.0000000    -0.0000000    -0.0000000    -0.0000000    -0.0000000
    -0.0000000    -0.0000000    -0.0000000    -0.0000000    -0.0000000    -0.0000000    -0.0000001    -0.0000002    -0.0000004    -0.0000007    -0.0000013    -0.0000021    -0.0000033    -0.0000050    -0.0000072    -0.0000099    -0.0000132    -0.0000170    -0.0000213    -0.0000260    -0.0000309    -0.0000360    -0.0000409    -0.0000457    -0.0000501    -0.0000540    -0.0000574    -0.0000600    -0.0000620    -0.0000633    -0.0000638    -0.0000638    -0.0000631    -0.0000620    -0.0000604    -0.0000584    -0.0000562    -0.0000537    -0.0000511    -0.0000484    -0.0000457    -0.0000430    -0.0000403    -0.0000376    -0.0000351    -0.0000326    -0.0000302    -0.0000280    -0.0000258    -0.0000238    -0.0000219    -0.0000201    -0.0000185    -0.0000169    -0.0000154    -0.0000140    -0.0000128    -0.0000116    -0.0000105    -0.0000094    -0.0000085    -0.0000076    -0.0000068    -0.0000061    -0.0000054    -0.0000047    -0.0000042    -0.0000037    -0.0000032    -0.0000028    -0.0000024    -0.0000020    -0.0000017    -0.0000015    -0.0000012    -0.0000010    -0.0000009    -0.0000007    -0.0000006    -0.0000005    -0.0000004    -0.0000004    -0.0000003    -0.0000002    -0.0000002    -0.0000002    -0.0000002    -0.0000001    -0.0000001    -0.0000001    -0.0000001    -0.0000001    -0.0000001    -0.0000001    -0.0000000    -0.0000000    -0.0000000    -0.0000000    -0.0000000    -0.0000000
    -0.0000000    -0.0000000    -0.0000000    -0.0000000    -0.0000000    -0.0000000    -0.0000001    -0.0000002    -0.0000004    -0.0000008    -0.0000014    -0.0000023    -0.0000036    -0.0000055    -0.0000079    -0.0000110    -0.0000148    -0.0000193    -0.0000244    -0.0000300    -0.0000360    -0.0000422    -0.0000484    -0.0000545    -0.0000603    -0.0000655    -0.0000701    -0.0000739    -0.0000769    -0.0000790    -0.0000803    -0.0000807    -0.0000803    -0.0000793    -0.0000777    -0.0000755    -0.0000730    -0.0000701    -0.0000670    -0.0000637    -0.0000603    -0.0000569    -0.0000535    -0.0000501    -0.0000468    -0.0000436    -0.0000405    -0.0000376    -0.0000348    -0.0000321    -0.0000296    -0.0000272    -0.0000250    -0.0000229    -0.0000209    -0.0000191    -0.0000173    -0.0000157    -0.0000142    -0.0000129    -0.0000116    -0.0000104    -0.0000093    -0.0000083    -0.0000073    -0.0000065    -0.0000057    -0.0000050    -0.0000044    -0.0000038    -0.0000033    -0.0000028    -0.0000024    -0.0000020    -0.0000017    -0.0000014    -0.0000012    -0.0000010    -0.0000008    -0.0000007    -0.0000006    -0.0000005    -0.0000004    -0.0000003    -0.0000003    -0.0000002    -0.0000002    -0.0000002    -0.0000002    -0.0000001    -0.0000001    -0.0000001    -0.0000001    -0.0000001    -0.0000001    -0.0000001    -0.0000000    -0.0000000    -0.0000000    -0.0000000
    -0.0000000    -0.0000000    -0.0000000    -0.0000000    -0.0000000    -0.0000000    -0.0000001    -0.0000002    -0.0000004    -0.0000008    -0.0000014    -0.0000024    -0.0000039    -0.0000059    -0.0000086    -0.0000121    -0.0000163    -0.0000214    -0.0000273    -0.0000338    -0.0000409    -0.0000484    -0.0000561    -0.0000637    -0.0000709    -0.0000777    -0.0000838    -0.0000891    -0.0000934    -0.0000967    -0.0000989    -0.0001001    -0.0001003    -0.0000996    -0.0000981    -0.0000959    -0.0000931    -0.0000898    -0.0000862    -0.0000823    -0.0000782    -0.0000740    -0.0000698    -0.0000655    -0.0000614    -0.0000573    -0.0000534    -0.0000496    -0.0000460    -0.0000426    -0.0000393    -0.0000362    -0.0000332    -0.0000305    -0.0000279    -0.0000255    -0.0000232    -0.0000211    -0.0000191    -0.0000173    -0.0000155    -0.0000140    -0.0000125    -0.0000111    -0.0000099    -0.0000087    -0.0000077    -0.0000067    -0.0000059    -0.0000051    -0.0000044    -0.0000038    -0.0000032    -0.0000027    -0.0000023    -0.0000019    -0.0000016    -0.0000014    -0.0000011    -0.0000009    -0.0000008    -0.0000007    -0.0000005    -0.0000005    -0.0000004    -0.0000003    -0.0000003    -0.0000002    -0.0000002    -0.0000002    -0.0000002    -0.0000001    -0.0000001    -0.0000001    -0.0000001    -0.0000001    -0.0000001    -0.0000001    -0.0000000    -0.0000000
    -0.0000000    -0.0000000    -0.0000000    -0.0000000    -0.0000000    -0.0000000    -0.0000001    -0.0000002    -0.0000004    -0.0000008    -0.0000015    -0.0000025    -0.0000041    -0.0000063    -0.0000092    -0.0000130    -0.0000177    -0.0000234    -0.0000300    -0.0000375    -0.0000457    -0.0000545    -0.0000637    -0.0000729    -0.0000819    -0.0000905    -0.0000984    -0.0001054    -0.0001113    -0.0001161    -0.0001196    -0.0001218    -0.0001229    -0.0001228    -0.0001217    -0.0001196    -0.0001167    -0.0001131    -0.0001090    -0.0001045    -0.0000997    -0.0000947    -0.0000896    -0.0000844    -0.0000793    -0.0000742    -0.0000693    -0.0000646    -0.0000600    -0.0000556    -0.0000514    -0.0000474    -0.0000436    -0.0000401    -0.0000367    -0.0000335    -0.0000306    -0.0000278    -0.0000252    -0.0000228    -0.0000206    -0.0000185    -0.0000165    -0.0000147    -0.0000131    -0.0000116    -0.0000102    -0.0000089    -0.0000078    -0.0000068    -0.0000058    -0.0000050    -0.0000043    -0.0000036    -0.0000031    -0.0000026    -0.0000022    -0.0000018    -0.0000015    -0.0000012    -0.0000010    -0.0000009    -0.0000007    -0.0000006    -0.0000005    -0.0000004    -0.0000004    -0.0000003    -0.0000003    -0.0000002    -0.0000002    -0.0000002    -0.0000002    -0.0000001    -0.0000001    -0.0000001    -0.0000001    -0.0000001    -0.0000001    -0.0000000
    -0.0000000    -0.0000000    -0.0000000    -0.0000000    -0.0000000    -0.0000000    -0.0000001    -0.0000002    -0.0000004    -0.0000008    -0.0000015    -0.0000026    -0.0000042    -0.0000065    -0.0000096    -0.0000137    -0.0000188    -0.0000250    -0.0000323    -0.0000408    -0.0000501    -0.0000603    -0.0000709    -0.0000819    -0.0000928    -0.0001034    -0.0001133    -0.0001223    -0.0001302    -0.0001368    -0.0001420    -0.0001457    -0.0001480    -0.0001488    -0.0001483    -0.0001466    -0.0001439    -0.0001402    -0.0001357    -0.0001307    -0.0001252    -0.0001193    -0.0001133    -0.0001071    -0.0001009    -0.0000947    -0.0000887    -0.0000828    -0.0000771    -0.0000716    -0.0000663    -0.0000612    -0.0000565    -0.0000519    -0.0000476    -0.0000436    -0.0000398    -0.0000362    -0.0000329    -0.0000298    -0.0000268    -0.0000241    -0.0000216    -0.0000193    -0.0000172    -0.0000152    -0.0000134    -0.0000117    -0.0000102    -0.0000089    -0.0000077    -0.0000066    -0.0000056    -0.0000048    -0.0000040    -0.0000034    -0.0000028    -0.0000024    -0.0000020    -0.0000016    -0.0000014    -0.0000011    -0.0000010    -0.0000008    -0.0000007    -0.0000006    -0.0000005    -0.0000004    -0.0000004    -0.0000003    -0.0000003    -0.0000002    -0.0000002    -0.0000002    -0.0000001    -0.0000001    -0.0000001    -0.0000001    -0.0000001    -0.0000001
    -0.0000000    -0.0000000    -0.0000000    -0.0000000    -0.0000000    -0.0000000    -0.0000001    -0.0000002    -0.0000004    -0.0000008    -0.0000015    -0.0000026    -0.0000043    -0.0000067    -0.0000099    -0.0000142    -0.0000196    -0.0000263    -0.0000343    -0.0000436    -0.0000540    -0.0000655    -0.0000777    -0.0000905    -0.0001034    -0.0001161    -0.0001283    -0.0001396    -0.0001498    -0.0001586    -0.0001659    -0.0001714    -0.0001753    -0.0001774    -0.0001780    -0.0001770    -0.0001746    -0.0001710    -0.0001664    -0.0001610    -0.0001549    -0.0001482    -0.0001412    -0.0001340    -0.0001266    -0.0001192    -0.0001119    -0.0001047    -0.0000977    -0.0000909    -0.0000844    -0.0000781    -0.0000721    -0.0000664    -0.0000610    -0.0000559    -0.0000511    -0.0000466    -0.0000423    -0.0000384    -0.0000346    -0.0000312    -0.0000279    -0.0000250    -0.0000222    -0.0000196    -0.0000173    -0.0000152    -0.0000133    -0.0000115    -0.0000099    -0.0000085    -0.0000073    -0.0000062    -0.0000052    -0.0000044    -0.0000037    -0.0000031    -0.0000026    -0.0000021    -0.0000018    -0.0000015    -0.0000012    -0.0000010    -0.0000009    -0.0000007    -0.0000006    -0.0000005    -0.0000005    -0.0000004    -0.0000003    -0.0000003    -0.0000003    -0.0000002    -0.0000002    -0.0000002    -0.0000001    -0.0000001    -0.0000001    -0.0000001
    -0.0000000    -0.0000000    -0.0000000    -0.0000000    -0.0000000    -0.0000000    -0.0000001    -0.0000002    -0.0000004    -0.0000008    -0.0000015    -0.0000026    -0.0000043    -0.0000067    -0.0000101    -0.0000145    -0.0000202    -0.0000273    -0.0000359    -0.0000459    -0.0000574    -0.0000701    -0.0000838    -0.0000984    -0.0001133    -0.0001283    -0.0001429    -0.0001568    -0.0001696    -0.0001809    -0.0001906    -0.0001985    -0.0002043    -0.0002083    -0.0002102    -0.0002104    -0.0002088    -0.0002056    -0.0002011    -0.0001955    -0.0001889    -0.0001816    -0.0001737    -0.0001654    -0.0001568    -0.0001481    -0.0001394    -0.0001308    -0.0001224    -0.0001141    -0.0001061    -0.0000985    -0.0000911    -0.0000840    -0.0000773    -0.0000709    -0.0000649    -0.0000592    -0.0000539    -0.0000489    -0.0000442    -0.0000398    -0.0000357    -0.0000319    -0.0000284    -0.0000251    -0.0000222    -0.0000195    -0.0000170    -0.0000147    -0.0000127    -0.0000109    -0.0000093    -0.0000079    -0.0000067    -0.0000056    -0.0000047    -0.0000039    -0.0000033    -0.0000027    -0.0000023    -0.0000019    -0.0000016    -0.0000013    -0.0000011    -0.0000010    -0.0000008    -0.0000007    -0.0000006    -0.0000005    -0.0000004    -0.0000004    -0.0000003    -0.0000003    -0.0000002    -0.0000002    -0.0000002    -0.0000001    -0.0000001    -0.0000001
    -0.0000000    -0.0000000    -0.0000000    -0.0000000    -0.0000000    -0.0000000    -0.0000001    -0.0000002    -0.0000004    -0.0000008    -0.0000015    -0.0000026    -0.0000043    -0.0000067    -0.0000101    -0.0000147    -0.0000206    -0.0000280    -0.0000370    -0.0000477    -0.0000600    -0.0000739    -0.0000891    -0.0001054    -0.0001223    -0.0001396    -0.0001568    -0.0001734    -0.0001890    -0.0002032    -0.0002157    -0.0002263    -0.0002347    -0.0002408    -0.0002447    -0.0002464    -0.0002461    -0.0002437    -0.0002397    -0.0002342    -0.0002274    -0.0002195    -0.0002108    -0.0002015    -0.0001918    -0.0001818    -0.0001716    -0.0001615    -0.0001514    -0.0001416    -0.0001320    -0.0001226    -0.0001137    -0.0001050    -0.0000968    -0.0000890    -0.0000815    -0.0000745    -0.0000678    -0.0000616    -0.0000557    -0.0000502    -0.0000451    -0.0000403    -0.0000359    -0.0000319    -0.0000281    -0.0000247    -0.0000215    -0.0000187    -0.0000162    -0.0000139    -0.0000119    -0.0000101    -0.0000085    -0.0000072    -0.0000060    -0.0000050    -0.0000042    -0.0000035    -0.0000029    -0.0000024    -0.0000020    -0.0000017    -0.0000014    -0.0000012    -0.0000010    -0.0000009    -0.0000008    -0.0000007    -0.0000006    -0.0000005    -0.0000004    -0.0000004    -0.0000003    -0.0000003    -0.0000002    -0.0000002    -0.0000002    -0.0000001
