     0.0000001     0.0000004     0.0000013     0.0000029     0.0000051     0.0000078     0.0000108     0.0000139     0.0000167     0.0000191     0.0000211     0.0000225     0.0000234     0.0000238     0.0000237     0.0000233     0.0000226     0.0000217     0.0000206     0.0000195     0.0000183     0.0000171     0.0000159     0.0000147     0.0000136     0.0000125     0.0000115     0.0000105     0.0000096     0.0000088     0.0000080     0.0000073     0.0000066     0.0000060     0.0000054     0.0000049     0.0000044     0.0000040     0.0000036     0.0000032     0.0000028     0.0000025     0.0000022     0.0000019     0.0000016     0.0000014     0.0000012     0.0000010     0.0000008     0.0000006     0.0000004     0.0000003     0.0000002     0.0000000    -0.0000001    -0.0000002    -0.0000003    -0.0000004    -0.0000004    -0.0000005    -0.0000005    -0.0000005    -0.0000006    -0.0000006    -0.0000006    -0.0000006    -0.0000005    -0.0000005    -0.0000005    -0.0000004    -0.0000004    -0.0000004    -0.0000003    -0.0000003    -0.0000003    -0.0000002    -0.0000002    -0.0000002    -0.0000002    -0.0000001    -0.0000001    -0.0000001    -0.0000001    -0.0000001    -0.0000001    -0.0000000    -0.0000000    -0.0000000    -0.0000000    -0.0000000    -0.0000000    -0.0000000    -0.0000000    -0.0000000    -0.0000000    -0.0000000    -0.0000000    -0.0000000    -0.0000000    -0.0000000
     0.0000004     0.0000032     0.0000103     0.0000225     0.0000397     0.0000609     0.0000844     0.0001082     0.0001305     0.0001500     0.0001658     0.0001772     0.0001845     0.0001878     0.0001876     0.0001846     0.0001793     0.0001722     0.0001640     0.0001550     0.0001456     0.0001360     0.0001265     0.0001172     0.0001083     0.0000998     0.0000917     0.0000841     0.0000770     0.0000703     0.0000641     0.0000584     0.0000530     0.0000481     0.0000435     0.0000393     0.0000354     0.0000318     0.0000285     0.0000254     0.0000225     0.0000199     0.0000175     0.0000152     0.0000131     0.0000112     0.0000094     0.0000077     0.0000062     0.0000048     0.0000035     0.0000023     0.0000012     0.0000002    -0.0000007    -0.0000015    -0.0000022    -0.0000028    -0.0000033    -0.0000038    -0.0000041    -0.0000043    -0.0000045    -0.0000045    -0.0000045    -0.0000044    -0.0000043    -0.0000041    -0.0000039    -0.0000036    -0.0000033    -0.0000030    -0.0000027    -0.0000024    -0.0000022    -0.0000019    -0.0000017    -0.0000015    -0.0000013    -0.0000011    -0.0000009    -0.0000008    -0.0000007    -0.0000006    -0.0000005    -0.0000004    -0.0000003    -0.0000003    -0.0000002    -0.0000002    -0.0000001    -0.0000001    -0.0000001    -0.0000001    -0.0000000    -0.0000000    -0.0000000    -0.0000000    -0.0000000    -0.0000000
     0.0000013     0.0000103     0.0000328     0.0000719     0.0001274     0.0001960     0.0002723     0.0003504     0.0004243     0.0004894     0.0005425     0.0005819     0.0006075     0.0006200     0.0006210     0.0006122     0.0005957     0.0005733     0.0005468     0.0005174     0.0004866     0.0004551     0.0004237     0.0003930     0.0003633     0.0003349     0.0003079     0.0002825     0.0002587     0.0002364     0.0002157     0.0001964     0.0001785     0.0001619     0.0001466     0.0001324     0.0001192     0.0001071     0.0000959     0.0000855     0.0000759     0.0000670     0.0000588     0.0000513     0.0000442     0.0000377     0.0000317     0.0000261     0.0000210     0.0000162     0.0000118     0.0000078     0.0000041     0.0000008    -0.0000023    -0.0000050    -0.0000074    -0.0000095    -0.0000112    -0.0000127    -0.0000138    -0.0000146    -0.0000151    -0.0000153    -0.0000153    -0.0000150    -0.0000145    -0.0000138    -0.0000130    -0.0000121    -0.0000111    -0.0000102    -0.0000092    -0.0000082    -0.0000073    -0.0000065    -0.0000057    -0.0000049    -0.0000043    -0.0000037    -0.0000031    -0.0000027    -0.0000022    -0.0000019    -0.0000016    -0.0000013    -0.0000011    -0.0000009    -0.0000007    -0.0000006    -0.0000004    -0.0000004    -0.0000003    -0.0000002    -0.0000002    -0.0000001    -0.0000001    -0.0000001    -0.0000001    -0.0000000
     0.0000029     0.0000225     0.0000719     0.0001583     0.0002814     0.0004346     0.0006068     0.0007844     0.0009546     0.0011062     0.0012318     0.0013271     0.0013910     0.0014250     0.0014320     0.0014161     0.0013817     0.0013330     0.0012739     0.0012079     0.0011377     0.0010656     0.0009934     0.0009224     0.0008536     0.0007876     0.0007247     0.0006654     0.0006097     0.0005575     0.0005088     0.0004635     0.0004214     0.0003824     0.0003462     0.0003128     0.0002818     0.0002532     0.0002267     0.0002022     0.0001796     0.0001586     0.0001393     0.0001213     0.0001047     0.0000893     0.0000751     0.0000619     0.0000497     0.0000385     0.0000281     0.0000186     0.0000098     0.0000019    -0.0000053    -0.0000118    -0.0000174    -0.0000224    -0.0000265    -0.0000299    -0.0000326    -0.0000345    -0.0000357    -0.0000362    -0.0000361    -0.0000354    -0.0000343    -0.0000327    -0.0000308    -0.0000287    -0.0000264    -0.0000241    -0.0000217    -0.0000195    -0.0000173    -0.0000153    -0.0000134    -0.0000117    -0.0000101    -0.0000087    -0.0000074    -0.0000063    -0.0000053    -0.0000045    -0.0000037    -0.0000031    -0.0000025    -0.0000021    -0.0000017    -0.0000013    -0.0000011    -0.0000008    -0.0000007    -0.0000005    -0.0000004    -0.0000003    -0.0000002    -0.0000002    -0.0000001    -0.0000001
     0.0000051     0.0000397     0.0001274     0.0002814     0.0005026     0.0007803     0.0010955     0.0014247     0.0017440     0.0020332     0.0022770     0.0024665     0.0025985     0.0026744     0.0026991     0.0026796     0.0026235     0.0025390     0.0024332     0.0023127     0.0021830     0.0020486     0.0019130     0.0017789     0.0016483     0.0015225     0.0014025     0.0012888     0.0011818     0.0010814     0.0009876     0.0009001     0.0008188     0.0007433     0.0006734     0.0006085     0.0005485     0.0004929     0.0004415     0.0003939     0.0003499     0.0003092     0.0002715     0.0002366     0.0002042     0.0001743     0.0001465     0.0001209     0.0000971     0.0000752     0.0000549     0.0000363     0.0000193     0.0000037    -0.0000103    -0.0000229    -0.0000339    -0.0000435    -0.0000517    -0.0000583    -0.0000635    -0.0000673    -0.0000696    -0.0000706    -0.0000704    -0.0000691    -0.0000668    -0.0000637    -0.0000600    -0.0000559    -0.0000515    -0.0000469    -0.0000424    -0.0000380    -0.0000338    -0.0000298    -0.0000261    -0.0000228    -0.0000197    -0.0000169    -0.0000145    -0.0000123    -0.0000104    -0.0000087    -0.0000072    -0.0000060    -0.0000049    -0.0000040    -0.0000032    -0.0000026    -0.0000021    -0.0000016    -0.0000013    -0.0000010    -0.0000008    -0.0000006    -0.0000004    -0.0000003    -0.0000002    -0.0000002
     0.0000078     0.0000609     0.0001960     0.0004346     0.0007803     0.0012188     0.0017223     0.0022551     0.0027799     0.0032634     0.0036795     0.0040116     0.0042520     0.0044010     0.0044647     0.0044532     0.0043787     0.0042536     0.0040902     0.0038993     0.0036904     0.0034713     0.0032483     0.0030261     0.0028084     0.0025978     0.0023960     0.0022043     0.0020231     0.0018529     0.0016934     0.0015446     0.0014060     0.0012771     0.0011574     0.0010464     0.0009436     0.0008484     0.0007601     0.0006785     0.0006028     0.0005328     0.0004680     0.0004079     0.0003523     0.0003007     0.0002529     0.0002087     0.0001678     0.0001299     0.0000950     0.0000629     0.0000335     0.0000067    -0.0000175    -0.0000392    -0.0000583    -0.0000749    -0.0000890    -0.0001005    -0.0001094    -0.0001159    -0.0001200    -0.0001218    -0.0001214    -0.0001192    -0.0001152    -0.0001099    -0.0001036    -0.0000964    -0.0000888    -0.0000810    -0.0000732    -0.0000655    -0.0000583    -0.0000514    -0.0000451    -0.0000393    -0.0000340    -0.0000292    -0.0000250    -0.0000212    -0.0000179    -0.0000150    -0.0000125    -0.0000103    -0.0000085    -0.0000069    -0.0000056    -0.0000045    -0.0000036    -0.0000028    -0.0000022    -0.0000017    -0.0000013    -0.0000010    -0.0000008    -0.0000006    -0.0000004    -0.0000003
     0.0000108     0.0000844     0.0002723     0.0006068     0.0010955     0.0017223     0.0024512     0.0032338     0.0040174     0.0047529     0.0054001     0.0059309     0.0063304     0.0065951     0.0067309     0.0067506     0.0066707     0.0065093     0.0062843     0.0060125     0.0057084     0.0053845     0.0050510     0.0047157     0.0043849     0.0040629     0.0037530     0.0034573     0.0031769     0.0029126     0.0026645     0.0024323     0.0022157     0.0020139     0.0018263     0.0016522     0.0014906     0.0013407     0.0012018     0.0010731     0.0009539     0.0008434     0.0007410     0.0006461     0.0005582     0.0004766     0.0004011     0.0003311     0.0002663     0.0002063     0.0001510     0.0001002     0.0000535     0.0000111    -0.0000274    -0.0000617    -0.0000921    -0.0001184    -0.0001407    -0.0001590    -0.0001732    -0.0001835    -0.0001900    -0.0001928    -0.0001923    -0.0001888    -0.0001826    -0.0001742    -0.0001641    -0.0001528    -0.0001407    -0.0001283    -0.0001160    -0.0001039    -0.0000924    -0.0000815    -0.0000715    -0.0000623    -0.0000539    -0.0000464    -0.0000396    -0.0000337    -0.0000284    -0.0000238    -0.0000198    -0.0000164    -0.0000135    -0.0000110    -0.0000089    -0.0000071    -0.0000057    -0.0000045    -0.0000035    -0.0000027    -0.0000021    -0.0000016    -0.0000012    -0.0000009    -0.0000007    -0.0000005
     0.0000139     0.0001082     0.0003504     0.0007844     0.0014247     0.0022551     0.0032338     0.0043006     0.0053876     0.0064280     0.0073646     0.0081546     0.0087717     0.0092055     0.0094593     0.0095465     0.0094874     0.0093057     0.0090257     0.0086710     0.0082628     0.0078195     0.0073563     0.0068856     0.0064170     0.0059577     0.0055130     0.0050865     0.0046805     0.0042964     0.0039347     0.0035954     0.0032780     0.0029819     0.0027061     0.0024496     0.0022113     0.0019901     0.0017849     0.0015945     0.0014179     0.0012542     0.0011024     0.0009616     0.0008311     0.0007100     0.0005977     0.0004936     0.0003972     0.0003081     0.0002258     0.0001500     0.0000806     0.0000173    -0.0000400    -0.0000912    -0.0001365    -0.0001758    -0.0002090    -0.0002363    -0.0002576    -0.0002730    -0.0002827    -0.0002870    -0.0002862    -0.0002810    -0.0002718    -0.0002594    -0.0002444    -0.0002276    -0.0002096    -0.0001912    -0.0001727    -0.0001548    -0.0001376    -0.0001215    -0.0001065    -0.0000928    -0.0000803    -0.0000691    -0.0000590    -0.0000501    -0.0000423    -0.0000355    -0.0000295    -0.0000244    -0.0000201    -0.0000163    -0.0000132    -0.0000106    -0.0000085    -0.0000067    -0.0000052    -0.0000041    -0.0000031    -0.0000024    -0.0000018    -0.0000014    -0.0000010    -0.0000008
     0.0000167     0.0001305     0.0004243     0.0009546     0.0017440     0.0027799     0.0040174     0.0053876     0.0068084     0.0081959     0.0094742     0.0105827     0.0114799     0.0121445     0.0125734     0.0127780     0.0127802     0.0126083     0.0122932     0.0118658     0.0113548     0.0107858     0.0101807     0.0095573     0.0089301     0.0083100     0.0077054     0.0071222     0.0065642     0.0060341     0.0055332     0.0050618     0.0046197     0.0042062     0.0038204     0.0034609     0.0031264     0.0028154     0.0025265     0.0022583     0.0020093     0.0017782     0.0015637     0.0013646     0.0011799     0.0010084     0.0008494     0.0007019     0.0005652     0.0004387     0.0003220     0.0002144     0.0001158     0.0000259    -0.0000555    -0.0001283    -0.0001927    -0.0002486    -0.0002960    -0.0003348    -0.0003651    -0.0003871    -0.0004010    -0.0004072    -0.0004062    -0.0003988    -0.0003858    -0.0003682    -0.0003470    -0.0003231    -0.0002977    -0.0002715    -0.0002453    -0.0002198    -0.0001954    -0.0001725    -0.0001513    -0.0001318    -0.0001141    -0.0000981    -0.0000839    -0.0000713    -0.0000601    -0.0000504    -0.0000420    -0.0000347    -0.0000285    -0.0000232    -0.0000188    -0.0000151    -0.0000120    -0.0000095    -0.0000075    -0.0000058    -0.0000045    -0.0000034    -0.0000026    -0.0000019    -0.0000014    -0.0000011
     0.0000191     0.0001500     0.0004894     0.0011062     0.0020332     0.0032634     0.0047529     0.0064280     0.0081959     0.0099574     0.0116177     0.0130967     0.0143348     0.0152956     0.0159650     0.0163484     0.0164665     0.0163498     0.0160346     0.0155589     0.0149594     0.0142699     0.0135201     0.0127347     0.0119342     0.0111348     0.0103488     0.0095852     0.0088506     0.0081491     0.0074834     0.0068548     0.0062634     0.0057089     0.0051901     0.0047058     0.0042543     0.0038339     0.0034428     0.0030792     0.0027413     0.0024273     0.0021357     0.0018648     0.0016132     0.0013796     0.0011627     0.0009614     0.0007748     0.0006021     0.0004424     0.0002954     0.0001605     0.0000375    -0.0000739    -0.0001736    -0.0002619    -0.0003385    -0.0004034    -0.0004566    -0.0004983    -0.0005285    -0.0005476    -0.0005563    -0.0005551    -0.0005451    -0.0005275    -0.0005034    -0.0004745    -0.0004419    -0.0004071    -0.0003713    -0.0003355    -0.0003007    -0.0002674    -0.0002360    -0.0002070    -0.0001803    -0.0001561    -0.0001343    -0.0001148    -0.0000975    -0.0000823    -0.0000690    -0.0000575    -0.0000475    -0.0000390    -0.0000318    -0.0000257    -0.0000207    -0.0000165    -0.0000130    -0.0000102    -0.0000079    -0.0000061    -0.0000047    -0.0000036    -0.0000027    -0.0000020    -0.0000015
     0.0000211     0.0001658     0.0005425     0.0012318     0.0022770     0.0036795     0.0054001     0.0073646     0.0094742     0.0116177     0.0136837     0.0155726     0.0172046     0.0185244     0.0195028     0.0201346     0.0204347     0.0204326     0.0201677     0.0196836     0.0190249     0.0182338     0.0173486     0.0164023     0.0154228     0.0144324     0.0134490     0.0124858     0.0115529     0.0106569     0.0098026     0.0089924     0.0082275     0.0075080     0.0068331     0.0062015     0.0056115     0.0050612     0.0045483     0.0040708     0.0036265     0.0032132     0.0028288     0.0024715     0.0021393     0.0018306     0.0015438     0.0012775     0.0010305     0.0008017     0.0005901     0.0003951     0.0002162     0.0000529    -0.0000950    -0.0002275    -0.0003448    -0.0004466    -0.0005330    -0.0006039    -0.0006594    -0.0006998    -0.0007254    -0.0007370    -0.0007356    -0.0007226    -0.0006993    -0.0006676    -0.0006292    -0.0005861    -0.0005400    -0.0004926    -0.0004452    -0.0003990    -0.0003548    -0.0003132    -0.0002747    -0.0002393    -0.0002072    -0.0001782    -0.0001524    -0.0001294    -0.0001093    -0.0000916    -0.0000763    -0.0000631    -0.0000518    -0.0000422    -0.0000342    -0.0000274    -0.0000219    -0.0000173    -0.0000136    -0.0000105    -0.0000081    -0.0000062    -0.0000047    -0.0000035    -0.0000026    -0.0000019
     0.0000225     0.0001772     0.0005819     0.0013271     0.0024665     0.0040116     0.0059309     0.0081546     0.0105827     0.0130967     0.0155726     0.0178931     0.0199578     0.0216907     0.0230434     0.0239955     0.0245511     0.0247344     0.0245840     0.0241469     0.0234739     0.0226153     0.0216182     0.0205247     0.0193711     0.0181875     0.0169983     0.0158225     0.0146745     0.0135648     0.0125005     0.0114864     0.0105251     0.0096175     0.0087637     0.0079624     0.0072121     0.0065108     0.0058560     0.0052454     0.0046763     0.0041463     0.0036528     0.0031936     0.0027662     0.0023687     0.0019991     0.0016556     0.0013368     0.0010413     0.0007679     0.0005158     0.0002843     0.0000730    -0.0001185    -0.0002902    -0.0004422    -0.0005743    -0.0006864    -0.0007785    -0.0008506    -0.0009031    -0.0009366    -0.0009520    -0.0009505    -0.0009338    -0.0009039    -0.0008631    -0.0008136    -0.0007580    -0.0006985    -0.0006372    -0.0005759    -0.0005161    -0.0004590    -0.0004053    -0.0003554    -0.0003097    -0.0002681    -0.0002307    -0.0001972    -0.0001676    -0.0001414    -0.0001186    -0.0000987    -0.0000817    -0.0000671    -0.0000547    -0.0000442    -0.0000355    -0.0000283    -0.0000224    -0.0000176    -0.0000137    -0.0000105    -0.0000081    -0.0000061    -0.0000046    -0.0000034    -0.0000025
     0.0000234     0.0001845     0.0006075     0.0013910     0.0025985     0.0042520     0.0063304     0.0087717     0.0114799     0.0143348     0.0172046     0.0199578     0.0224755     0.0246606     0.0264430     0.0277830     0.0286692     0.0291153     0.0291543     0.0288330     0.0282057     0.0273291     0.0262587     0.0250458     0.0237360     0.0223682     0.0209746     0.0195811     0.0182080     0.0168703     0.0155791     0.0143419     0.0131636     0.0120466     0.0109920     0.0099993     0.0090673     0.0081939     0.0073769     0.0066135     0.0059010     0.0052363     0.0046166     0.0040392     0.0035013     0.0030004     0.0025343     0.0021009     0.0016982     0.0013246     0.0009789     0.0006598     0.0003667     0.0000989    -0.0001439    -0.0003617    -0.0005546    -0.0007223    -0.0008648    -0.0009819    -0.0010738    -0.0011408    -0.0011836    -0.0012035    -0.0012020    -0.0011812    -0.0011437    -0.0010922    -0.0010298    -0.0009595    -0.0008843    -0.0008068    -0.0007293    -0.0006537    -0.0005814    -0.0005134    -0.0004502    -0.0003923    -0.0003397    -0.0002923    -0.0002499    -0.0002123    -0.0001792    -0.0001503    -0.0001251    -0.0001035    -0.0000850    -0.0000693    -0.0000561    -0.0000450    -0.0000359    -0.0000284    -0.0000223    -0.0000173    -0.0000134    -0.0000102    -0.0000077    -0.0000058    -0.0000043    -0.0000032
     0.0000238     0.0001878     0.0006200     0.0014250     0.0026744     0.0044010     0.0065951     0.0092055     0.0121445     0.0152956     0.0185244     0.0216907     0.0246606     0.0273172     0.0295688     0.0313535     0.0326400     0.0334266     0.0337357     0.0336087     0.0330997     0.0322692     0.0311793     0.0298899     0.0284558     0.0269256     0.0253402     0.0237339     0.0221337     0.0205609     0.0190313     0.0175564     0.0161440     0.0147989     0.0135238     0.0123193     0.0111850     0.0101193     0.0091200     0.0081843     0.0073092     0.0064916     0.0057282     0.0050159     0.0043515     0.0037323     0.0031554     0.0026183     0.0021190     0.0016555     0.0012261     0.0008296     0.0004651     0.0001319    -0.0001704    -0.0004417    -0.0006821    -0.0008914    -0.0010692    -0.0012156    -0.0013305    -0.0014145    -0.0014684    -0.0014937    -0.0014924    -0.0014671    -0.0014208    -0.0013572    -0.0012798    -0.0011927    -0.0010993    -0.0010031    -0.0009068    -0.0008129    -0.0007230    -0.0006385    -0.0005600    -0.0004880    -0.0004226    -0.0003636    -0.0003109    -0.0002642    -0.0002230    -0.0001870    -0.0001557    -0.0001288    -0.0001058    -0.0000863    -0.0000698    -0.0000561    -0.0000447    -0.0000353    -0.0000277    -0.0000216    -0.0000166    -0.0000127    -0.0000096    -0.0000072    -0.0000054    -0.0000040
     0.0000237     0.0001876     0.0006210     0.0014320     0.0026991     0.0044647     0.0067309     0.0094593     0.0125734     0.0159650     0.0195028     0.0230434     0.0264430     0.0295688     0.0323086     0.0345775     0.0363223     0.0375208     0.0381799     0.0383305     0.0380215     0.0373130     0.0362712     0.0349626     0.0334508     0.0317937     0.0300420     0.0282389     0.0264198     0.0246131     0.0228408     0.0211193     0.0194604     0.0178723     0.0163598     0.0149255     0.0135701     0.0122928     0.0110918     0.0099646     0.0089083     0.0079195     0.0069947     0.0061305     0.0053234     0.0045701     0.0038676     0.0032130     0.0026037     0.0020376     0.0015128     0.0010278     0.0005816     0.0001735    -0.0001969    -0.0005298    -0.0008248    -0.0010818    -0.0013004    -0.0014805    -0.0016222    -0.0017259    -0.0017928    -0.0018245    -0.0018236    -0.0017933    -0.0017372    -0.0016598    -0.0015656    -0.0014592    -0.0013452    -0.0012276    -0.0011099    -0.0009951    -0.0008852    -0.0007817    -0.0006857    -0.0005976    -0.0005175    -0.0004453    -0.0003808    -0.0003236    -0.0002732    -0.0002291    -0.0001908    -0.0001578    -0.0001296    -0.0001057    -0.0000855    -0.0000687    -0.0000548    -0.0000433    -0.0000340    -0.0000264    -0.0000204    -0.0000156    -0.0000118    -0.0000089    -0.0000066    -0.0000049
     0.0000233     0.0001846     0.0006122     0.0014161     0.0026796     0.0044532     0.0067506     0.0095465     0.0127780     0.0163484     0.0201346     0.0239955     0.0277830     0.0313535     0.0345775     0.0373493     0.0395921     0.0412610     0.0423428     0.0428526     0.0428287     0.0423263     0.0414112     0.0401539     0.0386248     0.0368905     0.0350114     0.0330400     0.0310213     0.0289917     0.0269807     0.0250108     0.0230992     0.0212579     0.0194952     0.0178161     0.0162230     0.0147167     0.0132961     0.0119594     0.0107036     0.0095257     0.0084221     0.0073889     0.0064226     0.0055195     0.0046762     0.0038895     0.0031565     0.0024748     0.0018423     0.0012573     0.0007186     0.0002255    -0.0002224    -0.0006251    -0.0009823    -0.0012937    -0.0015589    -0.0017776    -0.0019498    -0.0020762    -0.0021581    -0.0021975    -0.0021974    -0.0021616    -0.0020947    -0.0020018    -0.0018886    -0.0017606    -0.0016233    -0.0014816    -0.0013398    -0.0012013    -0.0010687    -0.0009439    -0.0008281    -0.0007217    -0.0006250    -0.0005379    -0.0004600    -0.0003909    -0.0003300    -0.0002768    -0.0002306    -0.0001907    -0.0001566    -0.0001277    -0.0001034    -0.0000830    -0.0000662    -0.0000523    -0.0000411    -0.0000319    -0.0000246    -0.0000188    -0.0000143    -0.0000107    -0.0000080    -0.0000059
     0.0000226     0.0001793     0.0005957     0.0013817     0.0026235     0.0043787     0.0066707     0.0094874     0.0127802     0.0164665     0.0204347     0.0245511     0.0286692     0.0326400     0.0363223     0.0395921     0.0423507     0.0445299     0.0460931     0.0470354     0.0473793     0.0471694     0.0464666     0.0453413     0.0438677     0.0421192     0.0401649     0.0380670     0.0358800     0.0336496     0.0314136     0.0292021     0.0270384     0.0249399     0.0229189     0.0209840     0.0191402     0.0173900     0.0157338     0.0141708     0.0126987     0.0113145     0.0100149     0.0087961     0.0076542     0.0065854     0.0055860     0.0046524     0.0037816     0.0029709     0.0022179     0.0015208     0.0008784     0.0002899    -0.0002451    -0.0007265    -0.0011539    -0.0015268    -0.0018447    -0.0021071    -0.0023141    -0.0024665    -0.0025656    -0.0026140    -0.0026151    -0.0025736    -0.0024947    -0.0023848    -0.0022505    -0.0020984    -0.0019351    -0.0017665    -0.0015976    -0.0014326    -0.0012747    -0.0011260    -0.0009878    -0.0008610    -0.0007458    -0.0006419    -0.0005490    -0.0004665    -0.0003939    -0.0003304    -0.0002752    -0.0002277    -0.0001870    -0.0001525    -0.0001234    -0.0000992    -0.0000790    -0.0000625    -0.0000490    -0.0000382    -0.0000294    -0.0000225    -0.0000171    -0.0000128    -0.0000096    -0.0000070
     0.0000217     0.0001722     0.0005733     0.0013330     0.0025390     0.0042536     0.0065093     0.0093057     0.0126083     0.0163498     0.0204326     0.0247344     0.0291153     0.0334266     0.0375208     0.0412610     0.0445299     0.0472365     0.0493207     0.0507542     0.0515392     0.0517050     0.0513018     0.0503951     0.0490590     0.0473708     0.0454063     0.0432363     0.0409249     0.0385276     0.0360912     0.0336542     0.0312474     0.0288946     0.0266135     0.0244168     0.0223130     0.0203074     0.0184024     0.0165985     0.0148945     0.0132882     0.0117765     0.0103559     0.0090224     0.0077721     0.0066012     0.0055060     0.0044831     0.0035296     0.0026431     0.0018217     0.0010639     0.0003690    -0.0002632    -0.0008326    -0.0013385    -0.0017804    -0.0021574    -0.0024691    -0.0027154    -0.0028972    -0.0030160    -0.0030749    -0.0030779    -0.0030302    -0.0029385    -0.0028099    -0.0026523    -0.0024736    -0.0022816    -0.0020831    -0.0018842    -0.0016899    -0.0015038    -0.0013285    -0.0011656    -0.0010161    -0.0008802    -0.0007576    -0.0006480    -0.0005508    -0.0004650    -0.0003901    -0.0003250    -0.0002688    -0.0002208    -0.0001801    -0.0001458    -0.0001171    -0.0000934    -0.0000738    -0.0000579    -0.0000451    -0.0000348    -0.0000266    -0.0000202    -0.0000152    -0.0000113    -0.0000083
     0.0000206     0.0001640     0.0005468     0.0012739     0.0024332     0.0040902     0.0062843     0.0090257     0.0122932     0.0160346     0.0201677     0.0245840     0.0291543     0.0337357     0.0381799     0.0423428     0.0460931     0.0493207     0.0519424     0.0539060     0.0551905     0.0558051     0.0557845     0.0551839     0.0540725     0.0525274     0.0506283     0.0484527     0.0460732     0.0435547     0.0409537     0.0383179     0.0356864     0.0330904     0.0305542     0.0280956     0.0257278     0.0234594     0.0212955     0.0192389     0.0172897     0.0154470     0.0137083     0.0120706     0.0105302     0.0090832     0.0077258     0.0064541     0.0052648     0.0041548     0.0031215     0.0021630     0.0012779     0.0004654    -0.0002745    -0.0009415    -0.0015347    -0.0020534    -0.0024964    -0.0028631    -0.0031536    -0.0033685    -0.0035098    -0.0035808    -0.0035863    -0.0035325    -0.0034269    -0.0032780    -0.0030951    -0.0028873    -0.0026637    -0.0024324    -0.0022006    -0.0019739    -0.0017567    -0.0015521    -0.0013620    -0.0011874    -0.0010286    -0.0008855    -0.0007575    -0.0006438    -0.0005437    -0.0004561    -0.0003800    -0.0003144    -0.0002583    -0.0002106    -0.0001705    -0.0001370    -0.0001092    -0.0000864    -0.0000678    -0.0000527    -0.0000407    -0.0000311    -0.0000236    -0.0000177    -0.0000132    -0.0000097
     0.0000195     0.0001550     0.0005174     0.0012079     0.0023127     0.0038993     0.0060125     0.0086710     0.0118658     0.0155589     0.0196836     0.0241469     0.0288330     0.0336087     0.0383305     0.0428526     0.0470354     0.0507542     0.0539060     0.0564154     0.0582375     0.0593584     0.0597930     0.0595811     0.0587816     0.0574668     0.0557164     0.0536115     0.0512313     0.0486492     0.0459310     0.0431339     0.0403060     0.0374871     0.0347087     0.0319952     0.0293651     0.0268313     0.0244028     0.0220849     0.0198801     0.0177888     0.0158100     0.0139413     0.0121796     0.0105214     0.0089629     0.0075004     0.0061305     0.0048501     0.0036567     0.0025483     0.0015236     0.0005820    -0.0002764    -0.0010509    -0.0017406    -0.0023442    -0.0028604    -0.0032884    -0.0036280    -0.0038800    -0.0040467    -0.0041318    -0.0041408    -0.0040808    -0.0039605    -0.0037898    -0.0035794    -0.0033400    -0.0030820    -0.0028150    -0.0025471    -0.0022850    -0.0020339    -0.0017973    -0.0015773    -0.0013753    -0.0011915    -0.0010258    -0.0008776    -0.0007460    -0.0006300    -0.0005285    -0.0004404    -0.0003644    -0.0002994    -0.0002442    -0.0001977    -0.0001588    -0.0001266    -0.0001002    -0.0000786    -0.0000612    -0.0000472    -0.0000361    -0.0000274    -0.0000206    -0.0000153    -0.0000113
     0.0000183     0.0001456     0.0004866     0.0011377     0.0021830     0.0036904     0.0057084     0.0082628     0.0113548     0.0149594     0.0190249     0.0234739     0.0282057     0.0330997     0.0380215     0.0428287     0.0473793     0.0515392     0.0551905     0.0582375     0.0606123     0.0622767     0.0632230     0.0634712     0.0630653     0.0620676     0.0605526     0.0586017     0.0562974     0.0537198     0.0509428     0.0480329     0.0450477     0.0420357     0.0390369     0.0360831     0.0331991     0.0304034     0.0277092     0.0251256     0.0226580     0.0203090     0.0180791     0.0159673     0.0139714     0.0120883     0.0103149     0.0086477     0.0070834     0.0056190     0.0042522     0.0029810     0.0018044     0.0007219    -0.0002659    -0.0011583    -0.0019539    -0.0026509    -0.0032478    -0.0037435    -0.0041377    -0.0044312    -0.0046264    -0.0047277    -0.0047412    -0.0046751    -0.0045394    -0.0043455    -0.0041056    -0.0038321    -0.0035370    -0.0032312    -0.0029242    -0.0026238    -0.0023358    -0.0020643    -0.0018119    -0.0015800    -0.0013690    -0.0011788    -0.0010085    -0.0008574    -0.0007241    -0.0006075    -0.0005062    -0.0004189    -0.0003442    -0.0002808    -0.0002273    -0.0001827    -0.0001456    -0.0001152    -0.0000904    -0.0000704    -0.0000543    -0.0000415    -0.0000315    -0.0000237    -0.0000176    -0.0000130
     0.0000171     0.0001360     0.0004551     0.0010656     0.0020486     0.0034713     0.0053845     0.0078195     0.0107858     0.0142699     0.0182338     0.0226153     0.0273291     0.0322692     0.0373130     0.0423263     0.0471694     0.0517050     0.0558051     0.0593584     0.0622767     0.0644988     0.0659929     0.0667567     0.0668148     0.0662145     0.0650207     0.0633098     0.0611643     0.0586677     0.0559004     0.0529368     0.0498436     0.0466785     0.0434904     0.0403195     0.0371976     0.0341499     0.0311948     0.0283460     0.0256124     0.0229997     0.0205106     0.0181458     0.0159044     0.0137846     0.0117836     0.0098985     0.0081265     0.0064649     0.0049115     0.0034647     0.0021238     0.0008887    -0.0002399    -0.0012607    -0.0021717    -0.0029710    -0.0036564    -0.0042266    -0.0046811    -0.0050206    -0.0052478    -0.0053676    -0.0053869    -0.0053151    -0.0051635    -0.0049450    -0.0046737    -0.0043637    -0.0040287    -0.0036812    -0.0033321    -0.0029903    -0.0026625    -0.0023533    -0.0020659    -0.0018017    -0.0015613    -0.0013444    -0.0011504    -0.0009781    -0.0008261    -0.0006932    -0.0005777    -0.0004781    -0.0003928    -0.0003205    -0.0002595    -0.0002085    -0.0001663    -0.0001315    -0.0001032    -0.0000803    -0.0000620    -0.0000474    -0.0000360    -0.0000270    -0.0000201    -0.0000149
     0.0000159     0.0001265     0.0004237     0.0009934     0.0019130     0.0032483     0.0050510     0.0073563     0.0101807     0.0135201     0.0173486     0.0216182     0.0262587     0.0311793     0.0362712     0.0414112     0.0464666     0.0513018     0.0557845     0.0597930     0.0632230     0.0659929     0.0680480     0.0693625     0.0699386     0.0698048     0.0690113     0.0676249     0.0657233     0.0633899     0.0607084     0.0577595     0.0546177     0.0513496     0.0480131     0.0446571     0.0413217     0.0380391     0.0348343     0.0317262     0.0287283     0.0258499     0.0230967     0.0204718     0.0179762     0.0156091     0.0133692     0.0112543     0.0092621     0.0073906     0.0056380     0.0040031     0.0024857     0.0010860    -0.0001947    -0.0013545    -0.0023909    -0.0033015    -0.0040836    -0.0047353    -0.0052560    -0.0056464    -0.0059094    -0.0060503    -0.0060770    -0.0059999    -0.0058320    -0.0055878    -0.0052833    -0.0049344    -0.0045568    -0.0041648    -0.0037707    -0.0033845    -0.0030139    -0.0026643    -0.0023392    -0.0020403    -0.0017683    -0.0015229    -0.0013032    -0.0011081    -0.0009361    -0.0007855    -0.0006547    -0.0005419    -0.0004453    -0.0003633    -0.0002942    -0.0002364    -0.0001885    -0.0001492    -0.0001171    -0.0000911    -0.0000703    -0.0000538    -0.0000408    -0.0000307    -0.0000228    -0.0000169
     0.0000147     0.0001172     0.0003930     0.0009224     0.0017789     0.0030261     0.0047157     0.0068856     0.0095573     0.0127347     0.0164023     0.0205247     0.0250458     0.0298899     0.0349626     0.0401539     0.0453413     0.0503951     0.0551839     0.0595811     0.0634712     0.0667567     0.0693625     0.0712397     0.0723677     0.0727530     0.0724273     0.0714430     0.0698684     0.0677822     0.0652678     0.0624092     0.0592869     0.0559752     0.0525407     0.0490411     0.0455251     0.0420328     0.0385965     0.0352414     0.0319862     0.0288449     0.0258267     0.0229379     0.0201816     0.0175593     0.0150710     0.0127156     0.0104920     0.0083988     0.0064348     0.0045997     0.0028937     0.0013177    -0.0001264    -0.0014359    -0.0026079    -0.0036390    -0.0045260    -0.0052667    -0.0058599    -0.0063064    -0.0066091    -0.0067740    -0.0068098    -0.0067282    -0.0065438    -0.0062729    -0.0059335    -0.0055436    -0.0051210    -0.0046816    -0.0042395    -0.0038060    -0.0033899    -0.0029971    -0.0026318    -0.0022958    -0.0019900    -0.0017140    -0.0014669    -0.0012475    -0.0010539    -0.0008845    -0.0007372    -0.0006102    -0.0005015    -0.0004092    -0.0003314    -0.0002663    -0.0002124    -0.0001681    -0.0001319    -0.0001027    -0.0000792    -0.0000606    -0.0000460    -0.0000346    -0.0000258    -0.0000190
     0.0000136     0.0001083     0.0003633     0.0008536     0.0016483     0.0028084     0.0043849     0.0064170     0.0089301     0.0119342     0.0154228     0.0193711     0.0237360     0.0284558     0.0334508     0.0386248     0.0438677     0.0490590     0.0540725     0.0587816     0.0630653     0.0668148     0.0699386     0.0723677     0.0740589     0.0749960     0.0751892     0.0746729     0.0735013     0.0717436     0.0694789     0.0667908     0.0637629     0.0604754     0.0570022     0.0534095     0.0497546     0.0460863     0.0424445     0.0388613     0.0353620     0.0319657     0.0286862     0.0255334     0.0225136     0.0196307     0.0168866     0.0142820     0.0118170     0.0094913     0.0073048     0.0052579     0.0033517     0.0015879    -0.0000308    -0.0015009    -0.0028185    -0.0039795    -0.0049801    -0.0058173    -0.0064896    -0.0069975    -0.0073442    -0.0075362    -0.0075832    -0.0074982    -0.0072973    -0.0069990    -0.0066232    -0.0061903    -0.0057202    -0.0052308    -0.0047379    -0.0042543    -0.0037898    -0.0033513    -0.0029432    -0.0025678    -0.0022261    -0.0019176    -0.0016414    -0.0013960    -0.0011795    -0.0009900    -0.0008253    -0.0006832    -0.0005615    -0.0004582    -0.0003711    -0.0002983    -0.0002379    -0.0001882    -0.0001478    -0.0001150    -0.0000888    -0.0000679    -0.0000515    -0.0000387    -0.0000289    -0.0000213
     0.0000125     0.0000998     0.0003349     0.0007876     0.0015225     0.0025978     0.0040629     0.0059577     0.0083100     0.0111348     0.0144324     0.0181875     0.0223682     0.0269256     0.0317937     0.0368905     0.0421192     0.0473708     0.0525274     0.0574668     0.0620676     0.0662145     0.0698048     0.0727530     0.0749960     0.0764953     0.0772389     0.0772402     0.0765357     0.0751809     0.0732457     0.0708092     0.0679546     0.0647651     0.0613203     0.0576936     0.0539505     0.0501481     0.0463347     0.0425501     0.0388265     0.0351890     0.0316570     0.0282447     0.0249622     0.0218164     0.0188119     0.0159514     0.0132369     0.0106694     0.0082502     0.0059807     0.0038633     0.0019006     0.0000964    -0.0015449    -0.0030182    -0.0043187    -0.0054415    -0.0063830    -0.0071412    -0.0077162    -0.0081116    -0.0083342    -0.0083947    -0.0083075    -0.0080904    -0.0077641    -0.0073507    -0.0068730    -0.0063532    -0.0058113    -0.0052650    -0.0047286    -0.0042132    -0.0037263    -0.0032730    -0.0028560    -0.0024762    -0.0021333    -0.0018263    -0.0015534    -0.0013127    -0.0011019    -0.0009186    -0.0007605    -0.0006252    -0.0005102    -0.0004132    -0.0003322    -0.0002650    -0.0002097    -0.0001646    -0.0001281    -0.0000989    -0.0000757    -0.0000574    -0.0000432    -0.0000322    -0.0000237
     0.0000115     0.0000917     0.0003079     0.0007247     0.0014025     0.0023960     0.0037530     0.0055130     0.0077054     0.0103488     0.0134490     0.0169983     0.0209746     0.0253402     0.0300420     0.0350114     0.0401649     0.0454063     0.0506283     0.0557164     0.0605526     0.0650207     0.0690113     0.0724273     0.0751892     0.0772389     0.0785426     0.0790918     0.0789026     0.0780131     0.0764798     0.0743729     0.0717712     0.0687574     0.0654139     0.0618194     0.0580467     0.0541606     0.0502177     0.0462659     0.0423449     0.0384867     0.0347166     0.0310542     0.0275140     0.0241069     0.0208404     0.0177201     0.0147499     0.0119330     0.0092723     0.0067708     0.0044319     0.0022598     0.0002596    -0.0015632    -0.0032024    -0.0046518    -0.0059057    -0.0069594    -0.0078104    -0.0084586    -0.0089074    -0.0091643    -0.0092409    -0.0091531    -0.0089205    -0.0085658    -0.0081139    -0.0075899    -0.0070183    -0.0064216    -0.0058195    -0.0052278    -0.0046588    -0.0041212    -0.0036205    -0.0031597    -0.0027399    -0.0023608    -0.0020213    -0.0017195    -0.0014532    -0.0012199    -0.0010172    -0.0008422    -0.0006924    -0.0005651    -0.0004578    -0.0003680    -0.0002936    -0.0002323    -0.0001824    -0.0001420    -0.0001096    -0.0000839    -0.0000637    -0.0000479    -0.0000357    -0.0000263
     0.0000105     0.0000841     0.0002825     0.0006654     0.0012888     0.0022043     0.0034573     0.0050865     0.0071222     0.0095852     0.0124858     0.0158225     0.0195811     0.0237339     0.0282389     0.0330400     0.0380670     0.0432363     0.0484527     0.0536115     0.0586017     0.0633098     0.0676249     0.0714430     0.0746729     0.0772402     0.0790918     0.0801978     0.0805529     0.0801754     0.0791048     0.0773982     0.0751256     0.0723653     0.0691992     0.0657088     0.0619719     0.0580602     0.0540379     0.0499610     0.0458769     0.0418252     0.0378378     0.0339403     0.0301525     0.0264896     0.0229633     0.0195821     0.0163529     0.0132811     0.0103719     0.0076300     0.0050605     0.0026694     0.0004631    -0.0015512    -0.0033660    -0.0049737    -0.0063673    -0.0075414    -0.0084924    -0.0092199    -0.0097273    -0.0100225    -0.0101182    -0.0100315    -0.0097843    -0.0094014    -0.0089102    -0.0083385    -0.0077135    -0.0070600    -0.0063997    -0.0057504    -0.0051256    -0.0045349    -0.0039846    -0.0034780    -0.0030163    -0.0025994    -0.0022259    -0.0018937    -0.0016007    -0.0013439    -0.0011207    -0.0009280    -0.0007630    -0.0006228    -0.0005046    -0.0004057    -0.0003236    -0.0002562    -0.0002011    -0.0001566    -0.0001209    -0.0000925    -0.0000702    -0.0000528    -0.0000393    -0.0000290
