    -0.0097724    -0.0193349    -0.0284889    -0.0370584    -0.0448974    -0.0518951    -0.0579786    -0.0631109    -0.0672884    -0.0705355    -0.0728989    -0.0744414    -0.0752365    -0.0753628    -0.0749009    -0.0739294    -0.0725231    -0.0707515    -0.0686778    -0.0663588    -0.0638447    -0.0611798    -0.0584021    -0.0555448    -0.0526361    -0.0497002    -0.0467575    -0.0438253    -0.0409181    -0.0380481    -0.0352254    -0.0324585    -0.0297544    -0.0271186    -0.0245559    -0.0220698    -0.0196632    -0.0173383    -0.0150963    -0.0129383    -0.0108646    -0.0088751    -0.0069692    -0.0051457    -0.0034034    -0.0017403    -0.0001543     0.0013572     0.0027971     0.0041686     0.0054752     0.0067205     0.0079084     0.0090429     0.0101278     0.0111670     0.0121641     0.0131225     0.0140451     0.0149339     0.0157905     0.0166152     0.0174074     0.0181651     0.0188852     0.0195628     0.0201918     0.0207646     0.0212724     0.0217055     0.0220534     0.0223055     0.0224515     0.0224819     0.0223892     0.0221679     0.0218154     0.0213324     0.0207235     0.0199968     0.0191640     0.0182403     0.0172431     0.0161914     0.0151052     0.0140039     0.0129059     0.0118273     0.0107819     0.0097807     0.0088316     0.0079401     0.0071092     0.0063400     0.0056322     0.0049841     0.0043937     0.0038581     0.0033743     0.0029392
    -0.0193349    -0.0382595    -0.0563860    -0.0733691    -0.0889214    -0.1028241    -0.1149305    -0.1251651    -0.1335168    -0.1400301    -0.1447935    -0.1479280    -0.1495761    -0.1498920    -0.1490333    -0.1471553    -0.1444057    -0.1409224    -0.1368311    -0.1322450    -0.1272645    -0.1219778    -0.1164617    -0.1107823    -0.1049965    -0.0991530    -0.0932928    -0.0874509    -0.0816566    -0.0759344    -0.0703051    -0.0647855    -0.0593898    -0.0541296    -0.0490142    -0.0440510    -0.0392459    -0.0346030    -0.0301256    -0.0258153    -0.0216731    -0.0176986    -0.0138908    -0.0102476    -0.0067663    -0.0034431    -0.0002738     0.0027468     0.0056245     0.0083656     0.0109769     0.0134659     0.0158403     0.0181077     0.0202762     0.0223535     0.0243467     0.0262625     0.0281066     0.0298833     0.0315955     0.0332441     0.0348276     0.0363423     0.0377816     0.0391360     0.0403932     0.0415381     0.0425531     0.0434186     0.0441138     0.0446173     0.0449086     0.0449690     0.0447830     0.0443399     0.0436344     0.0426681     0.0414498     0.0399960     0.0383303     0.0364826     0.0344879     0.0323844     0.0302118     0.0280091     0.0258129     0.0236557     0.0215648     0.0195623     0.0176641     0.0158810     0.0142192     0.0126807     0.0112649     0.0099688     0.0087879     0.0077166     0.0067490     0.0058787
    -0.0284889    -0.0563860    -0.0831308    -0.1082221    -0.1312408    -0.1518640    -0.1698718    -0.1851458    -0.1976614    -0.2074744    -0.2147061    -0.2195270    -0.2221402    -0.2227681    -0.2216400    -0.2189826    -0.2150136    -0.2099368    -0.2039389    -0.1971886    -0.1898361    -0.1820136    -0.1738368    -0.1654055    -0.1568057    -0.1481109    -0.1393837    -0.1306771    -0.1220358    -0.1134973    -0.1050930    -0.0968492    -0.0887873    -0.0809252    -0.0732772    -0.0658549    -0.0586672    -0.0517209    -0.0450208    -0.0385697    -0.0323691    -0.0264189    -0.0207175    -0.0152620    -0.0100483    -0.0050710    -0.0003237     0.0042012     0.0085122     0.0126189     0.0165315     0.0202609     0.0238186     0.0272164     0.0304660     0.0335789     0.0365660     0.0394371     0.0422008     0.0448636     0.0474296     0.0499003     0.0522735     0.0545435     0.0567005     0.0587301     0.0606141     0.0623296     0.0638502     0.0651468     0.0661878     0.0669415     0.0673769     0.0674660     0.0671858     0.0665198     0.0654605     0.0640100     0.0621817     0.0600002     0.0575010     0.0547288     0.0517362     0.0485805     0.0453213     0.0420170     0.0387223     0.0354862     0.0323497     0.0293457     0.0264982     0.0238235     0.0213306     0.0190228     0.0168989     0.0149546     0.0131831     0.0115761     0.0101246     0.0088190
    -0.0370584    -0.0733691    -0.1082221    -0.1409797    -0.1711039    -0.1981747    -0.2218998    -0.2421134    -0.2587682    -0.2719206    -0.2817122    -0.2883499    -0.2920860    -0.2932006    -0.2919858    -0.2887334    -0.2837257    -0.2772284    -0.2694870    -0.2607242    -0.2511394    -0.2409088    -0.2301871    -0.2191084    -0.2077885    -0.1963268    -0.1848080    -0.1733041    -0.1618759    -0.1505746    -0.1394433    -0.1285178    -0.1178278    -0.1073977    -0.0972474    -0.0873930    -0.0778469    -0.0686186    -0.0597150    -0.0511404    -0.0428969    -0.0349848    -0.0274021    -0.0201454    -0.0132093    -0.0065868    -0.0002696     0.0057522     0.0114901     0.0169564     0.0221648     0.0271297     0.0318664     0.0363904     0.0407172     0.0448622     0.0488399     0.0526632     0.0563436     0.0598896     0.0633068     0.0665970     0.0697574     0.0727802     0.0756524     0.0783551     0.0808634     0.0831473     0.0851716     0.0868970     0.0882820     0.0892839     0.0898616     0.0899778     0.0896017     0.0887115     0.0872969     0.0853610     0.0829217     0.0800116     0.0766780     0.0729806     0.0689896     0.0647812     0.0604348     0.0560285     0.0516351     0.0473198     0.0431375     0.0391318     0.0353348     0.0317682     0.0284440     0.0253667     0.0225347     0.0199420     0.0175797     0.0154368     0.0135013     0.0117604
    -0.0448974    -0.0889214    -0.1312408    -0.1711039    -0.2078702    -0.2410323    -0.2702272    -0.2952375    -0.3159840    -0.3325104    -0.3449639    -0.3535726    -0.3586235    -0.3604411    -0.3593694    -0.3557558    -0.3499402    -0.3422454    -0.3329719    -0.3223943    -0.3107599    -0.2982887    -0.2851745    -0.2715864    -0.2576708    -0.2435539    -0.2293436    -0.2151319    -0.2009968    -0.1870043    -0.1732097    -0.1596594    -0.1463919    -0.1334391    -0.1208270    -0.1085765    -0.0967043    -0.0852229    -0.0741416    -0.0634665    -0.0532008    -0.0433453    -0.0338980    -0.0248549    -0.0162097    -0.0079541    -0.0000778     0.0074313     0.0145872     0.0214052     0.0279022     0.0340961     0.0400057     0.0456504     0.0510494     0.0562219     0.0611856     0.0659571     0.0705501     0.0749756     0.0792405     0.0833467     0.0872909     0.0910634     0.0946478     0.0980203     0.1011501     0.1039994     0.1065244     0.1086761     0.1104023     0.1116499     0.1123676     0.1125086     0.1120345     0.1109182     0.1091466     0.1067238     0.1036720     0.1000321     0.0958630     0.0912396     0.0862493     0.0809876     0.0755535     0.0700447     0.0645522     0.0591574     0.0539289     0.0489212     0.0441745     0.0397158     0.0355601     0.0317131     0.0281727     0.0249315     0.0219782     0.0192993     0.0168795     0.0147031
    -0.0518951    -0.1028241    -0.1518640    -0.1981747    -0.2410323    -0.2798531    -0.3142073    -0.3438232    -0.3685806    -0.3884978    -0.4037116    -0.4144548    -0.4210323    -0.4237980    -0.4231341    -0.4194328    -0.4130824    -0.4044562    -0.3939049    -0.3817518    -0.3682904    -0.3537836    -0.3384644    -0.3225370    -0.3061796    -0.2895460    -0.2727686    -0.2559607    -0.2392186    -0.2226240    -0.2062458    -0.1901418    -0.1743605    -0.1589417    -0.1439183    -0.1293171    -0.1151591    -0.1014608    -0.0882342    -0.0754875    -0.0632256    -0.0514498    -0.0401586    -0.0293479    -0.0190104    -0.0091367     0.0002851     0.0092693     0.0178321     0.0259919     0.0337684     0.0411830     0.0482580     0.0550165     0.0614814     0.0676753     0.0736197     0.0793341     0.0848350     0.0901354     0.0952433     0.1001614     0.1048853     0.1094034     0.1136959     0.1177345     0.1214820     0.1248932     0.1279154     0.1304899     0.1325542     0.1340444     0.1348991     0.1350622     0.1344876     0.1331427     0.1310121     0.1281005     0.1244345     0.1200632     0.1150575     0.1095069     0.1035164     0.0972005     0.0906782     0.0840662     0.0774742     0.0709995     0.0647245     0.0587145     0.0530178     0.0476666     0.0426793     0.0380623     0.0338132     0.0299233     0.0263789     0.0231638     0.0202596     0.0176474
    -0.0579786    -0.1149305    -0.1698718    -0.2218998    -0.2702272    -0.3142073    -0.3533501    -0.3873281    -0.4159737    -0.4392677    -0.4573217    -0.4703559    -0.4786761    -0.4826488    -0.4826792    -0.4791915    -0.4726117    -0.4633552    -0.4518167    -0.4383640    -0.4233341    -0.4070311    -0.3897267    -0.3716608    -0.3530437    -0.3340580    -0.3148618    -0.2955907    -0.2763609    -0.2572710    -0.2384048    -0.2198327    -0.2016137    -0.1837972    -0.1664237    -0.1495262    -0.1331312    -0.1172595    -0.1019266    -0.0871433    -0.0729163    -0.0592484    -0.0461386    -0.0335826    -0.0215731    -0.0100996     0.0008514     0.0112959     0.0212525     0.0307419     0.0397871     0.0484125     0.0566438     0.0645077     0.0720308     0.0792392     0.0861577     0.0928087     0.0992117     0.1053813     0.1113271     0.1170518     0.1225505     0.1278095     0.1328055     0.1375056     0.1418665     0.1458353     0.1493505     0.1523439     0.1547423     0.1564716     0.1574598     0.1576418     0.1569637     0.1553875     0.1528953     0.1494926     0.1452105     0.1401062     0.1342622     0.1277833     0.1207915     0.1134206     0.1058092     0.0980936     0.0904015     0.0828464     0.0755245     0.0685119     0.0618649     0.0556211     0.0498017     0.0444145     0.0394567     0.0349177     0.0307820     0.0270304     0.0236417     0.0205936
    -0.0631109    -0.1251651    -0.1851458    -0.2421134    -0.2952375    -0.3438232    -0.3873281    -0.4253713    -0.4577334    -0.4843486    -0.5052897    -0.5207491    -0.5310158    -0.5364522    -0.5374705    -0.5345123    -0.5280293    -0.5184690    -0.5062624    -0.4918163    -0.4755070    -0.4576780    -0.4386381    -0.4186628    -0.3979947    -0.3768463    -0.3554024    -0.3338224    -0.3122435    -0.2907827    -0.2695398    -0.2485993    -0.2280320    -0.2078976    -0.1882452    -0.1691153    -0.1505406    -0.1325467    -0.1151532    -0.0983743    -0.0822190    -0.0666918    -0.0517928    -0.0375182    -0.0238604    -0.0108083     0.0016527     0.0135402     0.0248748     0.0356798     0.0459808     0.0558053     0.0651825     0.0741421     0.0827144     0.0909290     0.0988138     0.1063943     0.1136924     0.1207249     0.1275024     0.1340279     0.1402956     0.1462898     0.1519841     0.1573405     0.1623096     0.1668311     0.1708347     0.1742422     0.1769705     0.1789346     0.1800524     0.1802495     0.1794645     0.1776540     0.1747975     0.1709012     0.1660007     0.1601615     0.1534777     0.1460690     0.1380748     0.1296480     0.1209468     0.1121269     0.1033341     0.0946983     0.0863291     0.0783135     0.0707159     0.0635792     0.0569276     0.0507700     0.0451030     0.0399149     0.0351876     0.0308993     0.0270258     0.0235416
    -0.0672884    -0.1335168    -0.1976614    -0.2587682    -0.3159840    -0.3685806    -0.4159737    -0.4577334    -0.4935878    -0.5234182    -0.5472489    -0.5652303    -0.5776197    -0.5847585    -0.5870501    -0.5849380    -0.5788864    -0.5693633    -0.5568273    -0.5417166    -0.5244422    -0.5053829    -0.4848835    -0.4632534    -0.4407680    -0.4176699    -0.3941714    -0.3704571    -0.3466864    -0.3229962    -0.2995038    -0.2763087    -0.2534953    -0.2311345    -0.2092852    -0.1879963    -0.1673073    -0.1472500    -0.1278487    -0.1091213    -0.0910800    -0.0737313    -0.0570771    -0.0411144    -0.0258357    -0.0112296     0.0027192     0.0160297     0.0287244     0.0408288     0.0523709     0.0633812     0.0738919     0.0839362     0.0935475     0.1027587     0.1116010     0.1201028     0.1282883     0.1361763     0.1437784     0.1510979     0.1581282     0.1648515     0.1712379     0.1772448     0.1828164     0.1878850     0.1923716     0.1961883     0.1992415     0.2014357     0.2026788     0.2028870     0.2019913     0.1999430     0.1967190     0.1923265     0.1868052     0.1802290     0.1727037     0.1643637     0.1553660     0.1458823     0.1360904     0.1261656     0.1162717     0.1065547     0.0971379     0.0881192     0.0795707     0.0715409     0.0640568     0.0571285     0.0507523     0.0449148     0.0395958     0.0347706     0.0304121     0.0264916
    -0.0705355    -0.1400301    -0.2074744    -0.2719206    -0.3325104    -0.3884978    -0.4392677    -0.4843486    -0.5234182    -0.5563032    -0.5829724    -0.6035242    -0.6181709    -0.6272183    -0.6310452    -0.6300822    -0.6247917    -0.6156501    -0.6031324    -0.5877004    -0.5697930    -0.5498201    -0.5281588    -0.5051511    -0.4811041    -0.4562908    -0.4309516    -0.4052971    -0.3795101    -0.3537490    -0.3281496    -0.3028282    -0.2778837    -0.2533996    -0.2294459    -0.2060808    -0.1833520    -0.1612978    -0.1399483    -0.1193259    -0.0994464    -0.0803194    -0.0619485    -0.0443321    -0.0274636    -0.0113316     0.0040799     0.0187909     0.0328254     0.0462106     0.0589772     0.0711582     0.0827887     0.0939049     0.1045436     0.1147408     0.1245307     0.1339444     0.1430087     0.1517439     0.1601629     0.1682690     0.1760546     0.1835000     0.1905719     0.1972226     0.2033906     0.2090002     0.2139639     0.2181841     0.2215568     0.2239761     0.2253396     0.2255545     0.2245441     0.2222543     0.2186596     0.2137678     0.2076233     0.2003080     0.1919393     0.1826666     0.1726641     0.1621225     0.1512393     0.1402090     0.1292135     0.1184151     0.1079504     0.0979282     0.0884287     0.0795056     0.0711890     0.0634898     0.0564042     0.0499171     0.0440062     0.0386440     0.0338003     0.0294434
    -0.0728989    -0.1447935    -0.2147061    -0.2817122    -0.3449639    -0.4037116    -0.4573217    -0.5052897    -0.5472489    -0.5829724    -0.6123709    -0.6354847    -0.6524709    -0.6635876    -0.6691752    -0.6696369    -0.6654193    -0.6569940    -0.6448413    -0.6294363    -0.6112384    -0.5906825    -0.5681737    -0.5440840    -0.5187506    -0.4924759    -0.4655289    -0.4381466    -0.4105364    -0.3828790    -0.3553303    -0.3280247    -0.3010769    -0.2745845    -0.2486296    -0.2232809    -0.1985953    -0.1746187    -0.1513877    -0.1289302    -0.1072663    -0.0864090    -0.0663647    -0.0471336    -0.0287101    -0.0110834     0.0057627     0.0218488     0.0372001     0.0518456     0.0658180     0.0791527     0.0918875     0.1040616     0.1157148     0.1268860     0.1376125     0.1479280     0.1578613     0.1674347     0.1766618     0.1855462     0.1940793     0.2022392     0.2099891     0.2172767     0.2240341     0.2301782     0.2356127     0.2402303     0.2439167     0.2465556     0.2480345     0.2482513     0.2471218     0.2445866     0.2406176     0.2352236     0.2284533     0.2203965     0.2111827     0.2009758     0.1899674     0.1783671     0.1663919     0.1542556     0.1421583     0.1302781     0.1187654     0.1077397     0.0972891     0.0874726     0.0783233     0.0698533     0.0620582     0.0549215     0.0484185     0.0425192     0.0371903     0.0323968
    -0.0744414    -0.1479280    -0.2195270    -0.2883499    -0.3535726    -0.4144548    -0.4703559    -0.5207491    -0.5652303    -0.6035242    -0.6354847    -0.6610908    -0.6804391    -0.6937305    -0.7012558    -0.7033781    -0.7005149    -0.6931196    -0.6816659    -0.6666317    -0.6484876    -0.6276862    -0.6046555    -0.5797931    -0.5534639    -0.5259985    -0.4976935    -0.4688126    -0.4395885    -0.4102251    -0.3808996    -0.3517657    -0.3229552    -0.2945809    -0.2667386    -0.2395087    -0.2129582    -0.1871417    -0.1621033    -0.1378771    -0.1144885    -0.0919545    -0.0702848    -0.0494820    -0.0295423    -0.0104557     0.0077936     0.0252267     0.0418694     0.0577522     0.0729096     0.0873793     0.1012013     0.1144178     0.1270712     0.1392033     0.1508542     0.1620601     0.1728519     0.1832534     0.1932793     0.2029330     0.2122051     0.2210712     0.2294913     0.2374081     0.2447475     0.2514190     0.2573174     0.2623259     0.2663199     0.2691727     0.2707615     0.2709753     0.2697222     0.2669375     0.2625907     0.2566913     0.2492924     0.2404922     0.2304314     0.2192890     0.2072736     0.1946137     0.1815461     0.1683036     0.1551042     0.1421422     0.1295815     0.1175523     0.1061507     0.0954409     0.0854590     0.0762182     0.0677136     0.0599273     0.0528323     0.0463958     0.0405816     0.0353515
    -0.0752365    -0.1495761    -0.2221402    -0.2920860    -0.3586235    -0.4210323    -0.4786761    -0.5310158    -0.5776197    -0.6181709    -0.6524709    -0.6804391    -0.7021088    -0.7176188    -0.7272019    -0.7311705    -0.7299011    -0.7238172    -0.7133730    -0.6990385    -0.6812852    -0.6605753    -0.6373525    -0.6120353    -0.5850123    -0.5566399    -0.5272412    -0.4971060    -0.4664923    -0.4356278    -0.4047120    -0.3739189    -0.3433987    -0.3132809    -0.2836758    -0.2546767    -0.2263621    -0.1987963    -0.1720320    -0.1461103    -0.1210626    -0.0969110    -0.0736689    -0.0513421    -0.0299289    -0.0094208     0.0101972     0.0289461     0.0468522     0.0639472     0.0802668     0.0958506     0.1107412     0.1249828     0.1386207     0.1516994     0.1642614     0.1763453     0.1879841     0.1992031     0.2100175     0.2204309     0.2304326     0.2399961     0.2490778     0.2576157     0.2655293     0.2727206     0.2790758     0.2844684     0.2887636     0.2918241     0.2935173     0.2937228     0.2923415     0.2893031     0.2845749     0.2781670     0.2701371     0.2605912     0.2496818     0.2376026     0.2245793     0.2108594     0.1966990     0.1823501     0.1680487     0.1540051     0.1403966     0.1273642     0.1150118     0.1034090     0.0925948     0.0825833     0.0733694     0.0649336     0.0572467     0.0502732     0.0439737     0.0383070
    -0.0753628    -0.1498920    -0.2227681    -0.2932006    -0.3604411    -0.4237980    -0.4826488    -0.5364522    -0.5847585    -0.6272183    -0.6635876    -0.6937305    -0.7176188    -0.7353272    -0.7470257    -0.7529686    -0.7534818    -0.7489476    -0.7397899    -0.7264589    -0.7094169    -0.6891263    -0.6660387    -0.6405869    -0.6131786    -0.5841924    -0.5539757    -0.5228430    -0.4910772    -0.4589300    -0.4266236    -0.3943532    -0.3622885    -0.3305767    -0.2993439    -0.2686977    -0.2387288    -0.2095128    -0.1811115    -0.1535744    -0.1269395    -0.1012348    -0.0764784    -0.0526797    -0.0298399    -0.0079525     0.0129963     0.0330269     0.0521657     0.0704451     0.0879018     0.1045773     0.1205158     0.1357639     0.1503693     0.1643789     0.1778376     0.1907862     0.2032595     0.2152842     0.2268762     0.2380389     0.2487604     0.2590119     0.2687463     0.2778966     0.2863761     0.2940794     0.3008839     0.3066535     0.3112431     0.3145051     0.3162968     0.3164889     0.3149746     0.3116784     0.3065651     0.2996457     0.2909822     0.2806887     0.2689293     0.2559122     0.2418805     0.2271003     0.2118470     0.1963919     0.1809888     0.1658640     0.1512082     0.1371730     0.1238704     0.1113749     0.0997288     0.0889472     0.0790243     0.0699393     0.0616608     0.0541504     0.0473658     0.0412626
    -0.0749009    -0.1490333    -0.2216400    -0.2919858    -0.3593694    -0.4231341    -0.4826792    -0.5374705    -0.5870501    -0.6310452    -0.6691752    -0.7012558    -0.7272019    -0.7470257    -0.7608330    -0.7688159    -0.7712427    -0.7684459    -0.7608086    -0.7487508    -0.7327150    -0.7131539    -0.6905183    -0.6652479    -0.6377637    -0.6084618    -0.5777105    -0.5458470    -0.5131778    -0.4799780    -0.4464928    -0.4129389    -0.3795066    -0.3463613    -0.3136465    -0.2814849    -0.2499808    -0.2192217    -0.1892802    -0.1602146    -0.1320709    -0.1048835    -0.0786760    -0.0534624    -0.0292471    -0.0060264     0.0162118     0.0374869     0.0578250     0.0772585     0.0958252     0.1135675     0.1305316     0.1467660     0.1623203     0.1772439     0.1915837     0.2053826     0.2186771     0.2314950     0.2438529     0.2557538     0.2671846     0.2781143     0.2884919     0.2982455     0.3072824     0.3154895     0.3227355     0.3288746     0.3337518     0.3372090     0.3390934     0.3392667     0.3376147     0.3340566     0.3285548     0.3211210     0.3118216     0.3007787     0.2881681     0.2742124     0.2591719     0.2433313     0.2269855     0.2104247     0.1939206     0.1777153     0.1620130     0.1469759     0.1327237     0.1193365     0.1068591     0.0953079     0.0846767     0.0749430     0.0660732     0.0580263     0.0507570     0.0442176
    -0.0739294    -0.1471553    -0.2189826    -0.2887334    -0.3557558    -0.4194328    -0.4791915    -0.5345123    -0.5849380    -0.6300822    -0.6696369    -0.7033781    -0.7311705    -0.7529686    -0.7688159    -0.7788411    -0.7832512    -0.7823224    -0.7763891    -0.7658315    -0.7510626    -0.7325152    -0.7106303    -0.6858464    -0.6585904    -0.6292707    -0.5982717    -0.5659506    -0.5326352    -0.4986229    -0.4641812    -0.4295487    -0.3949363    -0.3605290    -0.3264879    -0.2929522    -0.2600409    -0.2278545    -0.1964771    -0.1659771    -0.1364094    -0.1078156    -0.0802259    -0.0536590    -0.0281239    -0.0036198     0.0198629     0.0423421     0.0638430     0.0843978     0.1040448     0.1228274     0.1407929     0.1579915     0.1744748     0.1902940     0.2054982     0.2201320     0.2342334     0.2478313     0.2609426     0.2735701     0.2856992     0.2972965     0.3083074     0.3186550     0.3282404     0.3369427     0.3446222     0.3511235     0.3562812     0.3599271     0.3618984     0.3620477     0.3602533     0.3564294     0.3505357     0.3425849     0.3326476     0.3208540     0.3073912     0.2924966     0.2764474     0.2595468     0.2421092     0.2244435     0.2068395     0.1895548     0.1728071     0.1567693     0.1415688     0.1272908     0.1139832     0.1016633     0.0903245     0.0799429     0.0704826     0.0618997     0.0541461     0.0471709
    -0.0725231    -0.1444057    -0.2150136    -0.2837257    -0.3499402    -0.4130824    -0.4726117    -0.5280293    -0.5788864    -0.6247917    -0.6654193    -0.7005149    -0.7299011    -0.7534818    -0.7712427    -0.7832512    -0.7896521    -0.7906620    -0.7865609    -0.7776815    -0.7643982    -0.7471150    -0.7262538    -0.7022428    -0.6755076    -0.6464618    -0.6155011    -0.5829982    -0.5492991    -0.5147218    -0.4795549    -0.4440582    -0.4084633    -0.3729753    -0.3377736    -0.3030146    -0.2688330    -0.2353433    -0.2026422    -0.1708093    -0.1399089    -0.1099912    -0.0810933    -0.0532401    -0.0264452    -0.0007118     0.0239668     0.0476062     0.0702305     0.0918712     0.1125665     0.1323604     0.1513012     0.1694403     0.1868311     0.2035263     0.2195769     0.2350291     0.2499222     0.2642860     0.2781376     0.2914793     0.3042953     0.3165493     0.3281831     0.3391151     0.3492396     0.3584286     0.3665335     0.3733893     0.3788206     0.3826487     0.3847011     0.3848213     0.3828801     0.3787867     0.3724981     0.3640279     0.3534510     0.3409057     0.3265903     0.3107569     0.2936995     0.2757399     0.2572115     0.2384425     0.2197400     0.2013776     0.1835862     0.1665492     0.1504019     0.1352346     0.1210981     0.1080108     0.0959655     0.0849370     0.0748870     0.0657690     0.0575317     0.0501213
    -0.0707515    -0.1409224    -0.2099368    -0.2772284    -0.3422454    -0.4044562    -0.4633552    -0.5184690    -0.5693633    -0.6156501    -0.6569940    -0.6931196    -0.7238172    -0.7489476    -0.7684459    -0.7823224    -0.7906620    -0.7936213    -0.7914222    -0.7843450    -0.7727183    -0.7569092    -0.7373113    -0.7143345    -0.6883942    -0.6599024    -0.6292596    -0.5968487    -0.5630305    -0.5281401    -0.4924858    -0.4563472    -0.4199763    -0.3835979    -0.3474104    -0.3115880    -0.2762817    -0.2416212    -0.2077164    -0.1746591    -0.1425242    -0.1113712    -0.0812451    -0.0521775    -0.0241876     0.0027167     0.0285385     0.0532910     0.0769961     0.0996844     0.1213936     0.1421676     0.1620555     0.1811098     0.1993849     0.2169352     0.2338130     0.2500660     0.2657347     0.2808493     0.2954275     0.3094705     0.3229612     0.3358606     0.3481068     0.3596130     0.3702674     0.3799342     0.3884562     0.3956590     0.4013569     0.4053610     0.4074888     0.4075749     0.4054829     0.4011164     0.3944303     0.3854388     0.3742212     0.3609236     0.3457558     0.3289841     0.3109196     0.2919024     0.2722852     0.2524147     0.2326158     0.2131778     0.1943448     0.1763107     0.1592186     0.1431639     0.1282003     0.1143472     0.1015970     0.0899229     0.0792843     0.0696322     0.0609123     0.0530675
    -0.0686778    -0.1368311    -0.2039389    -0.2694870    -0.3329719    -0.3939049    -0.4518167    -0.5062624    -0.5568273    -0.6031324    -0.6448413    -0.6816659    -0.7133730    -0.7397899    -0.7608086    -0.7763891    -0.7865609    -0.7914222    -0.7911370    -0.7859298    -0.7760790    -0.7619074    -0.7437734    -0.7220597    -0.6971637    -0.6694878    -0.6394304    -0.6073789    -0.5737037    -0.5387537    -0.5028535    -0.4663012    -0.4293679    -0.3922974    -0.3553075    -0.3185900    -0.2823131    -0.2466222    -0.2116415    -0.1774758    -0.1442114    -0.1119180    -0.0806493    -0.0504446    -0.0213296     0.0066829     0.0335916     0.0594062     0.0841464     0.1078410     0.1305268     0.1522476     0.1730524     0.1929945     0.2121292     0.2305122     0.2481968     0.2652320     0.2816590     0.2975089     0.3127989     0.3275298     0.3416826     0.3552157     0.3680634     0.3801336     0.3913082     0.4014440     0.4103749     0.4179171     0.4238747     0.4280486     0.4302465     0.4302940     0.4280472     0.4234048     0.4163190     0.4068048     0.3949458     0.3808959     0.3648764     0.3471678     0.3280979     0.3080253     0.2873215     0.2663522     0.2454597     0.2249489     0.2050770     0.1860485     0.1680141     0.1510744     0.1352859     0.1206690     0.1072157     0.0948977     0.0836722     0.0734874     0.0642860     0.0560079
    -0.0663588    -0.1322450    -0.1971886    -0.2607242    -0.3223943    -0.3817518    -0.4383640    -0.4918163    -0.5417166    -0.5877004    -0.6294363    -0.6666317    -0.6990385    -0.7264589    -0.7487508    -0.7658315    -0.7776815    -0.7843450    -0.7859298    -0.7826048    -0.7745950    -0.7621748    -0.7456606    -0.7254010    -0.7017676    -0.6751454    -0.6459233    -0.6144867    -0.5812100    -0.5464511    -0.5105476    -0.4738131    -0.4365360    -0.3989785    -0.3613765    -0.3239402    -0.2868547    -0.2502817    -0.2143605    -0.1792095    -0.1449275    -0.1115950    -0.0792754    -0.0480164    -0.0178508     0.0112024     0.0391372     0.0659593     0.0916854     0.1163421     0.1399648     0.1625963     0.1842857     0.2050864     0.2250543     0.2442459     0.2627156     0.2805131     0.2976805     0.3142489     0.3302356     0.3456403     0.3604422     0.3745970     0.3880348     0.4006586     0.4123439     0.4229396     0.4322713     0.4401454     0.4463561     0.4506940     0.4529569     0.4529616     0.4505567     0.4456358     0.4381486     0.4281110     0.4156106     0.4008093     0.3839394     0.3652959     0.3452231     0.3240979     0.3023109     0.2802460     0.2582633     0.2366831     0.2157758     0.1957562     0.1767826     0.1589609     0.1423503     0.1269721     0.1128181     0.0998583     0.0880477     0.0773319     0.0676506     0.0589404
    -0.0638447    -0.1272645    -0.1898361    -0.2511394    -0.3107599    -0.3682904    -0.4233341    -0.4755070    -0.5244422    -0.5697930    -0.6112384    -0.6484876    -0.6812852    -0.7094169    -0.7327150    -0.7510626    -0.7643982    -0.7727183    -0.7760790    -0.7745950    -0.7684378    -0.7578312    -0.7430450    -0.7243880    -0.7021991    -0.6768383    -0.6486781    -0.6180948    -0.5854603    -0.5511366    -0.5154694    -0.4787846    -0.4413855    -0.4035506    -0.3655332    -0.3275608    -0.2898360    -0.2525366    -0.2158177    -0.1798117    -0.1446307    -0.1103668    -0.0770941    -0.0448692    -0.0137329     0.0162891     0.0451851     0.0729562     0.0996154     0.1251867     0.1497035     0.1732073     0.1957466     0.2173746     0.2381476     0.2581224     0.2773540     0.2958929     0.3137815     0.3310511     0.3477185     0.3637823     0.3792198     0.3939837     0.4080003     0.4211671     0.4333533     0.4444002     0.4541245     0.4623233     0.4687807     0.4732770     0.4756003     0.4755583     0.4729926     0.4677913     0.4599018     0.4493406     0.4361997     0.4206485     0.4029305     0.3833549     0.3622826     0.3401086     0.3172422     0.2940861     0.2710175     0.2483722     0.2264336     0.2054268     0.1855180     0.1668177     0.1493884     0.1332521     0.1184002     0.1048011     0.0924078     0.0811631     0.0710037     0.0618632
    -0.0611798    -0.1219778    -0.1820136    -0.2409088    -0.2982887    -0.3537836    -0.4070311    -0.4576780    -0.5053829    -0.5498201    -0.5906825    -0.6276862    -0.6605753    -0.6891263    -0.7131539    -0.7325152    -0.7471150    -0.7569092    -0.7619074    -0.7621748    -0.7578312    -0.7490491    -0.7360500    -0.7190984    -0.6984949    -0.6745687    -0.6476683    -0.6181539    -0.5863890    -0.5527330    -0.5175350    -0.4811291    -0.4438298    -0.4059298    -0.3676978    -0.3293779    -0.2911891    -0.2533260    -0.2159588    -0.1792351    -0.1432804    -0.1081994    -0.0740772    -0.0409804    -0.0089586     0.0219553     0.0517429     0.0804004     0.1079364     0.1343715     0.1597367     0.1840717     0.2074239     0.2298459     0.2513938     0.2721246     0.2920937     0.3113518     0.3299414     0.3478939     0.3652253     0.3819329     0.3979920     0.4133524     0.4279360     0.4416352     0.4543125     0.4658017     0.4759108     0.4844274     0.4911253     0.4957750     0.4981544     0.4980627     0.4953339     0.4898511     0.4815591     0.4704751     0.4566952     0.4403965     0.4218336     0.4013298     0.3792622     0.3560442     0.3321034     0.3078612     0.2837118     0.2600065     0.2370416     0.2150525     0.1942129     0.1746385     0.1563944     0.1395038     0.1239573     0.1097222     0.0967490     0.0849778     0.0743425     0.0647737
    -0.0584021    -0.1164617    -0.1738368    -0.2301871    -0.2851745    -0.3384644    -0.3897267    -0.4386381    -0.4848835    -0.5281588    -0.5681737    -0.6046555    -0.6373525    -0.6660387    -0.6905183    -0.7106303    -0.7262538    -0.7373113    -0.7437734    -0.7456606    -0.7430450    -0.7360500    -0.7248481    -0.7096577    -0.6907373    -0.6683796    -0.6429035    -0.6146465    -0.5839567    -0.5511849    -0.5166783    -0.4807736    -0.4437931    -0.4060401    -0.3677967    -0.3293216    -0.2908497    -0.2525910    -0.2147317    -0.1774340    -0.1408374    -0.1050598    -0.0701979    -0.0363291    -0.0035121     0.0282116     0.0588170     0.0882940     0.1166466     0.1438913     0.1700560     0.1951783     0.2193037     0.2424841     0.2647749     0.2862330     0.3069135     0.3268673     0.3461368     0.3647528     0.3827307     0.4000664     0.4167328     0.4326765     0.4478151     0.4620359     0.4751946     0.4871174     0.4976037     0.5064313     0.5133642     0.5181625     0.5205946     0.5204506     0.5175573     0.5117925     0.5030987     0.4914935     0.4770773     0.4600345     0.4406310     0.4192037     0.3961463     0.3718899     0.3468809     0.3215587     0.2963347     0.2715755     0.2475903     0.2246246     0.2028597     0.1824163     0.1633621     0.1457214     0.1294845     0.1146170     0.1010672     0.0887726     0.0776642     0.0676695
    -0.0555448    -0.1107823    -0.1654055    -0.2191084    -0.2715864    -0.3225370    -0.3716608    -0.4186628    -0.4632534    -0.5051511    -0.5440840    -0.5797931    -0.6120353    -0.6405869    -0.6652479    -0.6858464    -0.7022428    -0.7143345    -0.7220597    -0.7254010    -0.7243880    -0.7190984    -0.7096577    -0.6962378    -0.6790533    -0.6583567    -0.6344322    -0.6075890    -0.5781536    -0.5464621    -0.5128532    -0.4776617    -0.4412124    -0.4038157    -0.3657638    -0.3273281    -0.2887572    -0.2502763    -0.2120862    -0.1743642    -0.1372638    -0.1009161    -0.0654304    -0.0308950     0.0026211     0.0350677     0.0664120     0.0966374     0.1257423     0.1537387     0.1806508     0.2065135     0.2313701     0.2552710     0.2782706     0.3004252     0.3217896     0.3424142     0.3623412     0.3816006     0.4002068     0.4181540     0.4354127     0.4519263     0.4676080     0.4823394     0.4959699     0.5083178     0.5191737     0.5283061     0.5354687     0.5404116     0.5428934     0.5426954     0.5396369     0.5335907     0.5244966     0.5123730     0.4973240     0.4795418     0.4593030     0.4369583     0.4129177     0.3876299     0.3615598     0.3351648     0.3088736     0.2830677     0.2580691     0.2341335     0.2114496     0.1901431     0.1702845     0.1518989     0.1349763     0.1194806     0.1053581     0.0925437     0.0809653     0.0705475
    -0.0526361    -0.1049965    -0.1568057    -0.2077885    -0.2576708    -0.3061796    -0.3530437    -0.3979947    -0.4407680    -0.4811041    -0.5187506    -0.5534639    -0.5850123    -0.6131786    -0.6377637    -0.6585904    -0.6755076    -0.6883942    -0.6971637    -0.7017676    -0.7021991    -0.6984949    -0.6907373    -0.6790533    -0.6636132    -0.6446276    -0.6223426    -0.5970344    -0.5690023    -0.5385618    -0.5060375    -0.4717561    -0.4360402    -0.3992028    -0.3615425    -0.3233404    -0.2848568    -0.2463301    -0.2079753    -0.1699838    -0.1325232    -0.0957380    -0.0597500    -0.0246593     0.0094545     0.0425318     0.0745315     0.1054297     0.1352186     0.1639050     0.1915090     0.2180620     0.2436049     0.2681859     0.2918581     0.3146766     0.3366956     0.3579647     0.3785255     0.3984071     0.4176225     0.4361641     0.4539998     0.4710694     0.4872818     0.5025130     0.5166056     0.5293702     0.5405887     0.5500199     0.5574076     0.5624917     0.5650209     0.5647678     0.5615445     0.5552183     0.5457267     0.5330884     0.5174115     0.4988957     0.4778281     0.4545733     0.4295573     0.4032464     0.3761236     0.3486646     0.3213146     0.2944704     0.2684665     0.2435687     0.2199732     0.1978104     0.1771538     0.1580294     0.1404265     0.1243077     0.1096171     0.0962869     0.0842422     0.0734046
    -0.0497002    -0.0991530    -0.1481109    -0.1963268    -0.2435539    -0.2895460    -0.3340580    -0.3768463    -0.4176699    -0.4562908    -0.4924759    -0.5259985    -0.5566399    -0.5841924    -0.6084618    -0.6292707    -0.6464618    -0.6599024    -0.6694878    -0.6751454    -0.6768383    -0.6745687    -0.6683796    -0.6583567    -0.6446276    -0.6273608    -0.6067626    -0.5830728    -0.5565592    -0.5275115    -0.4962346    -0.4630415    -0.4282472    -0.3921622    -0.3550876    -0.3173103    -0.2790999    -0.2407057    -0.2023554    -0.1642536    -0.1265813    -0.0894963    -0.0531331    -0.0176040     0.0170008     0.0506115     0.0831781     0.1146687     0.1450690     0.1743799     0.2026167     0.2298068     0.2559881     0.2812061     0.3055122     0.3289601     0.3516026     0.3734885     0.3946581     0.4151396     0.4349442     0.4540624     0.4724591     0.4900706     0.5068011     0.5225210     0.5370662     0.5502394     0.5618136     0.5715381     0.5791468     0.5843692     0.5869445     0.5866363     0.5832493     0.5766457     0.5667603     0.5536123     0.5373137     0.5180714     0.4961830     0.4720269     0.4460448     0.4187203     0.3905548     0.3620415     0.3336427     0.3057697     0.2787698     0.2529188     0.2284200     0.2054090     0.1839618     0.1641053     0.1458284     0.1290923     0.1138388     0.0999976     0.0874910     0.0762373
    -0.0467575    -0.0932928    -0.1393837    -0.1848080    -0.2293436    -0.2727686    -0.3148618    -0.3554024    -0.3941714    -0.4309516    -0.4655289    -0.4976935    -0.5272412    -0.5539757    -0.5777105    -0.5982717    -0.6155011    -0.6292596    -0.6394304    -0.6459233    -0.6486781    -0.6476683    -0.6429035    -0.6344322    -0.6223426    -0.6067626    -0.5878585    -0.5658319    -0.5409162    -0.5133711    -0.4834766    -0.4515271    -0.4178244    -0.3826715    -0.3463671    -0.3092002    -0.2714460    -0.2333624    -0.1951873    -0.1571373    -0.1194059    -0.0821636    -0.0455575    -0.0097118     0.0252719     0.0593135     0.0923534     0.1243517     0.1552863     0.1851521     0.2139588     0.2417294     0.2684980     0.2943074     0.3192064     0.3432467     0.3664798     0.3889529     0.4107051     0.4317629     0.4521358     0.4718118     0.4907530     0.5088917     0.5261276     0.5423252     0.5573134     0.5708872     0.5828107     0.5928235     0.6006496     0.6060083     0.6086290     0.6082665     0.6047181     0.5978408     0.5875666     0.5739153     0.5570024     0.5370421     0.5143425     0.4892952     0.4623577     0.4340309     0.4048340     0.3752779     0.3458414     0.3169506     0.2889654     0.2621713     0.2367790     0.2129288     0.1906994     0.1701186     0.1511750     0.1338281     0.1180178     0.1036710     0.0907072     0.0790418
    -0.0438253    -0.0874509    -0.1306771    -0.1733041    -0.2151319    -0.2559607    -0.2955907    -0.3338224    -0.3704571    -0.4052971    -0.4381466    -0.4688126    -0.4971060    -0.5228430    -0.5458470    -0.5659506    -0.5829982    -0.5968487    -0.6073789    -0.6144867    -0.6180948    -0.6181539    -0.6146465    -0.6075890    -0.5970344    -0.5830728    -0.5658319    -0.5454753    -0.5222002    -0.4962332    -0.4678259    -0.4372489    -0.4047859    -0.3707275    -0.3353650    -0.2989851    -0.2618646    -0.2242667    -0.1864373    -0.1486027    -0.1109676    -0.0737143    -0.0370020    -0.0009666     0.0342790     0.0686439     0.1020589     0.1344751     0.1658626     0.1962094     0.2255193     0.2538102     0.2811120     0.3074640     0.3329122     0.3575058     0.3812945     0.4043235     0.4266303     0.4482396     0.4691587     0.4893731     0.5088415     0.5274925     0.5452206     0.5618845     0.5773063     0.5912729     0.6035395     0.6138361     0.6218766     0.6273703     0.6300366     0.6296216     0.6259152     0.6187691     0.6081125     0.5939655     0.5764473     0.5557791     0.5322793     0.5063527     0.4784721     0.4491558     0.4189404     0.3883545     0.3578931     0.3279972     0.2990387     0.2713130     0.2450380     0.2203589     0.1973568     0.1760607     0.1564584     0.1385083     0.1221478     0.1073016     0.0938862     0.0818142
