     0.0000000     0.0000001     0.0000005     0.0000010     0.0000019     0.0000030     0.0000043     0.0000057     0.0000072     0.0000086     0.0000099     0.0000111     0.0000121     0.0000128     0.0000133     0.0000137     0.0000138     0.0000137     0.0000136     0.0000133     0.0000128     0.0000124     0.0000119     0.0000113     0.0000107     0.0000101     0.0000095     0.0000090     0.0000084     0.0000079     0.0000073     0.0000068     0.0000064     0.0000059     0.0000055     0.0000051     0.0000047     0.0000044     0.0000040     0.0000037     0.0000034     0.0000032     0.0000029     0.0000027     0.0000024     0.0000022     0.0000020     0.0000018     0.0000017     0.0000015     0.0000013     0.0000012     0.0000011     0.0000009     0.0000008     0.0000007     0.0000006     0.0000005     0.0000004     0.0000003     0.0000003     0.0000002     0.0000001     0.0000001     0.0000000    -0.0000000    -0.0000001    -0.0000001    -0.0000002    -0.0000002    -0.0000002    -0.0000003    -0.0000003    -0.0000003    -0.0000003    -0.0000003    -0.0000003    -0.0000003    -0.0000003    -0.0000003    -0.0000003    -0.0000003    -0.0000003    -0.0000003    -0.0000002    -0.0000002    -0.0000002    -0.0000002    -0.0000002    -0.0000002    -0.0000001    -0.0000001    -0.0000001    -0.0000001    -0.0000001    -0.0000001    -0.0000001    -0.0000001    -0.0000001    -0.0000000
     0.0000001     0.0000011     0.0000036     0.0000081     0.0000147     0.0000233     0.0000335     0.0000447     0.0000564     0.0000677     0.0000783     0.0000876     0.0000953     0.0001013     0.0001056     0.0001083     0.0001094     0.0001091     0.0001077     0.0001053     0.0001022     0.0000985     0.0000943     0.0000899     0.0000854     0.0000807     0.0000761     0.0000715     0.0000671     0.0000628     0.0000586     0.0000547     0.0000509     0.0000473     0.0000439     0.0000407     0.0000377     0.0000349     0.0000322     0.0000297     0.0000274     0.0000252     0.0000231     0.0000212     0.0000194     0.0000177     0.0000162     0.0000147     0.0000133     0.0000120     0.0000108     0.0000097     0.0000086     0.0000076     0.0000067     0.0000058     0.0000050     0.0000042     0.0000035     0.0000028     0.0000022     0.0000016     0.0000010     0.0000005     0.0000000    -0.0000004    -0.0000008    -0.0000011    -0.0000015    -0.0000017    -0.0000020    -0.0000022    -0.0000023    -0.0000025    -0.0000026    -0.0000026    -0.0000026    -0.0000026    -0.0000026    -0.0000025    -0.0000024    -0.0000023    -0.0000022    -0.0000021    -0.0000019    -0.0000018    -0.0000017    -0.0000015    -0.0000014    -0.0000013    -0.0000011    -0.0000010    -0.0000009    -0.0000008    -0.0000007    -0.0000006    -0.0000006    -0.0000005    -0.0000004    -0.0000004
     0.0000005     0.0000036     0.0000117     0.0000262     0.0000477     0.0000758     0.0001093     0.0001462     0.0001846     0.0002223     0.0002574     0.0002886     0.0003147     0.0003353     0.0003501     0.0003594     0.0003636     0.0003632     0.0003590     0.0003515     0.0003414     0.0003293     0.0003158     0.0003012     0.0002861     0.0002708     0.0002554     0.0002402     0.0002253     0.0002110     0.0001971     0.0001838     0.0001712     0.0001592     0.0001478     0.0001371     0.0001270     0.0001175     0.0001085     0.0001002     0.0000923     0.0000849     0.0000780     0.0000715     0.0000655     0.0000598     0.0000545     0.0000495     0.0000449     0.0000405     0.0000364     0.0000326     0.0000290     0.0000256     0.0000224     0.0000195     0.0000167     0.0000141     0.0000117     0.0000094     0.0000073     0.0000053     0.0000034     0.0000017     0.0000001    -0.0000013    -0.0000026    -0.0000038    -0.0000049    -0.0000058    -0.0000066    -0.0000073    -0.0000079    -0.0000083    -0.0000086    -0.0000088    -0.0000089    -0.0000088    -0.0000087    -0.0000085    -0.0000082    -0.0000078    -0.0000074    -0.0000070    -0.0000065    -0.0000061    -0.0000056    -0.0000051    -0.0000047    -0.0000042    -0.0000038    -0.0000034    -0.0000031    -0.0000027    -0.0000024    -0.0000021    -0.0000019    -0.0000016    -0.0000014    -0.0000012
     0.0000010     0.0000081     0.0000262     0.0000589     0.0001074     0.0001711     0.0002471     0.0003316     0.0004197     0.0005069     0.0005887     0.0006618     0.0007237     0.0007730     0.0008092     0.0008325     0.0008440     0.0008448     0.0008363     0.0008201     0.0007977     0.0007705     0.0007398     0.0007065     0.0006718     0.0006362     0.0006006     0.0005652     0.0005306     0.0004970     0.0004646     0.0004335     0.0004039     0.0003757     0.0003490     0.0003238     0.0003000     0.0002776     0.0002566     0.0002368     0.0002182     0.0002008     0.0001845     0.0001692     0.0001549     0.0001415     0.0001290     0.0001172     0.0001062     0.0000959     0.0000862     0.0000771     0.0000686     0.0000606     0.0000532     0.0000462     0.0000396     0.0000334     0.0000277     0.0000223     0.0000172     0.0000125     0.0000081     0.0000041     0.0000003    -0.0000031    -0.0000062    -0.0000091    -0.0000116    -0.0000138    -0.0000157    -0.0000173    -0.0000187    -0.0000197    -0.0000204    -0.0000208    -0.0000210    -0.0000209    -0.0000206    -0.0000201    -0.0000194    -0.0000186    -0.0000176    -0.0000166    -0.0000155    -0.0000144    -0.0000133    -0.0000121    -0.0000111    -0.0000100    -0.0000090    -0.0000081    -0.0000072    -0.0000064    -0.0000057    -0.0000050    -0.0000044    -0.0000039    -0.0000034    -0.0000029
     0.0000019     0.0000147     0.0000477     0.0001074     0.0001965     0.0003137     0.0004546     0.0006120     0.0007774     0.0009422     0.0010982     0.0012389     0.0013594     0.0014567     0.0015296     0.0015784     0.0016044     0.0016099     0.0015973     0.0015697     0.0015297     0.0014801     0.0014232     0.0013612     0.0012958     0.0012287     0.0011609     0.0010936     0.0010275     0.0009631     0.0009009     0.0008412     0.0007841     0.0007298     0.0006782     0.0006294     0.0005834     0.0005400     0.0004992     0.0004609     0.0004249     0.0003911     0.0003594     0.0003297     0.0003019     0.0002758     0.0002514     0.0002285     0.0002070     0.0001869     0.0001681     0.0001504     0.0001339     0.0001183     0.0001038     0.0000901     0.0000773     0.0000653     0.0000540     0.0000435     0.0000337     0.0000245     0.0000159     0.0000080     0.0000007    -0.0000060    -0.0000121    -0.0000177    -0.0000226    -0.0000269    -0.0000307    -0.0000338    -0.0000364    -0.0000384    -0.0000398    -0.0000406    -0.0000410    -0.0000408    -0.0000402    -0.0000392    -0.0000379    -0.0000363    -0.0000344    -0.0000324    -0.0000303    -0.0000281    -0.0000259    -0.0000237    -0.0000216    -0.0000196    -0.0000176    -0.0000158    -0.0000141    -0.0000126    -0.0000111    -0.0000098    -0.0000086    -0.0000075    -0.0000065    -0.0000057
     0.0000030     0.0000233     0.0000758     0.0001711     0.0003137     0.0005026     0.0007308     0.0009877     0.0012599     0.0015333     0.0017948     0.0020332     0.0022400     0.0024097     0.0025397     0.0026299     0.0026819     0.0026991     0.0026856     0.0026458     0.0025843     0.0025057     0.0024139     0.0023127     0.0022051     0.0020937     0.0019808     0.0018680     0.0017568     0.0016483     0.0015431     0.0014418     0.0013449     0.0012524     0.0011646     0.0010814     0.0010027     0.0009286     0.0008587     0.0007930     0.0007313     0.0006734     0.0006190     0.0005680     0.0005202     0.0004753     0.0004333     0.0003939     0.0003570     0.0003224     0.0002900     0.0002595     0.0002310     0.0002042     0.0001791     0.0001556     0.0001335     0.0001127     0.0000933     0.0000752     0.0000582     0.0000423     0.0000276     0.0000139     0.0000013    -0.0000103    -0.0000209    -0.0000304    -0.0000389    -0.0000464    -0.0000529    -0.0000583    -0.0000627    -0.0000662    -0.0000686    -0.0000701    -0.0000707    -0.0000704    -0.0000694    -0.0000677    -0.0000654    -0.0000626    -0.0000594    -0.0000559    -0.0000522    -0.0000485    -0.0000447    -0.0000409    -0.0000373    -0.0000338    -0.0000304    -0.0000273    -0.0000244    -0.0000217    -0.0000192    -0.0000169    -0.0000149    -0.0000130    -0.0000113    -0.0000098
     0.0000043     0.0000335     0.0001093     0.0002471     0.0004546     0.0007308     0.0010671     0.0014485     0.0018563     0.0022699     0.0026697     0.0030387     0.0033634     0.0036346     0.0038471     0.0039998     0.0040945     0.0041352     0.0041278     0.0040788     0.0039950     0.0038830     0.0037492     0.0035992     0.0034380     0.0032698     0.0030980     0.0029256     0.0027548     0.0025873     0.0024246     0.0022675     0.0021167     0.0019726     0.0018354     0.0017053     0.0015822     0.0014658     0.0013562     0.0012530     0.0011559     0.0010646     0.0009790     0.0008986     0.0008232     0.0007524     0.0006861     0.0006239     0.0005655     0.0005108     0.0004595     0.0004113     0.0003662     0.0003238     0.0002841     0.0002467     0.0002118     0.0001789     0.0001482     0.0001194     0.0000925     0.0000673     0.0000439     0.0000223     0.0000022    -0.0000162    -0.0000329    -0.0000481    -0.0000616    -0.0000735    -0.0000837    -0.0000924    -0.0000994    -0.0001048    -0.0001087    -0.0001111    -0.0001120    -0.0001116    -0.0001100    -0.0001073    -0.0001036    -0.0000992    -0.0000942    -0.0000886    -0.0000828    -0.0000768    -0.0000708    -0.0000649    -0.0000591    -0.0000536    -0.0000483    -0.0000433    -0.0000387    -0.0000344    -0.0000305    -0.0000269    -0.0000236    -0.0000206    -0.0000179    -0.0000155
     0.0000057     0.0000447     0.0001462     0.0003316     0.0006120     0.0009877     0.0014485     0.0019757     0.0025445     0.0031277     0.0036982     0.0042316     0.0047081     0.0051132     0.0054384     0.0056801     0.0058396     0.0059215     0.0059328     0.0058824     0.0057796     0.0056337     0.0054537     0.0052479     0.0050235     0.0047868     0.0045432     0.0042971     0.0040519     0.0038104     0.0035748     0.0033466     0.0031270     0.0029165     0.0027158     0.0025250     0.0023441     0.0021731     0.0020115     0.0018593     0.0017160     0.0015812     0.0014545     0.0013355     0.0012238     0.0011190     0.0010206     0.0009283     0.0008417     0.0007605     0.0006842     0.0006127     0.0005455     0.0004825     0.0004234     0.0003679     0.0003158     0.0002669     0.0002211     0.0001782     0.0001381     0.0001007     0.0000658     0.0000335     0.0000036    -0.0000238    -0.0000488    -0.0000714    -0.0000915    -0.0001093    -0.0001246    -0.0001375    -0.0001480    -0.0001561    -0.0001619    -0.0001654    -0.0001669    -0.0001663    -0.0001639    -0.0001599    -0.0001544    -0.0001478    -0.0001403    -0.0001321    -0.0001234    -0.0001145    -0.0001056    -0.0000967    -0.0000881    -0.0000798    -0.0000720    -0.0000646    -0.0000577    -0.0000513    -0.0000454    -0.0000401    -0.0000352    -0.0000307    -0.0000267    -0.0000232
     0.0000072     0.0000564     0.0001846     0.0004197     0.0007774     0.0012599     0.0018563     0.0025445     0.0032947     0.0040725     0.0048426     0.0055727     0.0062352     0.0068090     0.0072804     0.0076426     0.0078947     0.0080413     0.0080903     0.0080525     0.0079397     0.0077644     0.0075385     0.0072735     0.0069794     0.0066652     0.0063386     0.0060059     0.0056723     0.0053421     0.0050183     0.0047035     0.0043995     0.0041074     0.0038281     0.0035620     0.0033092     0.0030697     0.0028433     0.0026295     0.0024280     0.0022383     0.0020599     0.0018921     0.0017345     0.0015865     0.0014475     0.0013170     0.0011945     0.0010795     0.0009715     0.0008702     0.0007750     0.0006857     0.0006018     0.0005230     0.0004491     0.0003798     0.0003147     0.0002538     0.0001968     0.0001436     0.0000941     0.0000482     0.0000057    -0.0000333    -0.0000689    -0.0001010    -0.0001297    -0.0001550    -0.0001768    -0.0001951    -0.0002101    -0.0002216    -0.0002299    -0.0002350    -0.0002370    -0.0002362    -0.0002328    -0.0002271    -0.0002194    -0.0002101    -0.0001994    -0.0001877    -0.0001754    -0.0001628    -0.0001501    -0.0001375    -0.0001252    -0.0001135    -0.0001023    -0.0000918    -0.0000820    -0.0000730    -0.0000646    -0.0000570    -0.0000500    -0.0000437    -0.0000380    -0.0000329
     0.0000086     0.0000677     0.0002223     0.0005069     0.0009422     0.0015333     0.0022699     0.0031277     0.0040725     0.0050631     0.0060567     0.0070119     0.0078925     0.0086698     0.0093231     0.0098406     0.0102183     0.0104592     0.0105714     0.0105669     0.0104599     0.0102659     0.0100002     0.0096776     0.0093117     0.0089146     0.0084967     0.0080671     0.0076330     0.0072004     0.0067741     0.0063577     0.0059540     0.0055648     0.0051916     0.0048350     0.0044956     0.0041733     0.0038681     0.0035795     0.0033072     0.0030504     0.0028086     0.0025810     0.0023670     0.0021658     0.0019768     0.0017992     0.0016324     0.0014757     0.0013285     0.0011903     0.0010604     0.0009385     0.0008239     0.0007163     0.0006153     0.0005205     0.0004315     0.0003482     0.0002703     0.0001975     0.0001297     0.0000668     0.0000086    -0.0000448    -0.0000935    -0.0001376    -0.0001769    -0.0002115    -0.0002415    -0.0002667    -0.0002872    -0.0003031    -0.0003144    -0.0003214    -0.0003242    -0.0003232    -0.0003186    -0.0003108    -0.0003003    -0.0002875    -0.0002729    -0.0002570    -0.0002402    -0.0002229    -0.0002054    -0.0001882    -0.0001715    -0.0001554    -0.0001401    -0.0001258    -0.0001123    -0.0000999    -0.0000885    -0.0000780    -0.0000685    -0.0000599    -0.0000521    -0.0000451
     0.0000099     0.0000783     0.0002574     0.0005887     0.0010982     0.0017948     0.0026697     0.0036982     0.0048426     0.0060567     0.0072899     0.0084926     0.0096194     0.0106324     0.0115031     0.0122128     0.0127527     0.0131227     0.0133297     0.0133861     0.0133078     0.0131130     0.0128203     0.0124482     0.0120140     0.0115333     0.0110203     0.0104867     0.0099427     0.0093966     0.0088551     0.0083234     0.0078054     0.0073043     0.0068220     0.0063599     0.0059189     0.0054992     0.0051009     0.0047237     0.0043671     0.0040304     0.0037129     0.0034138     0.0031322     0.0028673     0.0026181     0.0023838     0.0021636     0.0019566     0.0017621     0.0015793     0.0014074     0.0012460     0.0010943     0.0009517     0.0008178     0.0006921     0.0005742     0.0004636     0.0003601     0.0002635     0.0001735     0.0000899     0.0000126    -0.0000583    -0.0001231    -0.0001816    -0.0002340    -0.0002800    -0.0003199    -0.0003534    -0.0003807    -0.0004019    -0.0004171    -0.0004264    -0.0004303    -0.0004289    -0.0004229    -0.0004126    -0.0003987    -0.0003818    -0.0003624    -0.0003413    -0.0003189    -0.0002960    -0.0002728    -0.0002500    -0.0002278    -0.0002064    -0.0001861    -0.0001670    -0.0001492    -0.0001327    -0.0001176    -0.0001036    -0.0000910    -0.0000795    -0.0000692    -0.0000599
     0.0000111     0.0000876     0.0002886     0.0006618     0.0012389     0.0020332     0.0030387     0.0042316     0.0055727     0.0070119     0.0084926     0.0099574     0.0113516     0.0126280     0.0137487     0.0146871     0.0154275     0.0159650     0.0163037     0.0164549     0.0164353     0.0162649     0.0159655     0.0155589     0.0150664     0.0145078     0.0139009     0.0132611     0.0126018     0.0119342     0.0112674     0.0106087     0.0099637     0.0093369     0.0087313     0.0081491     0.0075918     0.0070602     0.0065545     0.0060745     0.0056200     0.0051901     0.0047842     0.0044013     0.0040403     0.0037004     0.0033804     0.0030792     0.0027959     0.0025294     0.0022788     0.0020432     0.0018216     0.0016132     0.0014173     0.0012332     0.0010601     0.0008976     0.0007451     0.0006021     0.0004682     0.0003431     0.0002265     0.0001182     0.0000181    -0.0000739    -0.0001578    -0.0002337    -0.0003016    -0.0003614    -0.0004131    -0.0004566    -0.0004922    -0.0005197    -0.0005394    -0.0005517    -0.0005567    -0.0005551    -0.0005473    -0.0005341    -0.0005162    -0.0004943    -0.0004692    -0.0004419    -0.0004130    -0.0003833    -0.0003534    -0.0003238    -0.0002950    -0.0002674    -0.0002411    -0.0002164    -0.0001933    -0.0001720    -0.0001523    -0.0001343    -0.0001179    -0.0001030    -0.0000897    -0.0000777
     0.0000121     0.0000953     0.0003147     0.0007237     0.0013594     0.0022400     0.0033634     0.0047081     0.0062352     0.0078925     0.0096194     0.0113516     0.0130263     0.0145867     0.0159851     0.0171855     0.0181640     0.0189090     0.0194198     0.0197049     0.0197803     0.0196668     0.0193882     0.0189698     0.0184366     0.0178124     0.0171191     0.0163764     0.0156014     0.0148085     0.0140099     0.0132155     0.0124330     0.0116687     0.0109270     0.0102113     0.0095239     0.0088662     0.0082389     0.0076423     0.0070761     0.0065397     0.0060323     0.0055529     0.0051005     0.0046739     0.0042719     0.0038932     0.0035366     0.0032009     0.0028850     0.0025877     0.0023080     0.0020449     0.0017973     0.0015645     0.0013456     0.0011400     0.0009468     0.0007657     0.0005961     0.0004375     0.0002897     0.0001524     0.0000255    -0.0000913    -0.0001979    -0.0002943    -0.0003805    -0.0004564    -0.0005221    -0.0005775    -0.0006227    -0.0006578    -0.0006830    -0.0006986    -0.0007052    -0.0007032    -0.0006935    -0.0006769    -0.0006542    -0.0006265    -0.0005948    -0.0005602    -0.0005236    -0.0004860    -0.0004481    -0.0004106    -0.0003741    -0.0003391    -0.0003058    -0.0002745    -0.0002452    -0.0002181    -0.0001932    -0.0001703    -0.0001495    -0.0001307    -0.0001137    -0.0000985
     0.0000128     0.0001013     0.0003353     0.0007730     0.0014567     0.0024097     0.0036346     0.0051132     0.0068090     0.0086698     0.0106324     0.0126280     0.0145867     0.0164429     0.0181393     0.0196297     0.0208806     0.0218719     0.0225963     0.0230577     0.0232693     0.0232512     0.0230284     0.0226283     0.0220793     0.0214092     0.0206443     0.0198084     0.0189229     0.0180062     0.0170738     0.0161387     0.0152115     0.0143004     0.0134120     0.0125510     0.0117209     0.0109241     0.0101619     0.0094351     0.0087438     0.0080875     0.0074656     0.0068771     0.0063209     0.0057957     0.0053001     0.0048329     0.0043924     0.0039775     0.0035866     0.0032185     0.0028719     0.0025456     0.0022385     0.0019495     0.0016776     0.0014221     0.0011820     0.0009567     0.0007457     0.0005483     0.0003643     0.0001933     0.0000351    -0.0001104    -0.0002433    -0.0003635    -0.0004711    -0.0005659    -0.0006479    -0.0007172    -0.0007737    -0.0008176    -0.0008491    -0.0008688    -0.0008772    -0.0008749    -0.0008630    -0.0008423    -0.0008142    -0.0007799    -0.0007405    -0.0006975    -0.0006520    -0.0006051    -0.0005580    -0.0005113    -0.0004659    -0.0004223    -0.0003809    -0.0003419    -0.0003055    -0.0002717    -0.0002407    -0.0002122    -0.0001863    -0.0001629    -0.0001417    -0.0001228
     0.0000133     0.0001056     0.0003501     0.0008092     0.0015296     0.0025397     0.0038471     0.0054384     0.0072804     0.0093231     0.0115031     0.0137487     0.0159851     0.0181393     0.0201448     0.0219452     0.0234967     0.0247695     0.0257478     0.0264287     0.0268206     0.0269413     0.0268149     0.0264701     0.0259378     0.0252492     0.0244346     0.0235224     0.0225382     0.0215049     0.0204419     0.0193660     0.0182907     0.0172271     0.0161841     0.0151684     0.0141849     0.0132374     0.0123281     0.0114585     0.0106291     0.0098401     0.0090909     0.0083807     0.0077083     0.0070725     0.0064718     0.0059047     0.0053695     0.0048648     0.0043890     0.0039405     0.0035179     0.0031198     0.0027448     0.0023917     0.0020594     0.0017468     0.0014530     0.0011772     0.0009187     0.0006769     0.0004513     0.0002416     0.0000476    -0.0001310    -0.0002941    -0.0004418    -0.0005739    -0.0006904    -0.0007913    -0.0008765    -0.0009460    -0.0010002    -0.0010392    -0.0010636    -0.0010740    -0.0010715    -0.0010571    -0.0010320    -0.0009977    -0.0009557    -0.0009076    -0.0008549    -0.0007992    -0.0007419    -0.0006841    -0.0006269    -0.0005713    -0.0005179    -0.0004671    -0.0004192    -0.0003746    -0.0003333    -0.0002952    -0.0002603    -0.0002285    -0.0001998    -0.0001738    -0.0001506
     0.0000137     0.0001083     0.0003594     0.0008325     0.0015784     0.0026299     0.0039998     0.0056801     0.0076426     0.0098406     0.0122128     0.0146871     0.0171855     0.0196297     0.0219452     0.0240662     0.0259384     0.0275215     0.0287895     0.0297312     0.0303482     0.0306534     0.0306686     0.0304219     0.0299453     0.0292727     0.0284379     0.0274734     0.0264095     0.0252734     0.0240891     0.0228773     0.0216553     0.0204376     0.0192356     0.0180586     0.0169136     0.0158057     0.0147387     0.0137150     0.0127359     0.0118020     0.0109133     0.0100691     0.0092685     0.0085101     0.0077926     0.0071142     0.0064734     0.0058683     0.0052973     0.0047586     0.0042506     0.0037716     0.0033201     0.0028947     0.0024941     0.0021170     0.0017625     0.0014294     0.0011171     0.0008248     0.0005521     0.0002984     0.0000636    -0.0001526    -0.0003502    -0.0005291    -0.0006892    -0.0008305    -0.0009529    -0.0010564    -0.0011409    -0.0012067    -0.0012543    -0.0012841    -0.0012971    -0.0012944    -0.0012772    -0.0012471    -0.0012058    -0.0011552    -0.0010972    -0.0010336    -0.0009664    -0.0008971    -0.0008273    -0.0007582    -0.0006910    -0.0006264    -0.0005650    -0.0005072    -0.0004532    -0.0004032    -0.0003571    -0.0003149    -0.0002765    -0.0002417    -0.0002104    -0.0001822
     0.0000138     0.0001094     0.0003636     0.0008440     0.0016044     0.0026819     0.0040945     0.0058396     0.0078947     0.0102183     0.0127527     0.0154275     0.0181640     0.0208806     0.0234967     0.0259384     0.0281416     0.0300549     0.0316420     0.0328811     0.0337655     0.0343012     0.0345053     0.0344034     0.0340270     0.0334113     0.0325927     0.0316074     0.0304897     0.0292716     0.0279817     0.0266450     0.0252831     0.0239142     0.0225531     0.0212120     0.0199002     0.0186250     0.0173918     0.0162044     0.0150651     0.0139754     0.0129358     0.0119460     0.0110054     0.0101129     0.0092671     0.0084663     0.0077088     0.0069927     0.0063161     0.0056772     0.0050740     0.0045049     0.0039680     0.0034618     0.0029848     0.0025355     0.0021128     0.0017155     0.0013427     0.0009937     0.0006678     0.0003646     0.0000838    -0.0001748    -0.0004112    -0.0006254    -0.0008173    -0.0009866    -0.0011334    -0.0012575    -0.0013590    -0.0014382    -0.0014955    -0.0015317    -0.0015476    -0.0015447    -0.0015245    -0.0014889    -0.0014399    -0.0013796    -0.0013105    -0.0012347    -0.0011545    -0.0010718    -0.0009885    -0.0009061    -0.0008258    -0.0007486    -0.0006753    -0.0006062    -0.0005417    -0.0004820    -0.0004269    -0.0003765    -0.0003306    -0.0002890    -0.0002515    -0.0002179
     0.0000137     0.0001091     0.0003632     0.0008448     0.0016099     0.0026991     0.0041352     0.0059215     0.0080413     0.0104592     0.0131227     0.0159650     0.0189090     0.0218719     0.0247695     0.0275215     0.0300549     0.0323086     0.0342347     0.0358009     0.0369900     0.0377993     0.0382392     0.0383305     0.0381024     0.0375895     0.0368296     0.0358614     0.0347231     0.0334508     0.0320777     0.0306336     0.0291445     0.0276328     0.0261172     0.0246131     0.0231330     0.0216866     0.0202814     0.0189229     0.0176149     0.0163598     0.0151591     0.0140132     0.0129218     0.0118841     0.0108989     0.0099646     0.0090796     0.0082418     0.0074493     0.0067001     0.0059921     0.0053234     0.0046921     0.0040963     0.0035345     0.0030050     0.0025064     0.0020376     0.0015975     0.0011851     0.0007999     0.0004414     0.0001092    -0.0001969    -0.0004769    -0.0007307    -0.0009581    -0.0011590    -0.0013331    -0.0014805    -0.0016012    -0.0016955    -0.0017638    -0.0018071    -0.0018266    -0.0018236    -0.0018002    -0.0017585    -0.0017009    -0.0016300    -0.0015485    -0.0014592    -0.0013645    -0.0012669    -0.0011685    -0.0010712    -0.0009763    -0.0008852    -0.0007985    -0.0007169    -0.0006406    -0.0005700    -0.0005049    -0.0004453    -0.0003911    -0.0003419    -0.0002976    -0.0002578
     0.0000136     0.0001077     0.0003590     0.0008363     0.0015973     0.0026856     0.0041278     0.0059328     0.0080903     0.0105714     0.0133297     0.0163037     0.0194198     0.0225963     0.0257478     0.0287895     0.0316420     0.0342347     0.0365097     0.0384230     0.0399465     0.0410672     0.0417866     0.0421188     0.0420884     0.0417275     0.0410733     0.0401661     0.0390466     0.0377546     0.0363276     0.0348001     0.0332027     0.0315624     0.0299021     0.0282411     0.0265953     0.0249775     0.0233976     0.0218633     0.0203802     0.0189522     0.0175818     0.0162703     0.0150182     0.0138251     0.0126901     0.0116119     0.0105888     0.0096189     0.0087003     0.0078307     0.0070081     0.0062304     0.0054954     0.0048012     0.0041460     0.0035280     0.0029458     0.0023979     0.0018833     0.0014008     0.0009499     0.0005300     0.0001406    -0.0002183    -0.0005467    -0.0008446    -0.0011116    -0.0013476    -0.0015524    -0.0017258    -0.0018680    -0.0019792    -0.0020600    -0.0021115    -0.0021349    -0.0021321    -0.0021053    -0.0020569    -0.0019899    -0.0019073    -0.0018123    -0.0017079    -0.0015973    -0.0014832    -0.0013682    -0.0012543    -0.0011433    -0.0010366    -0.0009351    -0.0008396    -0.0007504    -0.0006677    -0.0005915    -0.0005217    -0.0004582    -0.0004006    -0.0003486    -0.0003021
     0.0000133     0.0001053     0.0003515     0.0008201     0.0015697     0.0026458     0.0040788     0.0058824     0.0080525     0.0105669     0.0133861     0.0164549     0.0197049     0.0230577     0.0264287     0.0297312     0.0328811     0.0358009     0.0384230     0.0406929     0.0425709     0.0440327     0.0450696     0.0456869     0.0459023     0.0457433     0.0452449     0.0444467     0.0433908     0.0421197     0.0406746     0.0390943     0.0374140     0.0356654     0.0338760     0.0320693     0.0302652     0.0284798     0.0267262     0.0250146     0.0233528     0.0217466     0.0201998     0.0187151     0.0172937     0.0159360     0.0146416     0.0134095     0.0122384     0.0111265     0.0100717     0.0090719     0.0081250     0.0072287     0.0063808     0.0055793     0.0048221     0.0041073     0.0034334     0.0027987     0.0022022     0.0016426     0.0011193     0.0006316     0.0001793    -0.0002379    -0.0006199    -0.0009665    -0.0012775    -0.0015525    -0.0017912    -0.0019936    -0.0021597    -0.0022898    -0.0023846    -0.0024453    -0.0024734    -0.0024710    -0.0024405    -0.0023850    -0.0023078    -0.0022124    -0.0021025    -0.0019817    -0.0018536    -0.0017214    -0.0015880    -0.0014560    -0.0013273    -0.0012035    -0.0010858    -0.0009749    -0.0008714    -0.0007754    -0.0006870    -0.0006059    -0.0005322    -0.0004653    -0.0004050    -0.0003509
     0.0000128     0.0001022     0.0003414     0.0007977     0.0015297     0.0025843     0.0039950     0.0057796     0.0079397     0.0104599     0.0133078     0.0164353     0.0197803     0.0232693     0.0268206     0.0303482     0.0337655     0.0369900     0.0399465     0.0425709     0.0448124     0.0466353     0.0480194     0.0489598     0.0494653     0.0495568     0.0492645     0.0486257     0.0476822     0.0464776     0.0450560     0.0434596     0.0417281     0.0398977     0.0380008     0.0360652     0.0341152     0.0321708     0.0302485     0.0283617     0.0265208     0.0247337     0.0230063     0.0213425     0.0197449     0.0182148     0.0167526     0.0153578     0.0140294     0.0127658     0.0115654     0.0104259     0.0093452     0.0083210     0.0073511     0.0064332     0.0055652     0.0047452     0.0039714     0.0032422     0.0025562     0.0019123     0.0013098     0.0007479     0.0002264    -0.0002549    -0.0006957    -0.0010960    -0.0014553    -0.0017733    -0.0020496    -0.0022840    -0.0024766    -0.0026277    -0.0027382    -0.0028092    -0.0028426    -0.0028408    -0.0028067    -0.0027436    -0.0026553    -0.0025461    -0.0024200    -0.0022813    -0.0021341    -0.0019821    -0.0018287    -0.0016768    -0.0015287    -0.0013863    -0.0012508    -0.0011232    -0.0010040    -0.0008934    -0.0007916    -0.0006983    -0.0006133    -0.0005362    -0.0004668    -0.0004044
     0.0000124     0.0000985     0.0003293     0.0007705     0.0014801     0.0025057     0.0038830     0.0056337     0.0077644     0.0102659     0.0131130     0.0162649     0.0196668     0.0232512     0.0269413     0.0306534     0.0343012     0.0377993     0.0410672     0.0440327     0.0466353     0.0488280     0.0505790     0.0518721     0.0527056     0.0530918     0.0530542     0.0526255     0.0518451     0.0507562     0.0494042     0.0478340     0.0460889     0.0442094     0.0422324     0.0401905     0.0381124     0.0360225     0.0339413     0.0318854     0.0298685     0.0279011     0.0259913     0.0241450     0.0223663     0.0206577     0.0190206     0.0174553     0.0159612     0.0145375     0.0131824     0.0118941     0.0106705     0.0095093     0.0084083     0.0073653     0.0063779     0.0054442     0.0045623     0.0037305     0.0029474     0.0022119     0.0015230     0.0008803     0.0002834    -0.0002678    -0.0007731    -0.0012322    -0.0016445    -0.0020097    -0.0023272    -0.0025969    -0.0028187    -0.0029931    -0.0031209    -0.0032036    -0.0032431    -0.0032422    -0.0032043    -0.0031331    -0.0030331    -0.0029088    -0.0027653    -0.0026072    -0.0024393    -0.0022659    -0.0020908    -0.0019173    -0.0017482    -0.0015854    -0.0014306    -0.0012847    -0.0011484    -0.0010220    -0.0009056    -0.0007989    -0.0007017    -0.0006136    -0.0005341    -0.0004628
     0.0000119     0.0000943     0.0003158     0.0007398     0.0014232     0.0024139     0.0037492     0.0054537     0.0075385     0.0100002     0.0128203     0.0159655     0.0193882     0.0230284     0.0268149     0.0306686     0.0345053     0.0382392     0.0417866     0.0450696     0.0480194     0.0505790     0.0527054     0.0543704     0.0555613     0.0562798     0.0565410     0.0563708     0.0558041     0.0548819     0.0536489     0.0521514     0.0504355     0.0485451     0.0465213     0.0444015     0.0422188     0.0400022     0.0377764     0.0355621     0.0333763     0.0312327     0.0291421     0.0271125     0.0251500     0.0232588     0.0214414     0.0196992     0.0180324     0.0164406     0.0149228     0.0134772     0.0121021     0.0107952     0.0095544     0.0083775     0.0072621     0.0062063     0.0052081     0.0042657     0.0033778     0.0025432     0.0017610     0.0010306     0.0003517    -0.0002755    -0.0008509    -0.0013740    -0.0018442    -0.0022609    -0.0026235    -0.0029319    -0.0031858    -0.0033858    -0.0035329    -0.0036285    -0.0036750    -0.0036755    -0.0036337    -0.0035541    -0.0034415    -0.0033012    -0.0031389    -0.0029600    -0.0027698    -0.0025733    -0.0023747    -0.0021779    -0.0019859    -0.0018012    -0.0016254    -0.0014598    -0.0013050    -0.0011615    -0.0010292    -0.0009080    -0.0007976    -0.0006975    -0.0006072    -0.0005262
     0.0000113     0.0000899     0.0003012     0.0007065     0.0013612     0.0023127     0.0035992     0.0052479     0.0072735     0.0096776     0.0124482     0.0155589     0.0189698     0.0226283     0.0264701     0.0304219     0.0344034     0.0383305     0.0421188     0.0456869     0.0489598     0.0518721     0.0543704     0.0564154     0.0579825     0.0590623     0.0596596     0.0597916     0.0594868     0.0587816     0.0577184     0.0563432     0.0547032     0.0528449     0.0508131     0.0486492     0.0463910     0.0440719     0.0417211     0.0393637     0.0370205     0.0347087     0.0324421     0.0302316     0.0280855     0.0260098     0.0240087     0.0220849     0.0202396     0.0184733     0.0167855     0.0151750     0.0136404     0.0121796     0.0107907     0.0094715     0.0082198     0.0070336     0.0059110     0.0048501     0.0038496     0.0029084     0.0020255     0.0012005     0.0004332    -0.0002764    -0.0009277    -0.0015202    -0.0020532    -0.0025260    -0.0029379    -0.0032884    -0.0035775    -0.0038057    -0.0039739    -0.0040839    -0.0041384    -0.0041408    -0.0040952    -0.0040067    -0.0038808    -0.0037236    -0.0035412    -0.0033400    -0.0031259    -0.0029045    -0.0026807    -0.0024588    -0.0022423    -0.0020339    -0.0018356    -0.0016487    -0.0014740    -0.0013120    -0.0011627    -0.0010258    -0.0009011    -0.0007881    -0.0006861    -0.0005946
     0.0000107     0.0000854     0.0002861     0.0006718     0.0012958     0.0022051     0.0034380     0.0050235     0.0069794     0.0093117     0.0120140     0.0150664     0.0184366     0.0220793     0.0259378     0.0299453     0.0340270     0.0381024     0.0420884     0.0459023     0.0494653     0.0527056     0.0555613     0.0579825     0.0599335     0.0613931     0.0623548     0.0628259     0.0628262     0.0623857     0.0615425     0.0603401     0.0588254     0.0570461     0.0550494     0.0528804     0.0505809     0.0481889     0.0457380     0.0432578     0.0407732     0.0383054     0.0358717     0.0334860     0.0311593     0.0288999     0.0267140     0.0246059     0.0225782     0.0206322     0.0187685     0.0169864     0.0152851     0.0136629     0.0121181     0.0106486     0.0092526     0.0079280     0.0066729     0.0054856     0.0043649     0.0033094     0.0023186     0.0013920     0.0005295    -0.0002687    -0.0010019    -0.0016695    -0.0022705    -0.0028040    -0.0032693    -0.0036657    -0.0039931    -0.0042520    -0.0044435    -0.0045696    -0.0046331    -0.0046379    -0.0045887    -0.0044910    -0.0043512    -0.0041760    -0.0039724    -0.0037474    -0.0035077    -0.0032597    -0.0030090    -0.0027603    -0.0025175    -0.0022838    -0.0020613    -0.0018515    -0.0016555    -0.0014737    -0.0013060    -0.0011524    -0.0010124    -0.0008854    -0.0007709    -0.0006681
     0.0000101     0.0000807     0.0002708     0.0006362     0.0012287     0.0020937     0.0032698     0.0047868     0.0066652     0.0089146     0.0115333     0.0145078     0.0178124     0.0214092     0.0252492     0.0292727     0.0334113     0.0375895     0.0417275     0.0457433     0.0495568     0.0530918     0.0562798     0.0590623     0.0613931     0.0632396     0.0645837     0.0654217     0.0657634     0.0656304     0.0650543     0.0640744     0.0627351     0.0610839     0.0591691     0.0570383     0.0547367     0.0523063     0.0497853     0.0472075     0.0446024     0.0419953     0.0394073     0.0368559     0.0343550     0.0319158     0.0295466     0.0272537     0.0250414     0.0229123     0.0208681     0.0189091     0.0170349     0.0152445     0.0135366     0.0119096     0.0103616     0.0088908     0.0074955     0.0061742     0.0049255     0.0037485     0.0026425     0.0016072     0.0006427    -0.0002505    -0.0010718    -0.0018201    -0.0024944    -0.0030935    -0.0036165    -0.0040626    -0.0044317    -0.0047242    -0.0049412    -0.0050850    -0.0051588    -0.0051667    -0.0051140    -0.0050070    -0.0048526    -0.0046584    -0.0044323    -0.0041821    -0.0039154    -0.0036392    -0.0033597    -0.0030824    -0.0028116    -0.0025508    -0.0023025    -0.0020684    -0.0018496    -0.0016466    -0.0014594    -0.0012878    -0.0011314    -0.0009896    -0.0008617    -0.0007469
     0.0000095     0.0000761     0.0002554     0.0006006     0.0011609     0.0019808     0.0030980     0.0045432     0.0063386     0.0084967     0.0110203     0.0139009     0.0171191     0.0206443     0.0244346     0.0284379     0.0325927     0.0368296     0.0410733     0.0452449     0.0492645     0.0530542     0.0565410     0.0596596     0.0623548     0.0645837     0.0663170     0.0675394     0.0682497     0.0684598     0.0681929     0.0674820     0.0663672     0.0648938     0.0631097     0.0610636     0.0588030     0.0563735     0.0538171     0.0511720     0.0484721     0.0457470     0.0430219     0.0403182     0.0376532     0.0350411     0.0324931     0.0300175     0.0276208     0.0253072     0.0230795     0.0209394     0.0188874     0.0169232     0.0150460     0.0132546     0.0115476     0.0099233     0.0083805     0.0069176     0.0055335     0.0042275     0.0029991     0.0018481     0.0007749    -0.0002199    -0.0011354    -0.0019703    -0.0027232    -0.0033929    -0.0039781    -0.0044780    -0.0048922    -0.0052211    -0.0054661    -0.0056295    -0.0057147    -0.0057265    -0.0056706    -0.0055541    -0.0053847    -0.0051707    -0.0049210    -0.0046442    -0.0043488    -0.0040427    -0.0037328    -0.0034251    -0.0031246    -0.0028351    -0.0025594    -0.0022994    -0.0020563    -0.0018307    -0.0016227    -0.0014321    -0.0012582    -0.0011006    -0.0009584    -0.0008308
     0.0000090     0.0000715     0.0002402     0.0005652     0.0010936     0.0018680     0.0029256     0.0042971     0.0060059     0.0080671     0.0104867     0.0132611     0.0163764     0.0198084     0.0235224     0.0274734     0.0316074     0.0358614     0.0401661     0.0444467     0.0486257     0.0526255     0.0563708     0.0597916     0.0628259     0.0654217     0.0675394     0.0691525     0.0702484     0.0708281     0.0709053     0.0705048     0.0696604     0.0684133     0.0668089     0.0648957     0.0627224     0.0603367     0.0577841     0.0551065     0.0523422     0.0495251     0.0466847     0.0438464     0.0410312     0.0382569     0.0355375     0.0328843     0.0303057     0.0278082     0.0253963     0.0230727     0.0208393     0.0186968     0.0166449     0.0146833     0.0128108     0.0110264     0.0093290     0.0077174     0.0061908     0.0047487     0.0033907     0.0021170     0.0009283    -0.0001747    -0.0011906    -0.0021179    -0.0029551    -0.0037004    -0.0043524    -0.0049101    -0.0053730    -0.0057415    -0.0060169    -0.0062018    -0.0063000    -0.0063166    -0.0062580    -0.0061319    -0.0059470    -0.0057124    -0.0054379    -0.0051333    -0.0048077    -0.0044701    -0.0041281    -0.0037884    -0.0034564    -0.0031365    -0.0028318    -0.0025444    -0.0022756    -0.0020262    -0.0017961    -0.0015852    -0.0013929    -0.0012185    -0.0010611    -0.0009199
