     0.0000000     0.0000000     0.0000000     0.0000000     0.0000001     0.0000001     0.0000002     0.0000003     0.0000004     0.0000004     0.0000005     0.0000006     0.0000006     0.0000006     0.0000006     0.0000006     0.0000006     0.0000006     0.0000006     0.0000006     0.0000005     0.0000005     0.0000005     0.0000004     0.0000004     0.0000004     0.0000003     0.0000003     0.0000003     0.0000003     0.0000002     0.0000002     0.0000002     0.0000002     0.0000002     0.0000002     0.0000001     0.0000001     0.0000001     0.0000001     0.0000001     0.0000001     0.0000001     0.0000001     0.0000001     0.0000001     0.0000001     0.0000000     0.0000000     0.0000000     0.0000000     0.0000000     0.0000000     0.0000000     0.0000000     0.0000000     0.0000000     0.0000000     0.0000000     0.0000000     0.0000000     0.0000000    -0.0000000    -0.0000000    -0.0000000    -0.0000000    -0.0000000    -0.0000000    -0.0000000    -0.0000000    -0.0000000    -0.0000000    -0.0000000    -0.0000000    -0.0000000    -0.0000000    -0.0000000    -0.0000000    -0.0000000    -0.0000000    -0.0000000    -0.0000000    -0.0000000    -0.0000000    -0.0000000    -0.0000000    -0.0000000    -0.0000000    -0.0000000    -0.0000000    -0.0000000    -0.0000000    -0.0000000    -0.0000000    -0.0000000    -0.0000000    -0.0000000    -0.0000000    -0.0000000    -0.0000000
     0.0000000     0.0000000     0.0000002     0.0000005     0.0000011     0.0000020     0.0000032     0.0000044     0.0000057     0.0000069     0.0000080     0.0000089     0.0000095     0.0000099     0.0000101     0.0000101     0.0000099     0.0000096     0.0000092     0.0000088     0.0000083     0.0000078     0.0000073     0.0000068     0.0000063     0.0000058     0.0000054     0.0000050     0.0000046     0.0000042     0.0000038     0.0000035     0.0000032     0.0000030     0.0000027     0.0000025     0.0000023     0.0000021     0.0000019     0.0000017     0.0000016     0.0000014     0.0000013     0.0000012     0.0000010     0.0000009     0.0000008     0.0000007     0.0000007     0.0000006     0.0000005     0.0000004     0.0000004     0.0000003     0.0000003     0.0000002     0.0000002     0.0000001     0.0000001     0.0000001     0.0000000     0.0000000    -0.0000000    -0.0000000    -0.0000000    -0.0000000    -0.0000000    -0.0000000    -0.0000000    -0.0000000    -0.0000000    -0.0000000    -0.0000000    -0.0000000    -0.0000000    -0.0000000    -0.0000000    -0.0000000    -0.0000000    -0.0000000    -0.0000000    -0.0000000    -0.0000000    -0.0000000    -0.0000000    -0.0000000    -0.0000000    -0.0000000    -0.0000000    -0.0000000    -0.0000000    -0.0000000    -0.0000000    -0.0000000    -0.0000000    -0.0000000    -0.0000000    -0.0000000    -0.0000000    -0.0000000
     0.0000000     0.0000002     0.0000009     0.0000025     0.0000054     0.0000097     0.0000151     0.0000212     0.0000275     0.0000336     0.0000390     0.0000434     0.0000467     0.0000488     0.0000498     0.0000499     0.0000492     0.0000478     0.0000460     0.0000439     0.0000415     0.0000390     0.0000365     0.0000340     0.0000316     0.0000293     0.0000270     0.0000249     0.0000229     0.0000211     0.0000194     0.0000178     0.0000163     0.0000149     0.0000137     0.0000125     0.0000114     0.0000104     0.0000095     0.0000086     0.0000079     0.0000071     0.0000065     0.0000058     0.0000053     0.0000047     0.0000042     0.0000038     0.0000033     0.0000029     0.0000026     0.0000022     0.0000019     0.0000016     0.0000013     0.0000011     0.0000009     0.0000007     0.0000005     0.0000003     0.0000002     0.0000001    -0.0000000    -0.0000001    -0.0000001    -0.0000002    -0.0000002    -0.0000002    -0.0000002    -0.0000002    -0.0000002    -0.0000002    -0.0000002    -0.0000002    -0.0000001    -0.0000001    -0.0000001    -0.0000001    -0.0000001    -0.0000001    -0.0000001    -0.0000000    -0.0000000    -0.0000000    -0.0000000    -0.0000000    -0.0000000    -0.0000000    -0.0000000    -0.0000000    -0.0000000    -0.0000000    -0.0000000    -0.0000000    -0.0000000    -0.0000000    -0.0000000    -0.0000000    -0.0000000    -0.0000000
     0.0000000     0.0000005     0.0000025     0.0000073     0.0000157     0.0000280     0.0000439     0.0000622     0.0000814     0.0001000     0.0001168     0.0001307     0.0001412     0.0001483     0.0001521     0.0001529     0.0001513     0.0001476     0.0001423     0.0001360     0.0001289     0.0001215     0.0001138     0.0001062     0.0000987     0.0000915     0.0000846     0.0000781     0.0000719     0.0000662     0.0000608     0.0000558     0.0000512     0.0000469     0.0000429     0.0000393     0.0000359     0.0000328     0.0000299     0.0000272     0.0000248     0.0000225     0.0000204     0.0000184     0.0000166     0.0000149     0.0000133     0.0000119     0.0000105     0.0000093     0.0000081     0.0000070     0.0000060     0.0000051     0.0000042     0.0000034     0.0000027     0.0000021     0.0000015     0.0000010     0.0000006     0.0000003    -0.0000000    -0.0000003    -0.0000004    -0.0000006    -0.0000006    -0.0000007    -0.0000007    -0.0000007    -0.0000006    -0.0000006    -0.0000005    -0.0000005    -0.0000004    -0.0000004    -0.0000003    -0.0000003    -0.0000003    -0.0000002    -0.0000002    -0.0000002    -0.0000001    -0.0000001    -0.0000001    -0.0000001    -0.0000001    -0.0000000    -0.0000000    -0.0000000    -0.0000000    -0.0000000    -0.0000000    -0.0000000    -0.0000000    -0.0000000    -0.0000000    -0.0000000    -0.0000000    -0.0000000
     0.0000001     0.0000011     0.0000054     0.0000157     0.0000340     0.0000614     0.0000969     0.0001384     0.0001826     0.0002262     0.0002660     0.0002998     0.0003261     0.0003446     0.0003553     0.0003589     0.0003565     0.0003491     0.0003379     0.0003238     0.0003078     0.0002906     0.0002729     0.0002551     0.0002375     0.0002204     0.0002041     0.0001885     0.0001739     0.0001601     0.0001472     0.0001352     0.0001241     0.0001138     0.0001042     0.0000954     0.0000872     0.0000797     0.0000727     0.0000662     0.0000602     0.0000547     0.0000496     0.0000448     0.0000404     0.0000363     0.0000325     0.0000289     0.0000256     0.0000225     0.0000197     0.0000170     0.0000146     0.0000123     0.0000103     0.0000084     0.0000066     0.0000051     0.0000037     0.0000025     0.0000015     0.0000007    -0.0000001    -0.0000006    -0.0000010    -0.0000013    -0.0000015    -0.0000016    -0.0000017    -0.0000016    -0.0000016    -0.0000015    -0.0000013    -0.0000012    -0.0000011    -0.0000009    -0.0000008    -0.0000007    -0.0000006    -0.0000005    -0.0000005    -0.0000004    -0.0000003    -0.0000003    -0.0000002    -0.0000002    -0.0000001    -0.0000001    -0.0000001    -0.0000001    -0.0000001    -0.0000000    -0.0000000    -0.0000000    -0.0000000    -0.0000000    -0.0000000    -0.0000000    -0.0000000    -0.0000000
     0.0000001     0.0000020     0.0000097     0.0000280     0.0000614     0.0001117     0.0001779     0.0002565     0.0003417     0.0004271     0.0005069     0.0005761     0.0006317     0.0006723     0.0006977     0.0007090     0.0007079     0.0006964     0.0006768     0.0006510     0.0006208     0.0005879     0.0005534     0.0005184     0.0004836     0.0004496     0.0004169     0.0003857     0.0003561     0.0003282     0.0003021     0.0002777     0.0002551     0.0002340     0.0002145     0.0001964     0.0001797     0.0001642     0.0001498     0.0001366     0.0001243     0.0001129     0.0001023     0.0000925     0.0000834     0.0000750     0.0000671     0.0000598     0.0000530     0.0000466     0.0000407     0.0000353     0.0000302     0.0000255     0.0000212     0.0000173     0.0000138     0.0000106     0.0000078     0.0000053     0.0000031     0.0000014    -0.0000001    -0.0000013    -0.0000021    -0.0000028    -0.0000032    -0.0000034    -0.0000034    -0.0000034    -0.0000032    -0.0000030    -0.0000028    -0.0000025    -0.0000022    -0.0000020    -0.0000017    -0.0000015    -0.0000013    -0.0000011    -0.0000009    -0.0000008    -0.0000007    -0.0000006    -0.0000005    -0.0000004    -0.0000003    -0.0000003    -0.0000002    -0.0000002    -0.0000001    -0.0000001    -0.0000001    -0.0000001    -0.0000000    -0.0000000    -0.0000000    -0.0000000    -0.0000000    -0.0000000
     0.0000002     0.0000032     0.0000151     0.0000439     0.0000969     0.0001779     0.0002864     0.0004172     0.0005616     0.0007094     0.0008504     0.0009758     0.0010797     0.0011586     0.0012115     0.0012396     0.0012454     0.0012320     0.0012032     0.0011623     0.0011128     0.0010573     0.0009982     0.0009375     0.0008767     0.0008168     0.0007587     0.0007030     0.0006500     0.0005999     0.0005528     0.0005087     0.0004676     0.0004294     0.0003939     0.0003609     0.0003303     0.0003020     0.0002758     0.0002515     0.0002289     0.0002080     0.0001887     0.0001706     0.0001539     0.0001383     0.0001239     0.0001104     0.0000978     0.0000861     0.0000753     0.0000652     0.0000558     0.0000472     0.0000393     0.0000320     0.0000255     0.0000196     0.0000144     0.0000098     0.0000058     0.0000025    -0.0000002    -0.0000023    -0.0000040    -0.0000051    -0.0000059    -0.0000062    -0.0000063    -0.0000062    -0.0000059    -0.0000055    -0.0000051    -0.0000046    -0.0000041    -0.0000036    -0.0000032    -0.0000028    -0.0000024    -0.0000020    -0.0000017    -0.0000015    -0.0000012    -0.0000010    -0.0000008    -0.0000007    -0.0000006    -0.0000005    -0.0000004    -0.0000003    -0.0000002    -0.0000002    -0.0000001    -0.0000001    -0.0000001    -0.0000001    -0.0000000    -0.0000000    -0.0000000    -0.0000000
     0.0000003     0.0000044     0.0000212     0.0000622     0.0001384     0.0002565     0.0004172     0.0006143     0.0008364     0.0010685     0.0012950     0.0015019     0.0016785     0.0018179     0.0019173     0.0019772     0.0020004     0.0019916     0.0019560     0.0018992     0.0018263     0.0017421     0.0016505     0.0015549     0.0014580     0.0013617     0.0012676     0.0011767     0.0010898     0.0010073     0.0009295     0.0008564     0.0007881     0.0007243     0.0006650     0.0006098     0.0005585     0.0005110     0.0004669     0.0004260     0.0003880     0.0003527     0.0003200     0.0002895     0.0002612     0.0002349     0.0002104     0.0001875     0.0001662     0.0001464     0.0001280     0.0001108     0.0000950     0.0000803     0.0000669     0.0000546     0.0000434     0.0000334     0.0000245     0.0000167     0.0000100     0.0000043    -0.0000003    -0.0000039    -0.0000067    -0.0000087    -0.0000099    -0.0000106    -0.0000108    -0.0000106    -0.0000101    -0.0000094    -0.0000086    -0.0000078    -0.0000070    -0.0000062    -0.0000054    -0.0000047    -0.0000040    -0.0000035    -0.0000029    -0.0000025    -0.0000021    -0.0000017    -0.0000014    -0.0000012    -0.0000010    -0.0000008    -0.0000006    -0.0000005    -0.0000004    -0.0000003    -0.0000002    -0.0000002    -0.0000001    -0.0000001    -0.0000001    -0.0000001    -0.0000000    -0.0000000
     0.0000004     0.0000057     0.0000275     0.0000814     0.0001826     0.0003417     0.0005616     0.0008364     0.0011521     0.0014893     0.0018262     0.0021422     0.0024202     0.0026481     0.0028195     0.0029330     0.0029910     0.0029992     0.0029645     0.0028949     0.0027981     0.0026812     0.0025505     0.0024113     0.0022681     0.0021242     0.0019822     0.0018441     0.0017112     0.0015845     0.0014643     0.0013511     0.0012448     0.0011454     0.0010525     0.0009661     0.0008856     0.0008108     0.0007413     0.0006768     0.0006168     0.0005610     0.0005092     0.0004609     0.0004160     0.0003742     0.0003353     0.0002989     0.0002651     0.0002336     0.0002042     0.0001769     0.0001516     0.0001283     0.0001068     0.0000872     0.0000694     0.0000534     0.0000392     0.0000267     0.0000160     0.0000070    -0.0000004    -0.0000062    -0.0000107    -0.0000138    -0.0000158    -0.0000169    -0.0000172    -0.0000169    -0.0000161    -0.0000150    -0.0000138    -0.0000125    -0.0000111    -0.0000098    -0.0000086    -0.0000075    -0.0000064    -0.0000055    -0.0000047    -0.0000040    -0.0000033    -0.0000028    -0.0000023    -0.0000019    -0.0000016    -0.0000013    -0.0000010    -0.0000008    -0.0000006    -0.0000005    -0.0000004    -0.0000003    -0.0000002    -0.0000002    -0.0000001    -0.0000001    -0.0000001    -0.0000001
     0.0000004     0.0000069     0.0000336     0.0001000     0.0002262     0.0004271     0.0007094     0.0010685     0.0014893     0.0019486     0.0024186     0.0028710     0.0032810     0.0036295     0.0039042     0.0041001     0.0042178     0.0042629     0.0042439     0.0041710     0.0040547     0.0039051     0.0037317     0.0035424     0.0033439     0.0031416     0.0029399     0.0027419     0.0025500     0.0023657     0.0021902     0.0020240     0.0018674     0.0017204     0.0015828     0.0014542     0.0013343     0.0012227     0.0011187     0.0010220     0.0009320     0.0008483     0.0007703     0.0006977     0.0006300     0.0005669     0.0005081     0.0004532     0.0004021     0.0003544     0.0003099     0.0002686     0.0002303     0.0001949     0.0001623     0.0001325     0.0001055     0.0000812     0.0000596     0.0000407     0.0000245     0.0000108    -0.0000005    -0.0000094    -0.0000161    -0.0000209    -0.0000240    -0.0000256    -0.0000261    -0.0000256    -0.0000244    -0.0000228    -0.0000209    -0.0000189    -0.0000169    -0.0000149    -0.0000131    -0.0000114    -0.0000098    -0.0000084    -0.0000071    -0.0000060    -0.0000051    -0.0000042    -0.0000035    -0.0000029    -0.0000024    -0.0000019    -0.0000015    -0.0000012    -0.0000010    -0.0000008    -0.0000006    -0.0000005    -0.0000004    -0.0000003    -0.0000002    -0.0000002    -0.0000001    -0.0000001
     0.0000005     0.0000080     0.0000390     0.0001168     0.0002660     0.0005069     0.0008504     0.0012950     0.0018262     0.0024186     0.0030390     0.0036518     0.0042235     0.0047260     0.0051394     0.0054525     0.0056622     0.0057725     0.0057921     0.0057331     0.0056088     0.0054329     0.0052180     0.0049757     0.0047158     0.0044465     0.0041741     0.0039040     0.0036398     0.0033843     0.0031394     0.0029064     0.0026858     0.0024778     0.0022826     0.0020996     0.0019285     0.0017688     0.0016198     0.0014810     0.0013515     0.0012309     0.0011184     0.0010136     0.0009157     0.0008245     0.0007392     0.0006597     0.0005855     0.0005162     0.0004516     0.0003916     0.0003359     0.0002843     0.0002369     0.0001935     0.0001541     0.0001187     0.0000872     0.0000597     0.0000359     0.0000159    -0.0000005    -0.0000135    -0.0000234    -0.0000304    -0.0000349    -0.0000373    -0.0000380    -0.0000373    -0.0000356    -0.0000333    -0.0000305    -0.0000276    -0.0000246    -0.0000218    -0.0000191    -0.0000166    -0.0000143    -0.0000122    -0.0000104    -0.0000088    -0.0000074    -0.0000062    -0.0000051    -0.0000042    -0.0000034    -0.0000028    -0.0000022    -0.0000018    -0.0000014    -0.0000011    -0.0000009    -0.0000007    -0.0000005    -0.0000004    -0.0000003    -0.0000002    -0.0000002    -0.0000001
     0.0000006     0.0000089     0.0000434     0.0001307     0.0002998     0.0005761     0.0009758     0.0015019     0.0021422     0.0028710     0.0036518     0.0044427     0.0052011     0.0058893     0.0064777     0.0069465     0.0072866     0.0074978     0.0075877     0.0075688     0.0074567     0.0072684     0.0070204     0.0067282     0.0064053     0.0060636     0.0057124     0.0053596     0.0050109     0.0046708     0.0043425     0.0040281     0.0037290     0.0034458     0.0031788     0.0029278     0.0026924     0.0024721     0.0022661     0.0020736     0.0018939     0.0017261     0.0015695     0.0014232     0.0012866     0.0011590     0.0010397     0.0009283     0.0008242     0.0007270     0.0006363     0.0005519     0.0004736     0.0004011     0.0003343     0.0002732     0.0002177     0.0001678     0.0001234     0.0000845     0.0000510     0.0000228    -0.0000004    -0.0000188    -0.0000327    -0.0000427    -0.0000491    -0.0000525    -0.0000535    -0.0000525    -0.0000502    -0.0000469    -0.0000430    -0.0000389    -0.0000347    -0.0000307    -0.0000269    -0.0000233    -0.0000201    -0.0000173    -0.0000147    -0.0000124    -0.0000104    -0.0000087    -0.0000072    -0.0000059    -0.0000049    -0.0000039    -0.0000032    -0.0000025    -0.0000020    -0.0000016    -0.0000012    -0.0000010    -0.0000007    -0.0000006    -0.0000004    -0.0000003    -0.0000002    -0.0000002
     0.0000006     0.0000095     0.0000467     0.0001412     0.0003261     0.0006317     0.0010797     0.0016785     0.0024202     0.0032810     0.0042235     0.0052011     0.0061637     0.0070638     0.0078606     0.0085243     0.0090365     0.0093906     0.0095902     0.0096466     0.0095763     0.0093988     0.0091344     0.0088028     0.0084220     0.0080079     0.0075739     0.0071310     0.0066880     0.0062515     0.0058265     0.0054167     0.0050244     0.0046512     0.0042976     0.0039640     0.0036501     0.0033553     0.0030790     0.0028202     0.0025781     0.0023516     0.0021398     0.0019418     0.0017565     0.0015832     0.0014211     0.0012695     0.0011277     0.0009952     0.0008715     0.0007562     0.0006492     0.0005500     0.0004587     0.0003751     0.0002991     0.0002307     0.0001698     0.0001165     0.0000705     0.0000318    -0.0000001    -0.0000253    -0.0000445    -0.0000582    -0.0000670    -0.0000718    -0.0000731    -0.0000719    -0.0000687    -0.0000642    -0.0000589    -0.0000533    -0.0000476    -0.0000420    -0.0000368    -0.0000320    -0.0000276    -0.0000237    -0.0000201    -0.0000170    -0.0000143    -0.0000119    -0.0000099    -0.0000082    -0.0000067    -0.0000054    -0.0000043    -0.0000035    -0.0000028    -0.0000022    -0.0000017    -0.0000013    -0.0000010    -0.0000008    -0.0000006    -0.0000004    -0.0000003    -0.0000002
     0.0000006     0.0000099     0.0000488     0.0001483     0.0003446     0.0006723     0.0011586     0.0018179     0.0026481     0.0036295     0.0047260     0.0058893     0.0070638     0.0081930     0.0092254     0.0101193     0.0108452     0.0113871     0.0117417     0.0119164     0.0119266     0.0117928     0.0115385     0.0111871     0.0107616     0.0102823     0.0097674     0.0092320     0.0086883     0.0081464     0.0076136     0.0070955     0.0065962     0.0061182     0.0056632     0.0052320     0.0048246     0.0044408     0.0040799     0.0037411     0.0034233     0.0031254     0.0028463     0.0025848     0.0023399     0.0021104     0.0018955     0.0016942     0.0015058     0.0013296     0.0011649     0.0010114     0.0008686     0.0007363     0.0006144     0.0005027     0.0004011     0.0003096     0.0002282     0.0001568     0.0000952     0.0000433     0.0000006    -0.0000333    -0.0000590    -0.0000774    -0.0000894    -0.0000958    -0.0000976    -0.0000960    -0.0000918    -0.0000858    -0.0000788    -0.0000712    -0.0000636    -0.0000562    -0.0000493    -0.0000428    -0.0000369    -0.0000317    -0.0000270    -0.0000228    -0.0000192    -0.0000160    -0.0000133    -0.0000109    -0.0000089    -0.0000072    -0.0000058    -0.0000047    -0.0000037    -0.0000029    -0.0000023    -0.0000018    -0.0000013    -0.0000010    -0.0000008    -0.0000006    -0.0000004    -0.0000003
     0.0000006     0.0000101     0.0000498     0.0001521     0.0003553     0.0006977     0.0012115     0.0019173     0.0028195     0.0039042     0.0051394     0.0064777     0.0078606     0.0092254     0.0105108     0.0116628     0.0126395     0.0134132     0.0139706     0.0143121     0.0144492     0.0144014     0.0141933     0.0138519     0.0134041     0.0128755     0.0122891     0.0116650     0.0110201     0.0103679     0.0097193     0.0090827     0.0084641     0.0078680     0.0072972     0.0067535     0.0062376     0.0057497     0.0052894     0.0048559     0.0044482     0.0040652     0.0037056     0.0033680     0.0030512     0.0027540     0.0024753     0.0022138     0.0019688     0.0017393     0.0015248     0.0013245     0.0011382     0.0009654     0.0008060     0.0006598     0.0005268     0.0004070     0.0003003     0.0002067     0.0001260     0.0000578     0.0000018    -0.0000428    -0.0000766    -0.0001009    -0.0001166    -0.0001251    -0.0001276    -0.0001256    -0.0001201    -0.0001123    -0.0001031    -0.0000932    -0.0000833    -0.0000736    -0.0000645    -0.0000561    -0.0000484    -0.0000415    -0.0000353    -0.0000299    -0.0000251    -0.0000210    -0.0000174    -0.0000143    -0.0000117    -0.0000095    -0.0000076    -0.0000061    -0.0000048    -0.0000038    -0.0000030    -0.0000023    -0.0000018    -0.0000013    -0.0000010    -0.0000008    -0.0000006    -0.0000004
     0.0000006     0.0000101     0.0000499     0.0001529     0.0003589     0.0007090     0.0012396     0.0019772     0.0029330     0.0041001     0.0054525     0.0069465     0.0085243     0.0101193     0.0116628     0.0130901     0.0143464     0.0153905     0.0161968     0.0167557     0.0170713     0.0171591     0.0170427     0.0167506     0.0163133     0.0157608     0.0151214     0.0144206     0.0136803     0.0129189     0.0121514     0.0113895     0.0106424     0.0099167     0.0092172     0.0085471     0.0079081     0.0073011     0.0067263     0.0061832     0.0056709     0.0051883     0.0047340     0.0043067     0.0039050     0.0035275     0.0031728     0.0028396     0.0025270     0.0022339     0.0019595     0.0017032     0.0014644     0.0012429     0.0010383     0.0008506     0.0006797     0.0005256     0.0003883     0.0002678     0.0001638     0.0000759     0.0000037    -0.0000538    -0.0000976    -0.0001289    -0.0001493    -0.0001604    -0.0001638    -0.0001612    -0.0001542    -0.0001443    -0.0001325    -0.0001198    -0.0001071    -0.0000947    -0.0000830    -0.0000721    -0.0000623    -0.0000534    -0.0000455    -0.0000385    -0.0000323    -0.0000270    -0.0000224    -0.0000184    -0.0000151    -0.0000122    -0.0000098    -0.0000079    -0.0000062    -0.0000049    -0.0000038    -0.0000030    -0.0000023    -0.0000017    -0.0000013    -0.0000010    -0.0000007    -0.0000005
     0.0000006     0.0000099     0.0000492     0.0001513     0.0003565     0.0007079     0.0012454     0.0020004     0.0029910     0.0042178     0.0056622     0.0072866     0.0090365     0.0108452     0.0126395     0.0143464     0.0158992     0.0172431     0.0183385     0.0191628     0.0197097     0.0199874     0.0200153     0.0198210     0.0194366     0.0188959     0.0182319     0.0174754     0.0166541     0.0157916     0.0149080     0.0140193     0.0131384     0.0122749     0.0114363     0.0106275     0.0098520     0.0091117     0.0084077     0.0077399     0.0071079     0.0065108     0.0059473     0.0054160     0.0049155     0.0044441     0.0040004     0.0035831     0.0031909     0.0028228     0.0024777     0.0021550     0.0018540     0.0015746     0.0013163     0.0010791     0.0008630     0.0006681     0.0004943     0.0003416     0.0002097     0.0000983     0.0000066    -0.0000665    -0.0001221    -0.0001620    -0.0001880    -0.0002022    -0.0002067    -0.0002036    -0.0001949    -0.0001823    -0.0001675    -0.0001516    -0.0001354    -0.0001198    -0.0001050    -0.0000913    -0.0000788    -0.0000676    -0.0000575    -0.0000487    -0.0000409    -0.0000342    -0.0000283    -0.0000233    -0.0000191    -0.0000155    -0.0000125    -0.0000100    -0.0000079    -0.0000062    -0.0000048    -0.0000038    -0.0000029    -0.0000022    -0.0000017    -0.0000012    -0.0000009    -0.0000007
     0.0000006     0.0000096     0.0000478     0.0001476     0.0003491     0.0006964     0.0012320     0.0019916     0.0029992     0.0042629     0.0057725     0.0074978     0.0093906     0.0113871     0.0134132     0.0153905     0.0172431     0.0189035     0.0203179     0.0214489     0.0222769     0.0227994     0.0230283     0.0229870     0.0227068     0.0222231     0.0215728     0.0207916     0.0199128     0.0189660     0.0179765     0.0169658     0.0159511     0.0149461     0.0139613     0.0130044     0.0120810     0.0111947     0.0103476     0.0095408     0.0087744     0.0080478     0.0073601     0.0067100     0.0060961     0.0055167     0.0049703     0.0044555     0.0039710     0.0035154     0.0030879     0.0026875     0.0023139     0.0019664     0.0016451     0.0013497     0.0010805     0.0008373     0.0006205     0.0004297     0.0002650     0.0001256     0.0000108    -0.0000807    -0.0001505    -0.0002006    -0.0002333    -0.0002512    -0.0002571    -0.0002533    -0.0002426    -0.0002271    -0.0002087    -0.0001889    -0.0001688    -0.0001493    -0.0001309    -0.0001138    -0.0000983    -0.0000843    -0.0000718    -0.0000608    -0.0000511    -0.0000426    -0.0000354    -0.0000291    -0.0000238    -0.0000193    -0.0000156    -0.0000124    -0.0000099    -0.0000078    -0.0000061    -0.0000047    -0.0000036    -0.0000027    -0.0000021    -0.0000015    -0.0000011    -0.0000008
     0.0000006     0.0000092     0.0000460     0.0001423     0.0003379     0.0006768     0.0012032     0.0019560     0.0029645     0.0042439     0.0057921     0.0075877     0.0095902     0.0117417     0.0139706     0.0161968     0.0183385     0.0203179     0.0220677     0.0235356     0.0246869     0.0255054     0.0259920     0.0261625     0.0260440     0.0256710     0.0250822     0.0243172     0.0234144     0.0224091     0.0213327     0.0202123     0.0190705     0.0179257     0.0167923     0.0156817     0.0146019     0.0135590     0.0125568     0.0115977     0.0106827     0.0098122     0.0089855     0.0082017     0.0074595     0.0067575     0.0060941     0.0054679     0.0048773     0.0043213     0.0037986     0.0033087     0.0028508     0.0024246     0.0020300     0.0016670     0.0013357     0.0010364     0.0007692     0.0005341     0.0003308     0.0001587     0.0000168    -0.0000963    -0.0001827    -0.0002449    -0.0002856    -0.0003081    -0.0003155    -0.0003112    -0.0002982    -0.0002792    -0.0002567    -0.0002324    -0.0002077    -0.0001838    -0.0001611    -0.0001401    -0.0001210    -0.0001038    -0.0000884    -0.0000748    -0.0000629    -0.0000525    -0.0000436    -0.0000359    -0.0000293    -0.0000238    -0.0000192    -0.0000153    -0.0000122    -0.0000096    -0.0000075    -0.0000058    -0.0000044    -0.0000034    -0.0000025    -0.0000019    -0.0000014    -0.0000010
     0.0000006     0.0000088     0.0000439     0.0001360     0.0003238     0.0006510     0.0011623     0.0018992     0.0028949     0.0041710     0.0057331     0.0075688     0.0096466     0.0119164     0.0143121     0.0167557     0.0191628     0.0214489     0.0235356     0.0253566     0.0268617     0.0280190     0.0288156     0.0292561     0.0293597     0.0291569     0.0286854     0.0279868     0.0271031     0.0260751     0.0249399     0.0237308     0.0224762     0.0212000     0.0199215     0.0186560     0.0174155     0.0162086     0.0150416     0.0139188     0.0128427     0.0118145     0.0108346     0.0099025     0.0090173     0.0081778     0.0073827     0.0066304     0.0059197     0.0052494     0.0046184     0.0040260     0.0034717     0.0029551     0.0024762     0.0020353     0.0016326     0.0012684     0.0009430     0.0006564     0.0004085     0.0001984     0.0000251    -0.0001133    -0.0002191    -0.0002953    -0.0003454    -0.0003731    -0.0003826    -0.0003777    -0.0003621    -0.0003392    -0.0003119    -0.0002825    -0.0002526    -0.0002235    -0.0001960    -0.0001705    -0.0001473    -0.0001263    -0.0001076    -0.0000911    -0.0000766    -0.0000640    -0.0000531    -0.0000437    -0.0000357    -0.0000290    -0.0000234    -0.0000187    -0.0000148    -0.0000117    -0.0000091    -0.0000070    -0.0000054    -0.0000041    -0.0000031    -0.0000023    -0.0000017    -0.0000013
     0.0000005     0.0000083     0.0000415     0.0001289     0.0003078     0.0006208     0.0011128     0.0018263     0.0027981     0.0040547     0.0056088     0.0074567     0.0095763     0.0119266     0.0144492     0.0170713     0.0197097     0.0222769     0.0246869     0.0268617     0.0287363     0.0302630     0.0314129     0.0321764     0.0325615     0.0325908     0.0322978     0.0317231     0.0309107     0.0299051     0.0287489     0.0274812     0.0261368     0.0247453     0.0233318     0.0219165     0.0205156     0.0191415     0.0178035     0.0165082     0.0152603     0.0140624     0.0129160     0.0118217     0.0107791     0.0097874     0.0088458     0.0079528     0.0071075     0.0063086     0.0055553     0.0048470     0.0041833     0.0035639     0.0029892     0.0024594     0.0019750     0.0015366     0.0011445     0.0007989     0.0004996     0.0002458     0.0000363    -0.0001312    -0.0002595    -0.0003520    -0.0004130    -0.0004470    -0.0004589    -0.0004534    -0.0004349    -0.0004077    -0.0003750    -0.0003397    -0.0003039    -0.0002689    -0.0002359    -0.0002052    -0.0001773    -0.0001521    -0.0001296    -0.0001097    -0.0000923    -0.0000771    -0.0000639    -0.0000527    -0.0000431    -0.0000350    -0.0000282    -0.0000225    -0.0000179    -0.0000141    -0.0000110    -0.0000085    -0.0000065    -0.0000050    -0.0000037    -0.0000028    -0.0000021    -0.0000015
     0.0000005     0.0000078     0.0000390     0.0001215     0.0002906     0.0005879     0.0010573     0.0017421     0.0026812     0.0039051     0.0054329     0.0072684     0.0093988     0.0117928     0.0144014     0.0171591     0.0199874     0.0227994     0.0255054     0.0280190     0.0302630     0.0321744     0.0337080     0.0348382     0.0355584     0.0358800     0.0358284     0.0354400     0.0347580     0.0338286     0.0326985     0.0314119     0.0300096     0.0285276     0.0269970     0.0254436     0.0238887     0.0223492     0.0208380     0.0193651     0.0179374     0.0165599     0.0152356     0.0139663     0.0127527     0.0115947     0.0104920     0.0094436     0.0084489     0.0075069     0.0066170     0.0057788     0.0049921     0.0042571     0.0035741     0.0029438     0.0023669     0.0018442     0.0013763     0.0009635     0.0006057     0.0003020     0.0000510    -0.0001498    -0.0003038    -0.0004151    -0.0004887    -0.0005301    -0.0005449    -0.0005388    -0.0005173    -0.0004851    -0.0004464    -0.0004045    -0.0003619    -0.0003204    -0.0002811    -0.0002446    -0.0002113    -0.0001813    -0.0001546    -0.0001309    -0.0001101    -0.0000920    -0.0000763    -0.0000628    -0.0000514    -0.0000417    -0.0000336    -0.0000269    -0.0000213    -0.0000168    -0.0000131    -0.0000101    -0.0000078    -0.0000059    -0.0000045    -0.0000033    -0.0000025    -0.0000018
     0.0000005     0.0000073     0.0000365     0.0001138     0.0002729     0.0005534     0.0009982     0.0016505     0.0025505     0.0037317     0.0052180     0.0070204     0.0091344     0.0115385     0.0141933     0.0170427     0.0200153     0.0230283     0.0259920     0.0288156     0.0314129     0.0337080     0.0356403     0.0371673     0.0382664     0.0389341     0.0391847     0.0390466     0.0385584     0.0377656     0.0367166     0.0354596     0.0340407     0.0325019     0.0308804     0.0292084     0.0275128     0.0258156     0.0241344     0.0224828     0.0208711     0.0193070     0.0177955     0.0163404     0.0149435     0.0136060     0.0123282     0.0111101     0.0099513     0.0088516     0.0078105     0.0068281     0.0059045     0.0050403     0.0042361     0.0034931     0.0028122     0.0021946     0.0016411     0.0011524     0.0007284     0.0003682     0.0000702    -0.0001686    -0.0003519    -0.0004847    -0.0005728    -0.0006227    -0.0006409    -0.0006345    -0.0006095    -0.0005720    -0.0005266    -0.0004773    -0.0004272    -0.0003783    -0.0003319    -0.0002889    -0.0002497    -0.0002143    -0.0001827    -0.0001547    -0.0001301    -0.0001087    -0.0000902    -0.0000743    -0.0000608    -0.0000494    -0.0000398    -0.0000318    -0.0000252    -0.0000199    -0.0000155    -0.0000120    -0.0000092    -0.0000070    -0.0000053    -0.0000040    -0.0000029    -0.0000022
     0.0000004     0.0000068     0.0000340     0.0001062     0.0002551     0.0005184     0.0009375     0.0015549     0.0024113     0.0035424     0.0049757     0.0067282     0.0088028     0.0111871     0.0138519     0.0167506     0.0198210     0.0229870     0.0261625     0.0292561     0.0321764     0.0348382     0.0371673     0.0391056     0.0406134     0.0416709     0.0422777     0.0424508     0.0422208     0.0416289     0.0407224     0.0395513     0.0381656     0.0366124     0.0349353     0.0331725     0.0313571     0.0295168     0.0276746     0.0258485     0.0240530     0.0222988     0.0205940     0.0189444     0.0173539     0.0158250     0.0143594     0.0129578     0.0116209     0.0103488     0.0091420     0.0080009     0.0069262     0.0059189     0.0049802     0.0041116     0.0033147     0.0025911     0.0019419     0.0013680     0.0008696     0.0004458     0.0000947    -0.0001869    -0.0004035    -0.0005607    -0.0006654    -0.0007250    -0.0007474    -0.0007407    -0.0007122    -0.0006686    -0.0006159    -0.0005585    -0.0005000    -0.0004428    -0.0003887    -0.0003384    -0.0002925    -0.0002510    -0.0002140    -0.0001813    -0.0001525    -0.0001275    -0.0001058    -0.0000872    -0.0000713    -0.0000579    -0.0000467    -0.0000373    -0.0000296    -0.0000233    -0.0000182    -0.0000141    -0.0000108    -0.0000082    -0.0000062    -0.0000046    -0.0000034    -0.0000025
     0.0000004     0.0000063     0.0000316     0.0000987     0.0002375     0.0004836     0.0008767     0.0014580     0.0022681     0.0033439     0.0047158     0.0064053     0.0084220     0.0107616     0.0134041     0.0163133     0.0194366     0.0227068     0.0260440     0.0293597     0.0325615     0.0355584     0.0382664     0.0406134     0.0425437     0.0440205     0.0450269     0.0455652     0.0456546     0.0453282     0.0446289     0.0436058     0.0423104     0.0407939     0.0391048     0.0372874     0.0353812     0.0334201     0.0314327     0.0294424     0.0274682     0.0255251     0.0236245     0.0217750     0.0199830     0.0182529     0.0165880     0.0149905     0.0134619     0.0120036     0.0106168     0.0093025     0.0080623     0.0068978     0.0058109     0.0048037     0.0038783     0.0030369     0.0022813     0.0016126     0.0010311     0.0005362     0.0001256    -0.0002041    -0.0004580    -0.0006429    -0.0007663    -0.0008372    -0.0008646    -0.0008577    -0.0008254    -0.0007755    -0.0007146    -0.0006483    -0.0005806    -0.0005144    -0.0004515    -0.0003932    -0.0003399    -0.0002918    -0.0002489    -0.0002108    -0.0001774    -0.0001483    -0.0001231    -0.0001014    -0.0000830    -0.0000674    -0.0000543    -0.0000435    -0.0000345    -0.0000272    -0.0000212    -0.0000164    -0.0000126    -0.0000096    -0.0000072    -0.0000054    -0.0000040    -0.0000029
     0.0000004     0.0000058     0.0000293     0.0000915     0.0002204     0.0004496     0.0008168     0.0013617     0.0021242     0.0031416     0.0044465     0.0060636     0.0080079     0.0102823     0.0128755     0.0157608     0.0188959     0.0222231     0.0256710     0.0291569     0.0325908     0.0358800     0.0389341     0.0416709     0.0440205     0.0459299     0.0473648     0.0483112     0.0487737     0.0487739     0.0483466     0.0475365     0.0463940     0.0449719     0.0433226     0.0414955     0.0395359     0.0374841     0.0353747     0.0332371     0.0310956     0.0289698     0.0268753     0.0248242     0.0228259     0.0208873     0.0190138     0.0172093     0.0154770     0.0138194     0.0122387     0.0107372     0.0093173     0.0079815     0.0067324     0.0055732     0.0045066     0.0035355     0.0026622     0.0018885     0.0012149     0.0006409     0.0001642    -0.0002192    -0.0005151    -0.0007309    -0.0008756    -0.0009592    -0.0009924    -0.0009858    -0.0009495    -0.0008927    -0.0008231    -0.0007470    -0.0006692    -0.0005931    -0.0005208    -0.0004536    -0.0003922    -0.0003368    -0.0002873    -0.0002434    -0.0002048    -0.0001712    -0.0001421    -0.0001172    -0.0000959    -0.0000779    -0.0000628    -0.0000502    -0.0000399    -0.0000314    -0.0000245    -0.0000190    -0.0000146    -0.0000111    -0.0000084    -0.0000063    -0.0000046    -0.0000034
     0.0000003     0.0000054     0.0000270     0.0000846     0.0002041     0.0004169     0.0007587     0.0012676     0.0019822     0.0029399     0.0041741     0.0057124     0.0075739     0.0097674     0.0122891     0.0151214     0.0182319     0.0215728     0.0250822     0.0286854     0.0322978     0.0358284     0.0391847     0.0422777     0.0450269     0.0473648     0.0492410     0.0506240     0.0515020     0.0518820     0.0517875     0.0512550     0.0503305     0.0490658     0.0475146     0.0457300     0.0437626     0.0416583     0.0394581     0.0371975     0.0349065     0.0326102     0.0303289     0.0280790     0.0258734     0.0237222     0.0216333     0.0196130     0.0176664     0.0157975     0.0140102     0.0123081     0.0106946     0.0091735     0.0077485     0.0064237     0.0052028     0.0040897     0.0030873     0.0021980     0.0014230     0.0007616     0.0002116    -0.0002314    -0.0005738    -0.0008242    -0.0009928    -0.0010910    -0.0011309    -0.0011250    -0.0010846    -0.0010205    -0.0009414    -0.0008548    -0.0007660    -0.0006791    -0.0005964    -0.0005196    -0.0004494    -0.0003860    -0.0003293    -0.0002790    -0.0002349    -0.0001964    -0.0001630    -0.0001344    -0.0001100    -0.0000894    -0.0000721    -0.0000577    -0.0000458    -0.0000360    -0.0000282    -0.0000218    -0.0000168    -0.0000128    -0.0000096    -0.0000072    -0.0000053    -0.0000039
     0.0000003     0.0000050     0.0000249     0.0000781     0.0001885     0.0003857     0.0007030     0.0011767     0.0018441     0.0027419     0.0039040     0.0053596     0.0071310     0.0092320     0.0116650     0.0144206     0.0174754     0.0207916     0.0243172     0.0279868     0.0317231     0.0354400     0.0390466     0.0424508     0.0455652     0.0483112     0.0506240     0.0524556     0.0537769     0.0545786     0.0548696     0.0546751     0.0540330     0.0529906     0.0516004     0.0499170     0.0479945     0.0458838     0.0436318     0.0412800     0.0388647     0.0364167     0.0339616     0.0315208     0.0291113     0.0267471     0.0244393     0.0221970     0.0200276     0.0179373     0.0159319     0.0140166     0.0121964     0.0104765     0.0088620     0.0073582     0.0059700     0.0047023     0.0035592     0.0025436     0.0016573     0.0009000     0.0002693    -0.0002394    -0.0006335    -0.0009223    -0.0011175    -0.0012321    -0.0012800    -0.0012751    -0.0012307    -0.0011588    -0.0010697    -0.0009717    -0.0008711    -0.0007725    -0.0006786    -0.0005914    -0.0005116    -0.0004395    -0.0003750    -0.0003178    -0.0002676    -0.0002238    -0.0001858    -0.0001532    -0.0001254    -0.0001019    -0.0000822    -0.0000658    -0.0000522    -0.0000411    -0.0000321    -0.0000249    -0.0000191    -0.0000146    -0.0000110    -0.0000082    -0.0000061    -0.0000045
