    -0.0000000    -0.0000000    -0.0000000    -0.0000000    -0.0000000     0.0000000     0.0000000     0.0000000     0.0000000     0.0000000     0.0000000     0.0000000     0.0000000     0.0000000     0.0000000     0.0000000     0.0000000     0.0000000     0.0000000     0.0000000     0.0000000     0.0000000     0.0000000     0.0000000     0.0000000     0.0000000     0.0000000     0.0000000     0.0000000     0.0000000     0.0000000     0.0000000     0.0000000     0.0000000     0.0000000     0.0000000     0.0000000     0.0000000     0.0000000     0.0000000     0.0000000     0.0000000     0.0000000     0.0000000     0.0000000     0.0000000     0.0000000     0.0000000     0.0000000     0.0000000     0.0000000     0.0000000     0.0000000     0.0000000     0.0000000    -0.0000000    -0.0000000    -0.0000000    -0.0000000    -0.0000000    -0.0000000    -0.0000000    -0.0000000    -0.0000000    -0.0000000    -0.0000000    -0.0000000    -0.0000000    -0.0000000    -0.0000000    -0.0000000    -0.0000000    -0.0000000    -0.0000000    -0.0000000    -0.0000000     0.0000000     0.0000000     0.0000000     0.0000000     0.0000000     0.0000000    -0.0000000     0.0000000     0.0000000    -0.0000000    -0.0000000    -0.0000000    -0.0000000    -0.0000000    -0.0000000    -0.0000000    -0.0000000    -0.0000000    -0.0000000    -0.0000000    -0.0000000    -0.0000000    -0.0000000    -0.0000000
    -0.0000000    -0.0000000     0.0000000     0.0000000     0.0000000     0.0000000     0.0000000     0.0000000     0.0000000     0.0000000     0.0000000     0.0000000     0.0000000     0.0000000     0.0000000     0.0000000     0.0000000     0.0000000     0.0000000     0.0000000     0.0000000     0.0000000     0.0000000     0.0000000     0.0000000     0.0000000     0.0000000     0.0000000     0.0000000     0.0000000     0.0000000     0.0000000     0.0000000     0.0000000     0.0000000     0.0000000     0.0000000     0.0000000     0.0000000     0.0000000     0.0000000     0.0000000     0.0000000     0.0000000     0.0000000     0.0000000     0.0000000     0.0000000     0.0000000     0.0000000     0.0000000     0.0000000     0.0000000     0.0000000     0.0000000     0.0000000     0.0000000     0.0000000     0.0000000     0.0000000     0.0000000     0.0000000     0.0000000     0.0000000     0.0000000     0.0000000     0.0000000     0.0000000     0.0000000     0.0000000     0.0000000     0.0000000     0.0000000     0.0000000     0.0000000     0.0000000     0.0000000     0.0000000     0.0000000     0.0000000     0.0000000     0.0000000    -0.0000000    -0.0000000    -0.0000000     0.0000000     0.0000000     0.0000000     0.0000000     0.0000000     0.0000000     0.0000000     0.0000000     0.0000000     0.0000000     0.0000000     0.0000000     0.0000000     0.0000000     0.0000000
    -0.0000000     0.0000000     0.0000000     0.0000000     0.0000000     0.0000000     0.0000000     0.0000000     0.0000000     0.0000000     0.0000000     0.0000000     0.0000000     0.0000000     0.0000000     0.0000000     0.0000000     0.0000000     0.0000000     0.0000000     0.0000000     0.0000000     0.0000000     0.0000000     0.0000000     0.0000000     0.0000000     0.0000000     0.0000000     0.0000000     0.0000000     0.0000000     0.0000000     0.0000000     0.0000000     0.0000000     0.0000000     0.0000000     0.0000000     0.0000000     0.0000000     0.0000000     0.0000000     0.0000000     0.0000000     0.0000000     0.0000000     0.0000000     0.0000000     0.0000000     0.0000000     0.0000000     0.0000000     0.0000000     0.0000000     0.0000000     0.0000000     0.0000000     0.0000000     0.0000000     0.0000000     0.0000000     0.0000000     0.0000000     0.0000000     0.0000000     0.0000000     0.0000000     0.0000000     0.0000000     0.0000000     0.0000000     0.0000000     0.0000000     0.0000000     0.0000000     0.0000000     0.0000000     0.0000000     0.0000000     0.0000000     0.0000000     0.0000000     0.0000000    -0.0000000    -0.0000000    -0.0000000    -0.0000000    -0.0000000    -0.0000000    -0.0000000    -0.0000000    -0.0000000    -0.0000000    -0.0000000    -0.0000000    -0.0000000    -0.0000000    -0.0000000    -0.0000000
    -0.0000000     0.0000000     0.0000000     0.0000000     0.0000000     0.0000000     0.0000000     0.0000000     0.0000000     0.0000000     0.0000000     0.0000000     0.0000000     0.0000000     0.0000000     0.0000000     0.0000000     0.0000000     0.0000000     0.0000000     0.0000000     0.0000000     0.0000000     0.0000000     0.0000000     0.0000000     0.0000000     0.0000000     0.0000000     0.0000000     0.0000000     0.0000000     0.0000000     0.0000000     0.0000000     0.0000000     0.0000000     0.0000000     0.0000000     0.0000000     0.0000000     0.0000000     0.0000000     0.0000000     0.0000000     0.0000000     0.0000000     0.0000000     0.0000000     0.0000000     0.0000000     0.0000000     0.0000000     0.0000000     0.0000000     0.0000000     0.0000000     0.0000000     0.0000000     0.0000000     0.0000000     0.0000000     0.0000000     0.0000000     0.0000000     0.0000000     0.0000000     0.0000000     0.0000000     0.0000000     0.0000000     0.0000000     0.0000000     0.0000000     0.0000000     0.0000000     0.0000000     0.0000000     0.0000000     0.0000000     0.0000000     0.0000000     0.0000000     0.0000000    -0.0000000    -0.0000000    -0.0000000    -0.0000000    -0.0000000    -0.0000000    -0.0000000    -0.0000000    -0.0000000    -0.0000000    -0.0000000    -0.0000000    -0.0000000    -0.0000000    -0.0000000    -0.0000000
    -0.0000000     0.0000000     0.0000000     0.0000000     0.0000000     0.0000000     0.0000000     0.0000000     0.0000000     0.0000000     0.0000000     0.0000000     0.0000000     0.0000000     0.0000000     0.0000000     0.0000000     0.0000000     0.0000000     0.0000000     0.0000000     0.0000000     0.0000000     0.0000000     0.0000000     0.0000000     0.0000000     0.0000000     0.0000000     0.0000000     0.0000000     0.0000000     0.0000000     0.0000000     0.0000000     0.0000000     0.0000000     0.0000000     0.0000000     0.0000000     0.0000000     0.0000000     0.0000000     0.0000000     0.0000000     0.0000000     0.0000000     0.0000000     0.0000000     0.0000000     0.0000000     0.0000000     0.0000000     0.0000000     0.0000000     0.0000000     0.0000000     0.0000000     0.0000000     0.0000000     0.0000000     0.0000000     0.0000000     0.0000000     0.0000000     0.0000000     0.0000000     0.0000000     0.0000000     0.0000000     0.0000000     0.0000000     0.0000000     0.0000000     0.0000000     0.0000000     0.0000000     0.0000000     0.0000000     0.0000000     0.0000000     0.0000000     0.0000000     0.0000000    -0.0000000    -0.0000000    -0.0000000    -0.0000000    -0.0000000    -0.0000000    -0.0000000    -0.0000000    -0.0000000    -0.0000000    -0.0000000    -0.0000000    -0.0000000    -0.0000000    -0.0000000    -0.0000000
     0.0000000     0.0000000     0.0000000     0.0000000     0.0000000     0.0000000     0.0000000     0.0000000     0.0000000     0.0000000     0.0000000     0.0000000     0.0000000     0.0000000     0.0000000     0.0000000     0.0000001     0.0000001     0.0000001     0.0000001     0.0000001     0.0000001     0.0000001     0.0000000     0.0000000     0.0000000     0.0000000     0.0000000     0.0000000     0.0000000     0.0000000     0.0000000     0.0000000     0.0000000     0.0000000     0.0000000     0.0000000     0.0000000     0.0000000     0.0000000     0.0000000     0.0000000     0.0000000     0.0000000     0.0000000     0.0000000     0.0000000     0.0000000     0.0000000     0.0000000     0.0000000     0.0000000     0.0000000     0.0000000     0.0000000     0.0000000     0.0000000     0.0000000     0.0000000     0.0000000     0.0000000     0.0000000     0.0000000     0.0000000     0.0000000     0.0000000     0.0000000     0.0000000     0.0000000     0.0000000     0.0000000     0.0000000     0.0000000     0.0000000     0.0000000     0.0000000     0.0000000     0.0000000     0.0000000     0.0000000     0.0000000     0.0000000     0.0000000     0.0000000    -0.0000000    -0.0000000    -0.0000000    -0.0000000    -0.0000000    -0.0000000    -0.0000000    -0.0000000    -0.0000000    -0.0000000    -0.0000000    -0.0000000    -0.0000000    -0.0000000    -0.0000000    -0.0000000
     0.0000000     0.0000000     0.0000000     0.0000000     0.0000000     0.0000000     0.0000000     0.0000000     0.0000000     0.0000000     0.0000000     0.0000001     0.0000001     0.0000001     0.0000001     0.0000001     0.0000002     0.0000002     0.0000002     0.0000002     0.0000002     0.0000002     0.0000002     0.0000002     0.0000001     0.0000001     0.0000001     0.0000001     0.0000001     0.0000001     0.0000001     0.0000001     0.0000001     0.0000001     0.0000001     0.0000000     0.0000000     0.0000000     0.0000000     0.0000000     0.0000000     0.0000000     0.0000000     0.0000000     0.0000000     0.0000000     0.0000000     0.0000000     0.0000000     0.0000000     0.0000000     0.0000000     0.0000000     0.0000000     0.0000000     0.0000000     0.0000000     0.0000000     0.0000000     0.0000000     0.0000000     0.0000000     0.0000000     0.0000000     0.0000000     0.0000000     0.0000000     0.0000000     0.0000000     0.0000000     0.0000000     0.0000000     0.0000000     0.0000000     0.0000000     0.0000000     0.0000000     0.0000000     0.0000000     0.0000000     0.0000000     0.0000000     0.0000000     0.0000000    -0.0000000    -0.0000000    -0.0000000    -0.0000000    -0.0000000    -0.0000000    -0.0000000    -0.0000000    -0.0000000    -0.0000000    -0.0000000    -0.0000000    -0.0000000    -0.0000000    -0.0000000    -0.0000000
     0.0000000     0.0000000     0.0000000     0.0000000     0.0000000     0.0000000     0.0000000     0.0000000     0.0000000     0.0000001     0.0000001     0.0000001     0.0000002     0.0000003     0.0000003     0.0000004     0.0000004     0.0000004     0.0000005     0.0000005     0.0000005     0.0000005     0.0000005     0.0000004     0.0000004     0.0000004     0.0000003     0.0000003     0.0000003     0.0000003     0.0000002     0.0000002     0.0000002     0.0000002     0.0000001     0.0000001     0.0000001     0.0000001     0.0000001     0.0000001     0.0000001     0.0000001     0.0000001     0.0000000     0.0000000     0.0000000     0.0000000     0.0000000     0.0000000     0.0000000     0.0000000     0.0000000     0.0000000     0.0000000     0.0000000     0.0000000     0.0000000     0.0000000     0.0000000     0.0000000     0.0000000     0.0000000     0.0000000     0.0000000     0.0000000     0.0000000     0.0000000     0.0000000     0.0000000     0.0000000     0.0000000     0.0000000     0.0000000     0.0000000     0.0000000     0.0000000     0.0000000     0.0000000     0.0000000     0.0000000     0.0000000     0.0000000     0.0000000     0.0000000    -0.0000000    -0.0000000    -0.0000000    -0.0000000    -0.0000000    -0.0000000    -0.0000000    -0.0000000    -0.0000000    -0.0000000    -0.0000000    -0.0000000    -0.0000000    -0.0000000    -0.0000000    -0.0000000
     0.0000000     0.0000000     0.0000000     0.0000000     0.0000000     0.0000000     0.0000000     0.0000000     0.0000001     0.0000001     0.0000002     0.0000003     0.0000004     0.0000006     0.0000007     0.0000008     0.0000009     0.0000010     0.0000011     0.0000011     0.0000011     0.0000011     0.0000011     0.0000010     0.0000010     0.0000009     0.0000009     0.0000008     0.0000007     0.0000006     0.0000006     0.0000005     0.0000005     0.0000004     0.0000004     0.0000003     0.0000003     0.0000003     0.0000002     0.0000002     0.0000002     0.0000002     0.0000001     0.0000001     0.0000001     0.0000001     0.0000001     0.0000001     0.0000001     0.0000001     0.0000000     0.0000000     0.0000000     0.0000000     0.0000000     0.0000000     0.0000000     0.0000000     0.0000000     0.0000000     0.0000000     0.0000000     0.0000000     0.0000000     0.0000000     0.0000000     0.0000000     0.0000000     0.0000000     0.0000000     0.0000000     0.0000000     0.0000000     0.0000000     0.0000000     0.0000000     0.0000000     0.0000000     0.0000000     0.0000000     0.0000000     0.0000000     0.0000000     0.0000000    -0.0000000    -0.0000000    -0.0000000    -0.0000000    -0.0000000    -0.0000000    -0.0000000    -0.0000000    -0.0000000    -0.0000000    -0.0000000    -0.0000000    -0.0000000    -0.0000000    -0.0000000    -0.0000000
     0.0000000     0.0000000     0.0000000     0.0000000     0.0000000     0.0000000     0.0000000     0.0000001     0.0000001     0.0000002     0.0000004     0.0000006     0.0000008     0.0000011     0.0000014     0.0000016     0.0000019     0.0000021     0.0000022     0.0000023     0.0000024     0.0000024     0.0000023     0.0000022     0.0000021     0.0000020     0.0000019     0.0000017     0.0000016     0.0000014     0.0000013     0.0000012     0.0000011     0.0000009     0.0000008     0.0000007     0.0000007     0.0000006     0.0000005     0.0000005     0.0000004     0.0000004     0.0000003     0.0000003     0.0000002     0.0000002     0.0000002     0.0000002     0.0000001     0.0000001     0.0000001     0.0000001     0.0000001     0.0000001     0.0000001     0.0000001     0.0000001     0.0000000     0.0000000     0.0000000     0.0000000     0.0000000     0.0000000     0.0000000     0.0000000     0.0000000     0.0000000     0.0000000     0.0000000     0.0000000     0.0000000     0.0000000     0.0000000     0.0000000     0.0000000     0.0000000     0.0000000     0.0000000     0.0000000     0.0000000     0.0000000     0.0000000     0.0000000     0.0000000    -0.0000000    -0.0000000    -0.0000000    -0.0000000    -0.0000000    -0.0000000    -0.0000000    -0.0000000    -0.0000000    -0.0000000    -0.0000000    -0.0000000    -0.0000000    -0.0000000    -0.0000000    -0.0000000
     0.0000000     0.0000000     0.0000000     0.0000000     0.0000000     0.0000000     0.0000000     0.0000001     0.0000002     0.0000004     0.0000006     0.0000010     0.0000014     0.0000019     0.0000024     0.0000030     0.0000034     0.0000039     0.0000042     0.0000044     0.0000046     0.0000046     0.0000046     0.0000044     0.0000042     0.0000040     0.0000038     0.0000035     0.0000032     0.0000029     0.0000027     0.0000024     0.0000022     0.0000019     0.0000017     0.0000016     0.0000014     0.0000012     0.0000011     0.0000010     0.0000009     0.0000008     0.0000007     0.0000006     0.0000005     0.0000005     0.0000004     0.0000004     0.0000003     0.0000003     0.0000002     0.0000002     0.0000002     0.0000002     0.0000001     0.0000001     0.0000001     0.0000001     0.0000001     0.0000001     0.0000001     0.0000001     0.0000000     0.0000000     0.0000000     0.0000000     0.0000000     0.0000000     0.0000000     0.0000000     0.0000000     0.0000000     0.0000000     0.0000000     0.0000000     0.0000000     0.0000000     0.0000000     0.0000000     0.0000000     0.0000000     0.0000000     0.0000000     0.0000000    -0.0000000    -0.0000000    -0.0000000    -0.0000000    -0.0000000    -0.0000000    -0.0000000    -0.0000000    -0.0000000    -0.0000000    -0.0000000    -0.0000000    -0.0000000    -0.0000000    -0.0000000    -0.0000000
     0.0000000     0.0000000     0.0000000     0.0000000     0.0000000     0.0000000     0.0000001     0.0000001     0.0000003     0.0000006     0.0000010     0.0000015     0.0000023     0.0000031     0.0000040     0.0000049     0.0000058     0.0000066     0.0000073     0.0000078     0.0000081     0.0000083     0.0000083     0.0000081     0.0000079     0.0000075     0.0000071     0.0000066     0.0000061     0.0000056     0.0000051     0.0000046     0.0000042     0.0000038     0.0000034     0.0000030     0.0000027     0.0000024     0.0000021     0.0000019     0.0000017     0.0000015     0.0000013     0.0000012     0.0000010     0.0000009     0.0000008     0.0000007     0.0000006     0.0000005     0.0000005     0.0000004     0.0000004     0.0000003     0.0000003     0.0000003     0.0000002     0.0000002     0.0000002     0.0000001     0.0000001     0.0000001     0.0000001     0.0000001     0.0000001     0.0000001     0.0000000     0.0000000     0.0000000     0.0000000     0.0000000     0.0000000     0.0000000     0.0000000     0.0000000     0.0000000     0.0000000     0.0000000     0.0000000     0.0000000     0.0000000     0.0000000     0.0000000     0.0000000    -0.0000000    -0.0000000    -0.0000000    -0.0000000    -0.0000000    -0.0000000    -0.0000000    -0.0000000    -0.0000000    -0.0000000    -0.0000000    -0.0000000    -0.0000000    -0.0000000    -0.0000000    -0.0000000
     0.0000000     0.0000000     0.0000000     0.0000000     0.0000000     0.0000000     0.0000001     0.0000002     0.0000004     0.0000008     0.0000014     0.0000023     0.0000033     0.0000046     0.0000061     0.0000077     0.0000092     0.0000106     0.0000119     0.0000129     0.0000136     0.0000140     0.0000141     0.0000140     0.0000136     0.0000131     0.0000124     0.0000117     0.0000109     0.0000100     0.0000092     0.0000084     0.0000076     0.0000069     0.0000062     0.0000055     0.0000049     0.0000044     0.0000039     0.0000035     0.0000031     0.0000027     0.0000024     0.0000022     0.0000019     0.0000017     0.0000015     0.0000013     0.0000012     0.0000010     0.0000009     0.0000008     0.0000007     0.0000006     0.0000005     0.0000005     0.0000004     0.0000004     0.0000003     0.0000003     0.0000002     0.0000002     0.0000002     0.0000001     0.0000001     0.0000001     0.0000001     0.0000001     0.0000001     0.0000001     0.0000000     0.0000000     0.0000000     0.0000000     0.0000000     0.0000000     0.0000000     0.0000000     0.0000000     0.0000000     0.0000000     0.0000000     0.0000000     0.0000000    -0.0000000    -0.0000000    -0.0000000    -0.0000000    -0.0000000    -0.0000000    -0.0000000    -0.0000000    -0.0000000    -0.0000000    -0.0000000    -0.0000000    -0.0000000    -0.0000000    -0.0000000    -0.0000000
     0.0000000     0.0000000     0.0000000     0.0000000     0.0000000     0.0000000     0.0000001     0.0000003     0.0000006     0.0000011     0.0000019     0.0000031     0.0000046     0.0000066     0.0000088     0.0000112     0.0000137     0.0000160     0.0000182     0.0000199     0.0000213     0.0000222     0.0000226     0.0000227     0.0000223     0.0000216     0.0000207     0.0000196     0.0000183     0.0000170     0.0000157     0.0000144     0.0000131     0.0000118     0.0000107     0.0000096     0.0000086     0.0000077     0.0000069     0.0000061     0.0000055     0.0000048     0.0000043     0.0000038     0.0000034     0.0000030     0.0000026     0.0000023     0.0000021     0.0000018     0.0000016     0.0000014     0.0000012     0.0000011     0.0000010     0.0000008     0.0000007     0.0000006     0.0000006     0.0000005     0.0000004     0.0000004     0.0000003     0.0000003     0.0000002     0.0000002     0.0000002     0.0000001     0.0000001     0.0000001     0.0000001     0.0000001     0.0000000     0.0000000     0.0000000     0.0000000     0.0000000     0.0000000     0.0000000     0.0000000     0.0000000     0.0000000     0.0000000     0.0000000    -0.0000000    -0.0000000    -0.0000000    -0.0000000    -0.0000000    -0.0000000    -0.0000000    -0.0000000    -0.0000000    -0.0000000    -0.0000000    -0.0000000    -0.0000000    -0.0000000    -0.0000000    -0.0000000
     0.0000000     0.0000000     0.0000000     0.0000000     0.0000000     0.0000000     0.0000001     0.0000003     0.0000007     0.0000014     0.0000024     0.0000040     0.0000061     0.0000088     0.0000120     0.0000155     0.0000192     0.0000229     0.0000263     0.0000293     0.0000317     0.0000335     0.0000345     0.0000349     0.0000347     0.0000340     0.0000328     0.0000313     0.0000295     0.0000276     0.0000255     0.0000235     0.0000215     0.0000196     0.0000177     0.0000160     0.0000144     0.0000129     0.0000116     0.0000103     0.0000092     0.0000082     0.0000073     0.0000065     0.0000057     0.0000051     0.0000045     0.0000040     0.0000035     0.0000031     0.0000028     0.0000024     0.0000021     0.0000019     0.0000017     0.0000014     0.0000013     0.0000011     0.0000010     0.0000008     0.0000007     0.0000006     0.0000005     0.0000005     0.0000004     0.0000003     0.0000003     0.0000002     0.0000002     0.0000002     0.0000001     0.0000001     0.0000001     0.0000001     0.0000001     0.0000000     0.0000000     0.0000000     0.0000000     0.0000000     0.0000000     0.0000000     0.0000000     0.0000000    -0.0000000    -0.0000000    -0.0000000    -0.0000000    -0.0000000    -0.0000000    -0.0000000    -0.0000000    -0.0000000    -0.0000000    -0.0000000    -0.0000000    -0.0000000    -0.0000000    -0.0000000    -0.0000000
     0.0000000     0.0000000     0.0000000     0.0000000     0.0000000     0.0000000     0.0000001     0.0000004     0.0000008     0.0000016     0.0000030     0.0000049     0.0000077     0.0000112     0.0000155     0.0000204     0.0000257     0.0000311     0.0000363     0.0000410     0.0000450     0.0000482     0.0000503     0.0000515     0.0000517     0.0000511     0.0000498     0.0000479     0.0000455     0.0000428     0.0000399     0.0000370     0.0000340     0.0000311     0.0000283     0.0000256     0.0000231     0.0000208     0.0000187     0.0000167     0.0000150     0.0000133     0.0000119     0.0000106     0.0000094     0.0000083     0.0000074     0.0000066     0.0000058     0.0000051     0.0000045     0.0000040     0.0000035     0.0000031     0.0000027     0.0000024     0.0000021     0.0000018     0.0000016     0.0000014     0.0000012     0.0000010     0.0000009     0.0000008     0.0000007     0.0000006     0.0000005     0.0000004     0.0000003     0.0000003     0.0000002     0.0000002     0.0000001     0.0000001     0.0000001     0.0000001     0.0000000     0.0000000     0.0000000     0.0000000     0.0000000     0.0000000     0.0000000     0.0000000    -0.0000000    -0.0000000    -0.0000000    -0.0000000    -0.0000000    -0.0000000    -0.0000000    -0.0000000    -0.0000000    -0.0000000    -0.0000000    -0.0000000    -0.0000000    -0.0000000    -0.0000000    -0.0000000
     0.0000000     0.0000000     0.0000000     0.0000000     0.0000000     0.0000001     0.0000002     0.0000004     0.0000009     0.0000019     0.0000034     0.0000058     0.0000092     0.0000137     0.0000192     0.0000257     0.0000329     0.0000404     0.0000479     0.0000550     0.0000612     0.0000664     0.0000703     0.0000728     0.0000740     0.0000739     0.0000727     0.0000705     0.0000675     0.0000640     0.0000601     0.0000560     0.0000518     0.0000476     0.0000435     0.0000396     0.0000359     0.0000324     0.0000292     0.0000262     0.0000235     0.0000210     0.0000188     0.0000167     0.0000149     0.0000132     0.0000118     0.0000104     0.0000092     0.0000082     0.0000072     0.0000064     0.0000056     0.0000050     0.0000044     0.0000038     0.0000034     0.0000029     0.0000026     0.0000022     0.0000019     0.0000017     0.0000014     0.0000012     0.0000011     0.0000009     0.0000008     0.0000006     0.0000005     0.0000004     0.0000004     0.0000003     0.0000002     0.0000002     0.0000001     0.0000001     0.0000001     0.0000001     0.0000000     0.0000000     0.0000000     0.0000000     0.0000000     0.0000000    -0.0000000    -0.0000000    -0.0000000    -0.0000000    -0.0000000    -0.0000000    -0.0000000    -0.0000000    -0.0000000    -0.0000000    -0.0000000    -0.0000000    -0.0000000    -0.0000000    -0.0000000    -0.0000000
     0.0000000     0.0000000     0.0000000     0.0000000     0.0000000     0.0000001     0.0000002     0.0000004     0.0000010     0.0000021     0.0000039     0.0000066     0.0000106     0.0000160     0.0000229     0.0000311     0.0000404     0.0000505     0.0000608     0.0000708     0.0000800     0.0000880     0.0000945     0.0000991     0.0001019     0.0001029     0.0001023     0.0001001     0.0000968     0.0000925     0.0000875     0.0000821     0.0000764     0.0000706     0.0000649     0.0000593     0.0000540     0.0000489     0.0000442     0.0000398     0.0000358     0.0000321     0.0000287     0.0000257     0.0000229     0.0000204     0.0000181     0.0000161     0.0000143     0.0000127     0.0000112     0.0000099     0.0000088     0.0000077     0.0000068     0.0000060     0.0000053     0.0000046     0.0000040     0.0000035     0.0000030     0.0000026     0.0000023     0.0000019     0.0000017     0.0000014     0.0000012     0.0000010     0.0000008     0.0000007     0.0000006     0.0000004     0.0000004     0.0000003     0.0000002     0.0000002     0.0000001     0.0000001     0.0000001     0.0000000     0.0000000     0.0000000     0.0000000     0.0000000    -0.0000000    -0.0000000    -0.0000000    -0.0000000    -0.0000000    -0.0000000    -0.0000000    -0.0000000    -0.0000000    -0.0000000    -0.0000000    -0.0000000    -0.0000000    -0.0000000    -0.0000000    -0.0000000
     0.0000000     0.0000000     0.0000000     0.0000000     0.0000000     0.0000001     0.0000002     0.0000005     0.0000011     0.0000022     0.0000042     0.0000073     0.0000119     0.0000182     0.0000263     0.0000363     0.0000479     0.0000608     0.0000743     0.0000879     0.0001009     0.0001126     0.0001225     0.0001303     0.0001356     0.0001385     0.0001392     0.0001376     0.0001343     0.0001295     0.0001235     0.0001167     0.0001093     0.0001016     0.0000939     0.0000863     0.0000789     0.0000718     0.0000651     0.0000589     0.0000530     0.0000477     0.0000428     0.0000383     0.0000343     0.0000306     0.0000273     0.0000243     0.0000216     0.0000191     0.0000170     0.0000150     0.0000133     0.0000117     0.0000103     0.0000091     0.0000080     0.0000070     0.0000061     0.0000053     0.0000046     0.0000040     0.0000035     0.0000030     0.0000025     0.0000021     0.0000018     0.0000015     0.0000013     0.0000010     0.0000008     0.0000007     0.0000005     0.0000004     0.0000003     0.0000003     0.0000002     0.0000001     0.0000001     0.0000001     0.0000000     0.0000000     0.0000000     0.0000000    -0.0000000    -0.0000000    -0.0000000    -0.0000000    -0.0000000    -0.0000000    -0.0000000    -0.0000000    -0.0000000    -0.0000000    -0.0000000    -0.0000000    -0.0000000    -0.0000000    -0.0000000    -0.0000000
     0.0000000     0.0000000     0.0000000     0.0000000     0.0000000     0.0000001     0.0000002     0.0000005     0.0000011     0.0000023     0.0000044     0.0000078     0.0000129     0.0000199     0.0000293     0.0000410     0.0000550     0.0000708     0.0000879     0.0001056     0.0001230     0.0001393     0.0001537     0.0001657     0.0001747     0.0001807     0.0001835     0.0001835     0.0001809     0.0001759     0.0001692     0.0001611     0.0001520     0.0001423     0.0001322     0.0001221     0.0001122     0.0001026     0.0000934     0.0000847     0.0000766     0.0000691     0.0000622     0.0000558     0.0000500     0.0000448     0.0000400     0.0000356     0.0000317     0.0000282     0.0000251     0.0000222     0.0000197     0.0000174     0.0000153     0.0000135     0.0000119     0.0000104     0.0000091     0.0000079     0.0000069     0.0000060     0.0000051     0.0000044     0.0000038     0.0000032     0.0000027     0.0000023     0.0000019     0.0000015     0.0000013     0.0000010     0.0000008     0.0000006     0.0000005     0.0000004     0.0000003     0.0000002     0.0000001     0.0000001     0.0000001     0.0000000     0.0000000     0.0000000    -0.0000000    -0.0000000    -0.0000000    -0.0000000    -0.0000000    -0.0000000    -0.0000000    -0.0000000    -0.0000000    -0.0000000    -0.0000000    -0.0000000    -0.0000000    -0.0000000    -0.0000000    -0.0000000
     0.0000000     0.0000000     0.0000000     0.0000000     0.0000000     0.0000001     0.0000002     0.0000005     0.0000011     0.0000024     0.0000046     0.0000081     0.0000136     0.0000213     0.0000317     0.0000450     0.0000612     0.0000800     0.0001009     0.0001230     0.0001455     0.0001671     0.0001871     0.0002044     0.0002184     0.0002287     0.0002351     0.0002377     0.0002367     0.0002325     0.0002257     0.0002166     0.0002059     0.0001941     0.0001815     0.0001686     0.0001557     0.0001431     0.0001309     0.0001192     0.0001082     0.0000979     0.0000884     0.0000795     0.0000715     0.0000641     0.0000573     0.0000512     0.0000457     0.0000407     0.0000362     0.0000321     0.0000285     0.0000252     0.0000223     0.0000196     0.0000173     0.0000151     0.0000132     0.0000116     0.0000101     0.0000087     0.0000075     0.0000065     0.0000055     0.0000047     0.0000040     0.0000033     0.0000028     0.0000023     0.0000019     0.0000015     0.0000012     0.0000009     0.0000007     0.0000006     0.0000004     0.0000003     0.0000002     0.0000001     0.0000001     0.0000001     0.0000000     0.0000000    -0.0000000    -0.0000000    -0.0000000    -0.0000000    -0.0000000    -0.0000000    -0.0000000    -0.0000000    -0.0000000    -0.0000000    -0.0000000    -0.0000000    -0.0000000    -0.0000000    -0.0000000    -0.0000000
     0.0000000     0.0000000     0.0000000     0.0000000     0.0000000     0.0000001     0.0000002     0.0000005     0.0000011     0.0000024     0.0000046     0.0000083     0.0000140     0.0000222     0.0000335     0.0000482     0.0000664     0.0000880     0.0001126     0.0001393     0.0001671     0.0001948     0.0002212     0.0002451     0.0002654     0.0002816     0.0002930     0.0002997     0.0003017     0.0002994     0.0002933     0.0002840     0.0002722     0.0002584     0.0002434     0.0002275     0.0002113     0.0001952     0.0001793     0.0001641     0.0001495     0.0001358     0.0001229     0.0001110     0.0001000     0.0000898     0.0000806     0.0000721     0.0000645     0.0000575     0.0000512     0.0000456     0.0000404     0.0000358     0.0000317     0.0000280     0.0000246     0.0000216     0.0000189     0.0000165     0.0000144     0.0000125     0.0000108     0.0000093     0.0000079     0.0000067     0.0000057     0.0000048     0.0000040     0.0000033     0.0000027     0.0000022     0.0000017     0.0000014     0.0000010     0.0000008     0.0000006     0.0000004     0.0000003     0.0000002     0.0000001     0.0000001     0.0000000     0.0000000    -0.0000000    -0.0000000    -0.0000000    -0.0000000    -0.0000000    -0.0000000    -0.0000000    -0.0000000    -0.0000000    -0.0000000    -0.0000000    -0.0000000    -0.0000000    -0.0000000    -0.0000000    -0.0000000
     0.0000000     0.0000000     0.0000000     0.0000000     0.0000000     0.0000001     0.0000002     0.0000005     0.0000011     0.0000023     0.0000046     0.0000083     0.0000141     0.0000226     0.0000345     0.0000503     0.0000703     0.0000945     0.0001225     0.0001537     0.0001871     0.0002212     0.0002547     0.0002861     0.0003141     0.0003376     0.0003558     0.0003683     0.0003750     0.0003761     0.0003721     0.0003637     0.0003515     0.0003364     0.0003191     0.0003003     0.0002806     0.0002606     0.0002407     0.0002212     0.0002024     0.0001846     0.0001677     0.0001519     0.0001372     0.0001237     0.0001112     0.0000998     0.0000893     0.0000799     0.0000712     0.0000635     0.0000564     0.0000500     0.0000443     0.0000391     0.0000345     0.0000303     0.0000266     0.0000232     0.0000202     0.0000176     0.0000152     0.0000130     0.0000112     0.0000095     0.0000080     0.0000067     0.0000056     0.0000046     0.0000038     0.0000030     0.0000024     0.0000019     0.0000015     0.0000011     0.0000008     0.0000006     0.0000004     0.0000003     0.0000002     0.0000001     0.0000001     0.0000000    -0.0000000    -0.0000000    -0.0000000    -0.0000000    -0.0000000    -0.0000000    -0.0000000    -0.0000000    -0.0000000    -0.0000000    -0.0000000    -0.0000000    -0.0000000    -0.0000000    -0.0000000    -0.0000000
     0.0000000     0.0000000     0.0000000     0.0000000     0.0000000     0.0000000     0.0000002     0.0000004     0.0000010     0.0000022     0.0000044     0.0000081     0.0000140     0.0000227     0.0000349     0.0000515     0.0000728     0.0000991     0.0001303     0.0001657     0.0002044     0.0002451     0.0002861     0.0003259     0.0003627     0.0003950     0.0004216     0.0004418     0.0004551     0.0004615     0.0004614     0.0004553     0.0004440     0.0004285     0.0004096     0.0003882     0.0003651     0.0003411     0.0003168     0.0002926     0.0002690     0.0002462     0.0002246     0.0002041     0.0001850     0.0001672     0.0001507     0.0001356     0.0001217     0.0001090     0.0000974     0.0000869     0.0000774     0.0000687     0.0000609     0.0000539     0.0000476     0.0000419     0.0000367     0.0000321     0.0000280     0.0000243     0.0000210     0.0000181     0.0000155     0.0000132     0.0000111     0.0000094     0.0000078     0.0000064     0.0000053     0.0000042     0.0000034     0.0000027     0.0000021     0.0000016     0.0000012     0.0000009     0.0000006     0.0000004     0.0000003     0.0000002     0.0000001     0.0000000    -0.0000000    -0.0000000    -0.0000000    -0.0000000    -0.0000000    -0.0000000    -0.0000000    -0.0000000    -0.0000000    -0.0000000    -0.0000000    -0.0000000    -0.0000000    -0.0000000    -0.0000000    -0.0000000
     0.0000000     0.0000000     0.0000000     0.0000000     0.0000000     0.0000000     0.0000001     0.0000004     0.0000010     0.0000021     0.0000042     0.0000079     0.0000136     0.0000223     0.0000347     0.0000517     0.0000740     0.0001019     0.0001356     0.0001747     0.0002184     0.0002654     0.0003141     0.0003627     0.0004091     0.0004514     0.0004881     0.0005178     0.0005398     0.0005537     0.0005595     0.0005578     0.0005491     0.0005346     0.0005152     0.0004920     0.0004660     0.0004381     0.0004092     0.0003800     0.0003511     0.0003228     0.0002956     0.0002697     0.0002453     0.0002223     0.0002010     0.0001813     0.0001631     0.0001464     0.0001311     0.0001172     0.0001045     0.0000930     0.0000826     0.0000731     0.0000646     0.0000569     0.0000500     0.0000438     0.0000382     0.0000332     0.0000287     0.0000247     0.0000212     0.0000180     0.0000153     0.0000128     0.0000107     0.0000088     0.0000072     0.0000058     0.0000047     0.0000037     0.0000028     0.0000022     0.0000016     0.0000012     0.0000008     0.0000006     0.0000004     0.0000002     0.0000001     0.0000000    -0.0000000    -0.0000000    -0.0000001    -0.0000001    -0.0000001    -0.0000001    -0.0000001    -0.0000000    -0.0000000    -0.0000000    -0.0000000    -0.0000000    -0.0000000    -0.0000000    -0.0000000    -0.0000000
     0.0000000     0.0000000     0.0000000     0.0000000     0.0000000     0.0000000     0.0000001     0.0000004     0.0000009     0.0000020     0.0000040     0.0000075     0.0000131     0.0000216     0.0000340     0.0000511     0.0000739     0.0001029     0.0001385     0.0001807     0.0002287     0.0002816     0.0003376     0.0003950     0.0004514     0.0005047     0.0005528     0.0005938     0.0006266     0.0006502     0.0006644     0.0006693     0.0006655     0.0006539     0.0006356     0.0006118     0.0005837     0.0005526     0.0005194     0.0004851     0.0004505     0.0004162     0.0003828     0.0003507     0.0003200     0.0002911     0.0002640     0.0002387     0.0002153     0.0001937     0.0001739     0.0001557     0.0001391     0.0001240     0.0001103     0.0000978     0.0000865     0.0000763     0.0000671     0.0000588     0.0000514     0.0000447     0.0000387     0.0000334     0.0000286     0.0000244     0.0000206     0.0000173     0.0000145     0.0000119     0.0000098     0.0000079     0.0000063     0.0000050     0.0000039     0.0000029     0.0000022     0.0000016     0.0000011     0.0000008     0.0000005     0.0000003     0.0000002     0.0000001    -0.0000000    -0.0000000    -0.0000001    -0.0000001    -0.0000001    -0.0000001    -0.0000001    -0.0000001    -0.0000001    -0.0000001    -0.0000000    -0.0000000    -0.0000000    -0.0000000    -0.0000000    -0.0000000
     0.0000000     0.0000000     0.0000000     0.0000000     0.0000000     0.0000000     0.0000001     0.0000003     0.0000009     0.0000019     0.0000038     0.0000071     0.0000124     0.0000207     0.0000328     0.0000498     0.0000727     0.0001023     0.0001392     0.0001835     0.0002351     0.0002930     0.0003558     0.0004216     0.0004881     0.0005528     0.0006132     0.0006671     0.0007125     0.0007481     0.0007732     0.0007873     0.0007909     0.0007846     0.0007695     0.0007470     0.0007183     0.0006848     0.0006480     0.0006089     0.0005686     0.0005281     0.0004880     0.0004489     0.0004113     0.0003755     0.0003417     0.0003099     0.0002803     0.0002528     0.0002275     0.0002041     0.0001827     0.0001632     0.0001453     0.0001291     0.0001144     0.0001010     0.0000890     0.0000781     0.0000682     0.0000594     0.0000515     0.0000444     0.0000381     0.0000325     0.0000275     0.0000232     0.0000193     0.0000160     0.0000131     0.0000106     0.0000085     0.0000067     0.0000052     0.0000039     0.0000029     0.0000021     0.0000015     0.0000010     0.0000007     0.0000004     0.0000002     0.0000001    -0.0000000    -0.0000001    -0.0000001    -0.0000001    -0.0000001    -0.0000001    -0.0000001    -0.0000001    -0.0000001    -0.0000001    -0.0000001    -0.0000000    -0.0000000    -0.0000000    -0.0000000    -0.0000000
     0.0000000     0.0000000     0.0000000     0.0000000     0.0000000     0.0000000     0.0000001     0.0000003     0.0000008     0.0000017     0.0000035     0.0000066     0.0000117     0.0000196     0.0000313     0.0000479     0.0000705     0.0001001     0.0001376     0.0001835     0.0002377     0.0002997     0.0003683     0.0004418     0.0005178     0.0005938     0.0006671     0.0007347     0.0007944     0.0008441     0.0008825     0.0009086     0.0009224     0.0009242     0.0009150     0.0008960     0.0008687     0.0008346     0.0007952     0.0007521     0.0007066     0.0006598     0.0006128     0.0005664     0.0005211     0.0004776     0.0004361     0.0003968     0.0003600     0.0003256     0.0002936     0.0002641     0.0002369     0.0002120     0.0001891     0.0001683     0.0001493     0.0001321     0.0001164     0.0001023     0.0000895     0.0000780     0.0000677     0.0000584     0.0000502     0.0000428     0.0000363     0.0000306     0.0000255     0.0000211     0.0000173     0.0000140     0.0000112     0.0000088     0.0000069     0.0000052     0.0000039     0.0000029     0.0000020     0.0000014     0.0000009     0.0000005     0.0000003     0.0000001    -0.0000000    -0.0000001    -0.0000001    -0.0000001    -0.0000001    -0.0000001    -0.0000001    -0.0000001    -0.0000001    -0.0000001    -0.0000001    -0.0000001    -0.0000001    -0.0000000    -0.0000000    -0.0000000
