    -4.7876588    -4.7562594    -4.7051676    -4.6361094    -4.5512559    -4.4530318    -4.3439270    -4.2263356    -4.1024340    -3.9741036    -3.8428937    -3.7100177    -3.5763723    -3.4425714    -3.3089874    -3.1757933    -3.0430036    -2.9105103    -2.7781145    -2.6455529    -2.5125190    -2.3786811    -2.2436959    -2.1072201    -1.9689194    -1.8284765    -1.6855969    -1.5400155    -1.3915011    -1.2398622    -1.0849515    -0.9266716    -0.7649796    -0.5998932    -0.4314961    -0.2599439    -0.0854700     0.0916082     0.2708840     0.4518557     0.6339221     0.8163789     0.9984165     1.1791196     1.3574699     1.5323511     1.7025586     1.8668125     2.0237773     2.1720853     2.3103672     2.4372867     2.5515817     2.6521069     2.7378794     2.8081214     2.8622989     2.9001498     2.9216997     2.9272597     2.9174050     2.8929332     2.8548054     2.8040747     2.7418120     2.6690388     2.5866792     2.4955399     2.3963236     2.2896750     2.1762494     2.0567911     1.9322019     1.8035852     1.6722516     1.5396860     1.4074804     1.2772475     1.1505292     1.0287165     0.9129902     0.8042854     0.7032799     0.6104013     0.5258475     0.4496146     0.3815285     0.3212780     0.2684453     0.2225347     0.1829985     0.1492593     0.1207290     0.0968251     0.0769834     0.0606688     0.0473824     0.0366669     0.0281100     0.0213450
    -4.7562594    -4.7258178    -4.6762326    -4.6091105    -4.5264840    -4.4306380    -4.3239373    -4.2086753    -4.0869564    -3.9606178    -3.8311885    -3.6998797    -3.5675987    -3.4349780    -3.3024121    -3.1700974    -3.0380706    -2.9062443    -2.7744378    -2.6424031    -2.5098467    -2.3764476    -2.2418711    -2.1057807    -1.9678477    -1.8277587    -1.6852225    -1.5399761    -1.3917902    -1.2404741    -1.0858812    -0.9279141    -0.7665299    -0.6017460    -0.4336454    -0.2623829    -0.0881911     0.0886136     0.2676257     0.4483447     0.6301704     0.8123999     0.9942246     1.1747307     1.3529008     1.5276199     1.6976842     1.8618151     2.0186775     2.1669046     2.3051275     2.4320106     2.5462915     2.6468253     2.7326287     2.8029235     2.8571751     2.8951205     2.9167843     2.9224763     2.9127704     2.8884625     2.8505119     2.7999701     2.7379058     2.6653388     2.5831910     2.4922671     2.3932681     2.2868367     2.1736264     2.0543796     1.9299970     1.8015802     1.6704387     1.5380562     1.4060240     1.2759538     1.1493871     1.0277147     0.9121170     0.8035293     0.7026296     0.6098459     0.5253764     0.4492178     0.3811967     0.3210027     0.2682185     0.2223494     0.1828483     0.1491385     0.1206326     0.0967488     0.0769236     0.0606223     0.0473465     0.0366395     0.0280893     0.0213295
    -4.7051676    -4.6762326    -4.6290225    -4.5649636    -4.4858757    -4.3938270    -4.2909853    -4.1794827    -4.0613052    -3.9382149    -3.8117031    -3.6829732    -3.5529462    -3.4222815    -3.2914076    -3.1605575    -3.0298037    -2.8990919    -2.7682706    -2.6371174    -2.5053601    -2.3726951    -2.2388023    -2.1033565    -1.9660381    -1.8265406    -1.6845781    -1.5398914    -1.3922539    -1.2414767    -1.0874142    -0.9299693    -0.7690989    -0.6048198    -0.4372139    -0.2664350    -0.0927140     0.0836344     0.2622063     0.4425033     0.6239272     0.8057770     0.9872464     1.1674233     1.3452924     1.5197405     1.6895656     1.8534904     2.0101815     2.1582731     2.2963971     2.4232185     2.5374755     2.6380229     2.7238771     2.7942594     2.8486339     2.8867363     2.9085895     2.9145012     2.9050428     2.8810077     2.8433524     2.7931250     2.7313914     2.6591678     2.5773730     2.4868083     2.3881715     2.2821020     2.1692505     2.0503567     1.9263183     1.7982349     1.6674137     1.5353367     1.4035936     1.2737949     1.1474812     1.0260426     0.9106597     0.8022674     0.7015442     0.6089187     0.5245899     0.4485554     0.3806429     0.3205430     0.2678399     0.2220399     0.1825974     0.1489366     0.1204716     0.0966214     0.0768237     0.0605446     0.0472867     0.0365938     0.0280547     0.0213035
    -4.6361094    -4.6091105    -4.5649636    -4.5048751    -4.4304023    -4.3433412    -4.2456069    -4.1391190    -4.0257025    -3.9070118    -3.7844795    -3.6592900    -3.5323749    -3.4044240    -3.2759077    -3.1471054    -3.0181362    -2.8889898    -2.7595545    -2.6296421    -2.4990098    -2.3673787    -2.2344483    -2.0999096    -1.9634555    -1.8247894    -1.6836330    -1.5397324    -1.3928649    -1.2428441    -1.0895258    -0.9328135    -0.7726639    -0.6090928    -0.4421811    -0.2720805    -0.0990200     0.0766881     0.2546424     0.4343471     0.6152071     0.7965240     0.9774942     1.1572088     1.3346550     1.5087221     1.6782106     1.8418455     1.9982952     2.1461954     2.2841795     2.4109132     2.5251352     2.6257002     2.7116243     2.7821278     2.8366732     2.8749944     2.8971118     2.9033301     2.8942176     2.8705638     2.8333212     2.7835338     2.7222627     2.6505197     2.5692189     2.4791571     2.3810273     2.2754648     2.1631159     2.0447163     1.9211604     1.7935441     1.6631719     1.5315229     1.4001850     1.2707668     1.1448077     1.0236972     0.9086152     0.8004970     0.7000214     0.6076178     0.5234863     0.4476258     0.3798657     0.3198980     0.2673086     0.2216056     0.1822452     0.1486533     0.1202456     0.0964426     0.0766834     0.0604356     0.0472026     0.0365296     0.0280061     0.0212671
    -4.5512559    -4.5264840    -4.4858757    -4.4304023    -4.3613355    -4.2801691    -4.1885297    -4.0880863    -3.9804663    -3.8671846    -3.7495898    -3.6288303    -3.5058388    -3.3813325    -3.2558255    -3.1296491    -3.0029769    -2.8758510    -2.7482078    -2.6199018    -2.4907270    -2.3604350    -2.2287509    -2.0953862    -1.9600502    -1.8224589    -1.6823437    -1.5394581    -1.3935842    -1.2445393    -1.0921809    -0.9364132    -0.7771929    -0.6145347    -0.4485176    -0.2792915    -0.1070825     0.0677999     0.2449578     0.4238987     0.6040310     0.7846601     0.9649862     1.1441036     1.3210034     1.4945781     1.6636312     1.8268906     1.9830271     2.1306787     2.2684802     2.3950987     2.5092731     2.6098586     2.6958703     2.7665274     2.8212906     2.8598913     2.8823466     2.8889578     2.8802886     2.8571240     2.8204111     2.7711884     2.7105115     2.6393861     2.5587202     2.4693048     2.3718270     2.2669165     2.1552142     2.0374507     1.9145156     1.7875005     1.6577061     1.5266084     1.3957921     1.2668640     1.1413617     1.0206737     0.9059795     0.7982144     0.6980579     0.6059403     0.5220631     0.4464270     0.3788631     0.3190658     0.2666231     0.2210453     0.1817907     0.1482878     0.1199539     0.0962118     0.0765024     0.0602948     0.0470941     0.0364468     0.0279434     0.0212201
    -4.4530318    -4.4306380    -4.3938270    -4.3433412    -4.2801691    -4.2054968    -4.1206483    -4.0270200    -3.9260143    -3.8189775    -3.7071474    -3.5916142    -3.4732953    -3.3529255    -3.2310582    -3.1080769    -2.9842129    -2.8595659    -2.7341272    -2.6078004    -2.4804226    -2.3517822    -2.2216347    -2.0897167    -1.9557574    -1.8194886    -1.6806537    -1.5390151    -1.3943615    -1.2465143    -1.0953335    -0.9407246    -0.7826439    -0.6211051    -0.4561852    -0.2880314    -0.1168668     0.0570030     0.2331839     0.4111875     0.5904267     0.7702114     0.9497461     1.1281298     1.3043576     1.4773263     1.6458431     1.8086395     1.9643893     2.1117329     2.2493074     2.3757810     2.4898937     2.5905004     2.6766158     2.7474574     2.8024837     2.8414232     2.8642890     2.8713780     2.8632485     2.8406799     2.8046130     2.7560795     2.6961278     2.6257565     2.5458663     2.4572408     2.3605601     2.2564468     2.1455352     2.0285498     1.9063743     1.7800950     1.6510080     1.5205850     1.3904076     1.2620797     1.1371369     1.0169665     0.9027474     0.7954150     0.6956495     0.6038825     0.5203171     0.4449561     0.3776330     0.3180446     0.2657817     0.2203575     0.1812329     0.1478390     0.1195958     0.0959284     0.0762801     0.0601219     0.0469608     0.0363450     0.0278663     0.0211624
    -4.3439270    -4.3239373    -4.2909853    -4.2456069    -4.1885297    -4.1206483    -4.0429904    -3.9566747    -3.8628630    -3.7627106    -3.6573186    -3.5476935    -3.4347164    -3.3191228    -3.2014947    -3.0822621    -2.9617123    -2.8400045    -2.7171881    -2.5932208    -2.4679879    -2.3413196    -2.2130067    -2.0828149    -1.9504971    -1.8158037    -1.6784926    -1.5383372    -1.3951338    -1.2487092    -1.0989268    -0.9456932    -0.7889648    -0.6287541    -0.4651360    -0.2982544    -0.1283290     0.0443390     0.2193600     0.3962508     0.5744292     0.7532105     0.9318045     1.1093154     1.2847434     1.4569901     1.6248674     1.7871107     1.9423975     2.0893715     2.2266720     2.3529689     2.4670032     2.5676299     2.6538628     2.7249178     2.7802508     2.8195864     2.8429337     2.8505839     2.8430895     2.8212227     2.7859170     2.7381961     2.6791001     2.6096190     2.5306449     2.4429527     2.3472141     2.2440433     2.1340669     2.0180019     1.8967252     1.7713168     1.6430672     1.5134433     1.3840225     1.2564055     1.1321256     1.0125686     0.8989126     0.7920933     0.6927914     0.6014401     0.5182446     0.4432099     0.3761724     0.3168320     0.2647826     0.2195406     0.1805702     0.1473057     0.1191702     0.0955917     0.0760158     0.0599163     0.0468024     0.0362239     0.0277747     0.0210937
    -4.2263356    -4.2086753    -4.1794827    -4.1391190    -4.0880863    -4.0270200    -3.9566747    -3.8779023    -3.7916217    -3.6987838    -3.6003320    -3.4971644    -3.3901008    -3.2798562    -3.1670243    -3.0520699    -2.9353296    -2.8170195    -2.6972470    -2.5760264    -2.4532947    -2.3289278    -2.2027559    -2.0745778    -1.9441731    -1.8113143    -1.6757760    -1.5373444    -1.3958254    -1.2510520    -1.1028916    -0.9512529    -0.7960923    -0.6374211    -0.4753118    -0.3099050    -0.1414160     0.0298586     0.2035345     0.3791343     0.5560817     0.7336979     0.9111991     1.0876953     1.2621928     1.4335987     1.6007302     1.7623276     1.9170725     2.0636122     2.2005889     2.3266745     2.4406111     2.5412538     2.6276156     2.6989104     2.7545912     2.7943785     2.8182762     2.8265693     2.8198034     2.7987429     2.7643124     2.7175266     2.6594160     2.5909606     2.5130426     2.4264268     2.3317750     2.2296922     2.1207956     2.0057938     1.8855555     1.7611537     1.6338721     1.5051722     1.3766265     1.2498320     1.1263193     1.0074723     0.8944682     0.7882428     0.6894779     0.5986082     0.5158411     0.4411845     0.3744781     0.3154251     0.2636232     0.2185926     0.1798011     0.1466868     0.1186762     0.0952007     0.0757090     0.0596776     0.0466183     0.0360833     0.0276683     0.0210138
    -4.1024340    -4.0869564    -4.0613052    -4.0257025    -3.9804663    -3.9260143    -3.8628630    -3.7916217    -3.7129777    -3.6276747    -3.5364848    -3.4401772    -3.3394856    -3.2350806    -3.1275463    -3.0173652    -2.9049114    -2.7904502    -2.6741441    -2.5560627    -2.4361962    -2.3144688    -2.1907533    -2.0648846    -1.9366728    -1.8059146    -1.6724042    -1.5359427    -1.3963469    -1.2534575    -1.1071468    -0.9573259    -0.8039517    -0.6470343    -0.4866438    -0.3229169    -0.1560645     0.0136223     0.1857651     0.3598927     0.5354358     0.7117224     0.8879755     1.0633122     1.2367452     1.4071883     1.5734645     1.7343197     1.8884404     2.0344779     2.1710776     2.2969140     2.4107304     2.5113821     2.5978812     2.6694395     2.7255065     2.7657983     2.7903130     2.7993287     2.7933830     2.7732313     2.7397886     2.6940592     2.6370625     2.5697675     2.4930449     2.4076482     2.3142280     2.2133785     2.1057066     1.9919109     1.8728513     1.7495922     1.6234100     1.4957597     1.3682084     1.2423489     1.1197084     1.0016686     0.8894061     0.7838565     0.6857027     0.5953811     0.5131018     0.4388758     0.3725464     0.3138209     0.2623010     0.2175112     0.1789237     0.1459806     0.1181124     0.0947544     0.0753587     0.0594051     0.0464082     0.0359227     0.0275467     0.0209227
    -3.9741036    -3.9606178    -3.9382149    -3.9070118    -3.8671846    -3.8189775    -3.7627106    -3.6987838    -3.6276747    -3.5499288    -3.4661431    -3.3769434    -3.2829570    -3.1847857    -3.0829806    -2.9780215    -2.8703032    -2.7601283    -2.6477064    -2.5331590    -2.4165280    -2.2977864    -2.1768516    -2.0535972    -1.9278662    -1.7994825    -1.6682620    -1.5340229    -1.3965946    -1.2558268    -1.1115977    -0.9638213    -0.8124558    -0.6575099    -0.4990513    -0.3372127    -0.1722001    -0.0042987     0.1661198     0.3385911     0.5125534     0.6873423     0.8621887     1.0362172     1.2084483     1.3778028     1.5431105     1.7031235     1.8565338     2.0019973     2.1381634     2.2637089     2.3773790     2.4780291     2.5646705     2.6365125     2.6930012     2.7338475     2.7590430     2.7688583     2.7638221     2.7446798     2.7123357     2.6677822     2.6120269     2.5460258     2.4706372     2.3866017     2.2945576     2.1950866     2.0887843     1.9763381     1.8585975     1.7366179     1.6116671     1.4851929     1.3587562     1.2339447     1.1122823     0.9951482     0.8837178     0.7789267     0.6814588     0.5917527     0.5100213     0.4362791     0.3703734     0.3120159     0.2608131     0.2162941     0.1779360     0.1451854     0.1174775     0.0942517     0.0749641     0.0590980     0.0461714     0.0357417     0.0274096     0.0208198
    -3.8428937    -3.8311885    -3.8117031    -3.7844795    -3.7495898    -3.7071474    -3.6573186    -3.6003320    -3.5364848    -3.4661431    -3.3897350    -3.3077374    -3.2206566    -3.1290054    -3.0332786    -2.9339309    -2.8313578    -2.7258835    -2.6177530    -2.5071321    -2.3941099    -2.2787073    -2.1608858    -2.0405594    -1.9176060    -1.7918788    -1.6632179    -1.5314602    -1.3964496    -1.2580464    -1.1161354    -0.9706349    -0.8215041    -0.6687513    -0.5124412    -0.3527028    -0.1897366    -0.0238215     0.1446779     0.3153052     0.4875066     0.6606262     0.8339034     1.0064714     1.1773590     1.3454951     1.5097170     1.6687836     1.8213931     1.9662068     2.1018781     2.2270871     2.3405805     2.4412145     2.5279992     2.6001416     2.6570837     2.6985310     2.7244680     2.7351570     2.7311169     2.7130822     2.6819452     2.6386855     2.5842971     2.5197224     2.4458052     2.3632724     2.2727481     2.1748007     2.0700127     1.9590594     1.8427788     1.7222159     1.5986292     1.4734581     1.3482569     1.2246077     1.1040302     0.9879010     0.8773941     0.7734451     0.6767390     0.5877167     0.5065940     0.4333895     0.3679548     0.3100065     0.2591563     0.2149386     0.1768357     0.1442995     0.1167701     0.0936915     0.0745242     0.0587557     0.0459073     0.0355398     0.0272567     0.0207051
    -3.7100177    -3.6998797    -3.6829732    -3.6592900    -3.6288303    -3.5916142    -3.5476935    -3.4971644    -3.4401772    -3.3769434    -3.3077374    -3.2328912    -3.1527838    -3.0678243    -2.9784317    -2.8850132    -2.7879443    -2.6875514    -2.5841005    -2.4777900    -2.3687494    -2.2570425    -2.1426738    -2.0255975    -1.9057271    -1.7829471    -1.6571231    -1.5281132    -1.3957772    -1.2599873    -1.1206365    -0.9776477    -0.8309822    -0.6806479    -0.5267071    -0.3692844    -0.2085749    -0.0448507     0.1215313     0.2901229     0.4603793     0.6316539     0.8031954     0.9741463     1.1435447     1.3103281     1.4733423     1.6313537     1.7830676     1.9271509     2.0622617     2.1870837     2.3003657     2.4009645     2.4878892     2.5603443     2.6177675     2.6598584     2.6865940     2.6982274     2.6952668     2.6784350     2.6486111     2.6067607     2.5538630     2.4908452     2.4185357     2.3376458     2.2487844     2.1525051     2.0493761     1.9400591     1.8253796     1.7063710     1.5842815     1.4605414     1.3366973     1.2143254     1.0949406     0.9799165     0.8704255     0.7674031     0.6715356     0.5832661     0.5028139     0.4302017     0.3652861     0.3077889     0.2573275     0.2134420     0.1756207     0.1433210     0.1159885     0.0930724     0.0740381     0.0583772     0.0456152     0.0353166     0.0270876     0.0205782
    -3.5763723    -3.5675987    -3.5529462    -3.5323749    -3.5058388    -3.4732953    -3.4347164    -3.3901008    -3.3394856    -3.2829570    -3.2206566    -3.1527838    -3.0795923    -3.0013807    -2.9184778    -2.8312249    -2.7399565    -2.6449819    -2.5465698    -2.4449376    -2.3402444    -2.2325902    -2.1220182    -2.0085206    -1.8920468    -1.7725128    -1.6498116    -1.5238233    -1.3944258    -1.2615044    -1.1249613    -0.9847255    -0.8407607    -0.6930748    -0.5417280    -0.3868408    -0.2286022    -0.0672774     0.0967847     0.2631451     0.4312685     0.6005181     0.7701529     0.9393257     1.1070842     1.2723760     1.4340557     1.5908983     1.7416164     1.8848836     2.0193631     2.1437426     2.2567734     2.3573128     2.4443694     2.5171448     2.5750722     2.6178449     2.6454320     2.6580765     2.6562754     2.6407384     2.6123305     2.5720022     2.5207166     2.4593844     2.3888170     2.3097090     2.2226527     2.1281853     2.0268593     1.9193219     1.8063847     1.6890683     1.5686095     1.4464288     1.3240644     1.2030855     1.0850019     0.9711840     0.8628023     0.7607920     0.6658407     0.5783939     0.4986748     0.4267103     0.3623625     0.3053590     0.2553231     0.2118014     0.1742884     0.1422478     0.1151311     0.0923931     0.0735045     0.0579618     0.0452946     0.0350714     0.0269018     0.0204388
    -3.4425714    -3.4349780    -3.4222815    -3.4044240    -3.3813325    -3.3529255    -3.3191228    -3.2798562    -3.2350806    -3.1847857    -3.1290054    -3.0678243    -3.0013807    -2.9298635    -2.8535043    -2.7725649    -2.6873214    -2.5980466    -2.5049937    -2.4083826    -2.3083890    -2.2051391    -2.0987082    -1.9891226    -1.8763654    -1.7603841    -1.6410992    -1.5184144    -1.3922265    -1.2624354    -1.1289539    -0.9917177    -0.8506940    -0.7058914    -0.5573678    -0.4052399    -0.2496907    -0.0909782     0.0705575     0.2344869     0.4002846     0.5673249     0.7348775     0.9021061     1.0680695     1.2317255     1.3919388     1.5474934     1.6971104     1.8394702     1.9732420     2.0971180     2.2098520     2.3103026     2.3974773     2.4705753     2.5290249     2.5725128     2.6009994     2.6147175     2.6141515     2.5999975     2.5731051     2.5344085     2.4848536     2.4253330     2.3566403     2.2794515     2.1943408     2.1018280     2.0024485     1.8968335     1.7857795     1.6702932     1.5515991     1.4311067     1.3103449     1.1908755     1.0742027     0.9616929     0.8545146     0.7536028     0.6596462     0.5730931     0.4941703     0.4229099     0.3591794     0.3027126     0.2531397     0.2100139     0.1728365     0.1410779     0.1141963     0.0916523     0.0729225     0.0575085     0.0449448     0.0348037     0.0266990     0.0202865
    -3.3089874    -3.3024121    -3.2914076    -3.2759077    -3.2558255    -3.2310582    -3.2014947    -3.1670243    -3.1275463    -3.0829806    -3.0332786    -2.9784317    -2.9184778    -2.8535043    -2.7836458    -2.7090776    -2.6300046    -2.5466470    -2.4592247    -2.3679428    -2.2729787    -2.1744727    -2.0725227    -1.9671833    -1.8584673    -1.7463516    -1.6307841    -1.5116921    -1.3889923    -1.2626003    -1.1324407    -0.9984567    -0.8606201    -0.7189404    -0.5734742    -0.4243340    -0.2716971    -0.1158139     0.0429845     0.2042784     0.3675536     0.5321954     0.6974853     0.8625988     1.0266064     1.1884771     1.3470864     1.5012284     1.6496328     1.7909881     1.9239699     2.0472752     2.1596609     2.2599870     2.3472604     2.4206773     2.4796614     2.5238924     2.5533215     2.5681704     2.5689105     2.5562230     2.5309416     2.4939827     2.4462737     2.3886881     2.3219998     2.2468653     2.1638392     2.0734223     1.9761318     1.8725812     1.7635509     1.6500326     1.5332372     1.4145622     1.2955265     1.1776837     1.0625317     0.9514327     0.8455529     0.7458268     0.6529443     0.5673566     0.4892944     0.4187950     0.3557319     0.2998458     0.2507738     0.2080764     0.1712624     0.1398094     0.1131823     0.0908486     0.0722909     0.0570165     0.0445649     0.0345131     0.0264787     0.0201211
    -3.1757933    -3.1700974    -3.1605575    -3.1471054    -3.1296491    -3.1080769    -3.0822621    -3.0520699    -3.0173652    -2.9780215    -2.9339309    -2.8850132    -2.8312249    -2.7725649    -2.7090776    -2.6408517    -2.5680139    -2.4907199    -2.4091415    -2.3234529    -2.2338172    -2.1403747    -2.0432351    -1.9424721    -1.8381230    -1.7301902    -1.6186470    -1.5034440    -1.3845180    -1.2618009    -1.1352299    -1.0047570    -0.8703590    -0.7320473    -0.5898774    -0.4439581    -0.2944611    -0.1416287     0.0142169     0.1726665     0.3332173     0.4952666     0.6581083     0.8209306     0.9828163     1.1427466     1.2996085     1.4522069     1.5992813     1.7395286     1.8716316     1.9942924     2.1062718     2.2064313     2.2937773     2.3675032     2.4270279     2.4720236     2.5024321     2.5184634     2.5205753     2.5094332     2.4858534     2.4507339     2.4049822     2.3494514     2.2848944     2.2119465     2.1311418     2.0429603     1.9478997     1.8465546     1.7396879     1.6282749     1.5135118     1.3967835     1.2795976     1.1634989     1.0499785     0.9403936     0.8359081     0.7374556     0.6457275     0.5611775     0.4840408     0.4143601     0.3520154     0.2967545     0.2482218     0.2059861     0.1695637     0.1384400     0.1120874     0.0899806     0.0716086     0.0564848     0.0441543     0.0341989     0.0262404     0.0199421
    -3.0430036    -3.0380706    -3.0298037    -3.0181362    -3.0029769    -2.9842129    -2.9617123    -2.9353296    -2.9049114    -2.8703032    -2.8313578    -2.7879443    -2.7399565    -2.6873214    -2.6300046    -2.5680139    -2.5013976    -2.4302405    -2.3546554    -2.2747716    -2.1907228    -2.1026354    -2.0106174    -1.9147517    -1.8150917    -1.7116602    -1.6044523    -1.4934402    -1.3785800    -1.2598203    -1.1371113    -1.0104144    -0.8797124    -0.7450192    -0.6063897    -0.4639296    -0.3178044    -0.1682492    -0.0155766     0.1398152     0.2974350     0.4566928     0.6168957     0.7772451     0.9368371     1.0946660     1.2496310     1.4005487     1.5461690     1.6851982     1.8163266     1.9382624     2.0497704     2.1497140     2.2370994     2.3111174     2.3711816     2.4169571     2.4483756     2.4656348     2.4691780     2.4596542     2.4378616     2.4046782     2.3609907     2.3076304     2.2453279     2.1746961     2.0962466     2.0104378     1.9177461     1.8187461     1.7141815     1.6050104     1.4924131     1.3777604     1.2625481     1.1483113     1.0365333     0.9285666     0.8255716     0.7284814     0.6379884     0.5545493     0.4784037     0.4096002     0.3480254     0.2934346     0.2454806     0.2037400     0.1677379     0.1369677     0.1109101     0.0890469     0.0708745     0.0559127     0.0437123     0.0338605     0.0259838     0.0197493
    -2.9105103    -2.9062443    -2.8990919    -2.8889898    -2.8758510    -2.8595659    -2.8400045    -2.8170195    -2.7904502    -2.7601283    -2.7258835    -2.6875514    -2.6449819    -2.5980466    -2.5466470    -2.4907199    -2.4302405    -2.3652223    -2.2957128    -2.2217866    -2.1435356    -2.0610578    -1.9744469    -1.8837828    -1.7891253    -1.6905103    -1.5879498    -1.4814341    -1.3709371    -1.2564232    -1.1378556    -1.0152059    -0.8884632    -0.7576445    -0.6228048    -0.4840467    -0.3415305    -0.1954835    -0.0462085     0.1059070     0.2603843     0.4166466     0.5740147     0.7317041     0.8888249     1.0443852     1.1972975     1.3463907     1.4904261     1.6281198     1.7581707     1.8792934     1.9902573     2.0899283     2.1773122     2.2515977     2.3121932     2.3587561     2.3912078     2.4097333     2.4147608     2.4069221     2.3869960     2.3558399     2.3143184     2.2632396     2.2033105     2.1351203     2.0591568     1.9758551     1.8856689     1.7891515     1.6870263     1.5802325     1.4699334     1.3574848     1.2443696     1.1321122     1.0221880     0.9159434     0.8145358     0.7188970     0.6297205     0.5474660     0.4723778     0.4045104     0.3437576     0.2898826     0.2425467     0.2013355     0.1657827     0.1353908     0.1096485     0.0880462     0.0700875     0.0552991     0.0432382     0.0334975     0.0257084     0.0195424
    -2.7781145    -2.7744378    -2.7682706    -2.7595545    -2.7482078    -2.7341272    -2.7171881    -2.6972470    -2.6741441    -2.6477064    -2.6177530    -2.5841005    -2.5465698    -2.5049937    -2.4592247    -2.4091415    -2.3546554    -2.2957128    -2.2322957    -2.1644186    -2.0921220    -2.0154643    -1.9345119    -1.8493296    -1.7599727    -1.6664813    -1.5688773    -1.4671643    -1.3613309    -1.2513559    -1.1372149    -1.0188891    -0.8963745    -0.7696919    -0.6388965    -0.5040886    -0.3654233    -0.2231201    -0.0774724     0.0711437     0.2222621     0.3753197     0.5296517     0.6844884     0.8389546     0.9920730     1.1427703     1.2898883     1.4322008     1.5684344     1.6972971     1.8175108     1.9278500     2.0271833     2.1145170     2.1890372     2.2501475     2.2974972     2.3309975     2.3508201     2.3573775     2.3512835     2.3332968     2.3042529     2.2649931     2.2163015     2.1588599     2.0932323     2.0198815     1.9392177     1.8516709     1.7577712     1.6582204     1.5539376     1.4460680     1.3359511     1.2250559     1.1148953     1.0069359     0.9025177     0.8027943     0.7086963     0.6209181     0.5399224     0.4659582     0.3990864     0.3392081     0.2860951     0.2394174     0.1987700     0.1636960     0.1337072     0.1083014     0.0869773     0.0692465     0.0546433     0.0427313     0.0331093     0.0254138     0.0193209
    -2.6455529    -2.6424031    -2.6371174    -2.6296421    -2.6199018    -2.6078004    -2.5932208    -2.5760264    -2.5560627    -2.5331590    -2.5071321    -2.4777900    -2.4449376    -2.4083826    -2.3679428    -2.3234529    -2.2747716    -2.2217866    -2.1644186    -2.1026211    -2.0363787    -1.9657016    -1.8906180    -1.8111661    -1.7273856    -1.6393102    -1.5469637    -1.4503568    -1.3494883    -1.2443481    -1.1349228    -1.0212026    -0.9031903    -0.7809105    -0.6544191    -0.5238144    -0.3892465    -0.2509276    -0.1091415     0.0357473     0.1832855     0.3329243     0.4840136     0.6357991     0.7874214     0.9379183     1.0862314     1.2312167     1.3716608     1.5063020     1.6338579     1.7530586     1.8626840     1.9616061     2.0488318     2.1235452     2.1851449     2.2332725     2.2678282     2.2889703     2.2970950     2.2927974     2.2768153     2.2499614     2.2130526     2.1668474     2.1120017     2.0490527     1.9784366     1.9005377     1.8157603     1.7246103     1.6277664     1.5261263     1.4208157     1.3131567     1.2046034     1.0966563     0.9907722     0.8882844     0.7903421     0.6978745     0.6115765     0.5319140     0.4591409     0.3933244     0.3343737     0.2820690     0.2360899     0.1960412     0.1614758     0.1319154     0.1068672     0.0858389     0.0683507     0.0539444     0.0421910     0.0326953     0.0250996     0.0190847
    -2.5125190    -2.5098467    -2.5053601    -2.4990098    -2.4907270    -2.4804226    -2.4679879    -2.4532947    -2.4361962    -2.4165280    -2.3941099    -2.3687494    -2.3402444    -2.3083890    -2.2729787    -2.2338172    -2.1907228    -2.1435356    -2.0921220    -2.0363787    -1.9762337    -1.9116443    -1.8425933    -1.7690820    -1.6911237    -1.6087358    -1.5219341    -1.4307288    -1.3351231    -1.2351139    -1.1306958    -1.0218667    -0.9086352    -0.7910295    -0.6691066    -0.5429629    -0.4127437    -0.2786540    -0.1409683    -0.0000394     0.1436926     0.2896932     0.4373279     0.5858583     0.7344413     0.8821308     1.0278840     1.1705719     1.3089947     1.4419031     1.5680255     1.6861003     1.7949140     1.8933422     1.9803931     2.0552488     2.1173032     2.1661900     2.2017987     2.2242735     2.2339941     2.2315361     2.2176156     2.1930215     2.1585454     2.1149192     2.0627712     2.0026107     1.9348461     1.8598340     1.7779519     1.6896799     1.5956722     1.4968037     1.3941793     1.2891026     1.1830116     1.0773935     0.9736947     0.8732406     0.7771761     0.6864280     0.6016922     0.5234374     0.4519226     0.3872215     0.3292514     0.2778018     0.2325620     0.1931471     0.1591205     0.1300139     0.1053447     0.0846301     0.0673992     0.0532020     0.0416168     0.0322553     0.0247655     0.0188334
    -2.3786811    -2.3764476    -2.3726951    -2.3673787    -2.3604350    -2.3517822    -2.3413196    -2.3289278    -2.3144688    -2.2977864    -2.2787073    -2.2570425    -2.2325902    -2.2051391    -2.1744727    -2.1403747    -2.1026354    -2.0610578    -2.0154643    -1.9657016    -1.9116443    -1.8531969    -1.7902921    -1.7228877    -1.6509614    -1.5745040    -1.4935143    -1.4079930    -1.3179404    -1.2233549    -1.1242353    -1.0205844    -0.9124153    -0.7997590    -0.6826732    -0.5612524    -0.4356375    -0.3060266    -0.1726844    -0.0359525     0.1037426     0.2458810     0.3898440     0.5349100     0.6802524     0.8249422     0.9679530     1.1081714     1.2444123     1.3754397     1.4999931     1.6168205     1.7247152     1.8225574     1.9093567     1.9842940     2.0467583     2.0963759     2.1330250     2.1568360     2.1681712     2.1675865     2.1557754     2.1335023     2.1015324     2.0605697     2.0112139     1.9539452     1.8891425     1.8171336     1.7382677     1.6529974     1.5619513     1.4659801     1.3661664     1.2637940     1.1602839     1.0571088     0.9557037     0.8573859     0.7632949     0.6743554     0.5912634     0.5144907     0.4443011     0.3807755     0.3238394     0.2732917     0.2288321     0.1900863     0.1566286     0.1280015     0.1037329     0.0833500     0.0663912     0.0524152     0.0410082     0.0317887     0.0244111     0.0185668
    -2.2436959    -2.2418711    -2.2388023    -2.2344483    -2.2287509    -2.2216347    -2.2130067    -2.2027559    -2.1907533    -2.1768516    -2.1608858    -2.1426738    -2.1220182    -2.0987082    -2.0725227    -2.0432351    -2.0106174    -1.9744469    -1.9345119    -1.8906180    -1.8425933    -1.7902921    -1.7335972    -1.6724188    -1.6066924    -1.5363745    -1.4614369    -1.3818624    -1.2976401    -1.2087634    -1.1152299    -1.0170437    -0.9142198    -0.8067905    -0.6948137    -0.5783815    -0.4576305    -0.3327516    -0.2040003    -0.0717065     0.0637165     0.2017640     0.3418334     0.4832200     0.6251150     0.7666066     0.9066857     1.0442555     1.1781463     1.3071358     1.4299762     1.5454253     1.6522844     1.7494385     1.8358993     1.9108468     1.9736659     2.0239749     2.0616414     2.0867812     2.0997394     2.1010513     2.0913875     2.0714869     2.0420874     2.0038642     1.9573870     1.9031056     1.8413683     1.7724724     1.6967376     1.6145878     1.5266240     1.4336716     1.3367895     1.2372406     1.1364274     1.0358072     0.9368028     0.8407225     0.7486999     0.6616569     0.5802898     0.5050730     0.4362756     0.3739854     0.3181365     0.2685376     0.2248990     0.1868577     0.1539992     0.1258774     0.1020311     0.0819980     0.0653263     0.0515837     0.0403647     0.0312953     0.0240363     0.0182846
    -2.1072201    -2.1057807    -2.1033565    -2.0999096    -2.0953862    -2.0897167    -2.0828149    -2.0745778    -2.0648846    -2.0535972    -2.0405594    -2.0255975    -2.0085206    -1.9891226    -1.9671833    -1.9424721    -1.9147517    -1.8837828    -1.8493296    -1.8111661    -1.7690820    -1.7228877    -1.6724188    -1.6175377    -1.5581347    -1.4941253    -1.4254472    -1.3520563    -1.2739226    -1.1910267    -1.1033590    -1.0109198    -0.9137227    -0.8117989    -0.7052048    -0.5940296    -0.4784050    -0.3585149    -0.2346054    -0.1069948     0.0239169     0.1576404     0.2935896     0.4310771     0.5693120     0.7074009     0.8443525     0.9790874     1.1104518     1.2372388     1.3582131     1.4721439     1.5778406     1.6741941     1.7602190     1.8350945     1.8982018     1.9491517     1.9878010     2.0142511     2.0288294     2.0320504     2.0245610     2.0070739     1.9802989     1.9448813     1.9013599     1.8501527     1.7915763     1.7258961     1.6534007     1.5744838     1.4897178     1.3999009     1.3060673     1.2094573     1.1114539     1.0134980     0.9169991     0.8232557     0.7333947     0.6483352     0.5687731     0.4951856     0.4278466     0.3668512     0.3121424     0.2635389     0.2207622     0.1834606     0.1512317     0.1236410     0.1002387     0.0805735     0.0642039     0.0507071     0.0396861     0.0307748     0.0236407     0.0179869
    -1.9689194    -1.9678477    -1.9660381    -1.9634555    -1.9600502    -1.9557574    -1.9504971    -1.9441731    -1.9366728    -1.9278662    -1.9176060    -1.9057271    -1.8920468    -1.8763654    -1.8584673    -1.8381230    -1.8150917    -1.7891253    -1.7599727    -1.7273856    -1.6911237    -1.6509614    -1.6066924    -1.5581347    -1.5051326    -1.4475578    -1.3853084    -1.3183064    -1.2464944    -1.1698328    -1.0882976    -1.0018796    -0.9105861    -0.8144443    -0.7135067    -0.6078582    -0.4976247    -0.3829828    -0.2641690    -0.1414901    -0.0153322     0.1138303     0.2454282     0.3787919     0.5131491     0.6476249     0.7812469     0.9129533     1.0416078     1.1660189     1.2849654     1.3972280     1.5016257     1.5970558     1.6825362     1.7572462     1.8205635     1.8720919     1.9116775     1.9394072     1.9555907     1.9607212     1.9554216     1.9403777     1.9162703     1.8837140     1.8432155     1.7951601     1.7398311     1.6774609     1.6083055     1.5327272     1.4512681     1.3646979     1.2740246     1.1804648     1.0853805     0.9901950     0.8963036     0.8049941     0.7173864     0.6343956     0.5567174     0.4848312     0.4190162     0.3593745     0.3058582     0.2582964     0.2164220     0.1798953     0.1483261     0.1212921     0.0983556     0.0790765     0.0630239     0.0497851     0.0389722     0.0302270     0.0232242     0.0176733
    -1.8284765    -1.8277587    -1.8265406    -1.8247894    -1.8224589    -1.8194886    -1.8158037    -1.8113143    -1.8059146    -1.7994825    -1.7918788    -1.7829471    -1.7725128    -1.7603841    -1.7463516    -1.7301902    -1.7116602    -1.6905103    -1.6664813    -1.6393102    -1.6087358    -1.5745040    -1.5363745    -1.4941253    -1.4475578    -1.3964999    -1.3408070    -1.2803621    -1.2150741    -1.1448757    -1.0697212    -0.9895854    -0.9044641    -0.8143757    -0.7193658    -0.6195129    -0.5149360    -0.4058032    -0.2923412    -0.1748449    -0.0536867     0.0706744     0.1976862     0.3266973     0.4569540     0.5876010     0.7176849     0.8461628     0.9719161     1.0937699     1.2105178     1.3209532     1.4239050     1.5182780     1.6030940     1.6775333     1.7409703     1.7930025     1.8334652     1.8624313     1.8801923     1.8872202     1.8841132     1.8715300     1.8501214     1.8204706     1.7830511     1.7382144     1.6862093     1.6272342     1.5615110     1.4893690     1.4113188     1.3281002     1.2406934     1.1502898     1.0582294     0.9659166     0.8747315     0.7859502     0.7006848     0.6198461     0.5441289     0.4740149     0.4097881     0.3515580     0.2992859     0.2528116     0.2118795     0.1761625     0.1452829     0.1188312     0.0963819     0.0775068     0.0617863     0.0488179     0.0382230     0.0296519     0.0227869     0.0173438
    -1.6855969    -1.6852225    -1.6845781    -1.6836330    -1.6823437    -1.6806537    -1.6784926    -1.6757760    -1.6724042    -1.6682620    -1.6632179    -1.6571231    -1.6498116    -1.6410992    -1.6307841    -1.6186470    -1.6044523    -1.5879498    -1.5688773    -1.5469637    -1.5219341    -1.4935143    -1.4614369    -1.4254472    -1.3853084    -1.3408070    -1.2917559    -1.2379963    -1.1793988    -1.1158622    -1.0473124    -0.9737015    -0.8950073    -0.8112347    -0.7224182    -0.6286268    -0.5299705    -0.4266077    -0.3187545    -0.2066934    -0.0907830     0.0285336     0.1507213     0.2751469     0.4010763     0.5276736     0.6540053     0.7790480     0.9017017     1.0208089     1.1351787     1.2436180     1.3449670     1.4381383     1.5221587     1.5962099     1.6596641     1.7121124     1.7533800     1.7835258     1.8028233     1.8117231     1.8107984     1.8006801     1.7819888     1.7552751     1.7209787     1.6794162     1.6308010     1.5752956     1.5130872     1.4444706     1.3699232     1.2901537     1.2061130     1.1189660     1.0300292     0.9406869     0.8523028     0.7661406     0.6833036     0.6046978     0.5310167     0.4627438     0.4001682     0.3434065     0.2924292     0.2470872     0.2071368     0.1722637     0.1421032     0.1162590     0.0943182     0.0758651     0.0604915     0.0478055     0.0374385     0.0290496     0.0223287     0.0169986
    -1.5400155    -1.5399761    -1.5398914    -1.5397324    -1.5394581    -1.5390151    -1.5383372    -1.5373444    -1.5359427    -1.5340229    -1.5314602    -1.5281132    -1.5238233    -1.5184144    -1.5116921    -1.5034440    -1.4934402    -1.4814341    -1.4671643    -1.4503568    -1.4307288    -1.4079930    -1.3818624    -1.3520563    -1.3183064    -1.2803621    -1.2379963    -1.1910088    -1.1392291    -1.0825179    -1.0207671    -0.9538995    -0.8818690    -0.8046609    -0.7222938    -0.6348235    -0.5423480    -0.4450144    -0.3430264    -0.2366536    -0.1262401    -0.0122130     0.1049100     0.2245143     0.3458853     0.4682076     0.5905678     0.7119627     0.8313116     0.9474750     1.0592787     1.1655440     1.2651229     1.3569371     1.4400192     1.5135528     1.5769088     1.6296724     1.6716593     1.7029144     1.7236936     1.7344257     1.7356589     1.7279960     1.7120267     1.6882684     1.6571264     1.6188811     1.5737095     1.5217376     1.4631159     1.3981038     1.3271443     1.2509132     1.1703307     1.0865340     1.0008145     0.9145353     0.8290425     0.7455862     0.6652603     0.5889653     0.5173927     0.4510278     0.3901643     0.3349260     0.2852930     0.2411271     0.2021970     0.1682013     0.1387889     0.1135769     0.0921656     0.0741520     0.0591398     0.0467484     0.0366191     0.0284202     0.0218498     0.0166376
