    -6.1870772    -6.1612988    -6.1188757    -6.0605833    -5.9874407    -5.9006528    -5.8015475    -5.6915137    -5.5719447    -5.4441906    -5.3095214    -5.1691016    -5.0239755    -4.8750609    -4.7231517    -4.5689234    -4.4129444    -4.2556878    -4.0975444    -3.9388352    -3.7798239    -3.6207271    -3.4617240    -3.3029644    -3.1445756    -2.9866677    -2.8293378    -2.6726737    -2.5167566    -2.3616626    -2.2074645    -2.0542324    -1.9020349    -1.7509388    -1.6010100    -1.4523132    -1.3049125    -1.1588714    -1.0142529    -0.8711204    -0.7295382    -0.5895719    -0.4512901    -0.3147651    -0.1800748    -0.0473044     0.0834513     0.2120862     0.3384800     0.4624959     0.5839778     0.7027483     0.8186062     0.9313250     1.0406514     1.1463051     1.2479795     1.3453435     1.4380446     1.5257143     1.6079741     1.6844443     1.7547538     1.8185515     1.8755189     1.9253831     1.9679291     2.0030119     2.0305657     2.0506094     2.0632493     2.0686751     2.0671512     2.0590023     2.0445940     2.0243099     1.9985271     1.9675929     1.9318058     1.8914034     1.8465593     1.7973913     1.7439798     1.6863959     1.6247345     1.5591487     1.4898808     1.4172838     1.3418319     1.2641158     1.1848250     1.1047197     1.0245951     0.9452439     0.8674213     0.7918154     0.7190258     0.6495500     0.5837790     0.5219977
    -6.1612988    -6.1359316    -6.0941699    -6.0367566    -5.9646695    -5.8790680    -5.7812341    -5.6725134    -5.5542613    -5.4277967    -5.2943660    -5.1551171    -5.0110842    -4.8631809    -4.7122004    -4.5588214    -4.4036171    -4.2470669    -4.0895682    -3.9314491    -3.7729799    -3.6143832    -3.4558439    -3.2975167    -3.1395332    -2.9820069    -2.8250382    -2.6687174    -2.5131276    -2.3583467    -2.2044487    -2.0515049    -1.8995844    -1.7487548    -1.5990822    -1.4506317    -1.3034674    -1.1576528    -1.0132511    -0.8703256    -0.7289403    -0.5891608    -0.4510554    -0.3146964    -0.1801615    -0.0475358     0.0830860     0.2115980     0.3378798     0.4617946     0.5831864     0.7018777     0.8176673     0.9303283     1.0396073     1.1452238     1.2468708     1.3442168     1.4369092     1.5245787     1.6068465     1.6833323     1.7536644     1.8174913     1.8744936     1.9243978     1.9669885     2.0021198     2.0297251     2.0498230     2.0625188     2.0680016     2.0665352     2.0584437     2.0440922     2.0238636     1.9981346     1.9672522     1.9315145     1.8911586     1.8463581     1.7972303     1.7438558     1.6863056     1.6246743     1.5591153     1.4898708     1.4172941     1.3418594     1.2641575     1.1848782     1.1047819     1.0246639     0.9453172     0.8674973     0.7918925     0.7191024     0.6496251     0.5838515     0.5220668
    -6.1188757    -6.0941699    -6.0534737    -5.9974781    -5.9270963    -5.8434158    -5.7476450    -5.6410605    -5.5249563    -5.4006005    -5.2692003    -5.1318759    -4.9896443    -4.8434106    -4.6939667    -4.5419950    -4.3880765    -4.2327000    -4.0762739    -3.9191372    -3.7615709    -3.6038077    -3.4460416    -3.2884354    -3.1311276    -2.9742378    -2.8178713    -2.6621228    -2.5070787    -2.3528197    -2.1994219    -2.0469585    -1.8954997    -1.7451140    -1.5958683    -1.4478281    -1.3010577    -1.1556207    -1.0115801    -0.8689993    -0.7279419    -0.5884735    -0.4506620    -0.3145796    -0.1803036    -0.0479190     0.0824799     0.2107870     0.3368822     0.4606287     0.5818704     0.7004298     0.8161054     0.9286700     1.0378700     1.1434244     1.2450257     1.3423419     1.4350195     1.5226886     1.6049696     1.6814813     1.7518511     1.8157263     1.8727868     1.9227577     1.9654226     2.0006345     2.0283257     2.0485136     2.0613023     2.0668800     2.0655093     2.0575134     2.0432563     2.0231202     1.9974809     1.9666847     1.9310290     1.8907507     1.8460225     1.7969619     1.7436490     1.6861547     1.6245737     1.5590592     1.4898538     1.4173108     1.3419046     1.2642264     1.1849663     1.1048849     1.0247780     0.9454390     0.8676235     0.7920204     0.7192298     0.6497499     0.5839721     0.5221818
    -6.0605833    -6.0367566    -5.9974781    -5.9433729    -5.8752709    -5.7941659    -5.7011709    -5.5974710    -5.4842782    -5.3627919    -5.2341652    -5.0994793    -4.9597258    -4.8157964    -4.6684795    -4.5184611    -4.3663309    -4.2125902    -4.0576610    -3.9018973    -3.7455940    -3.5889976    -3.4323143    -3.2757180    -3.1193568    -2.9633587    -2.8078360    -2.6528890    -2.4986092    -2.3450809    -2.1923836    -2.0405925    -1.8897799    -1.7400156    -1.5913673    -1.4439011    -1.2976818    -1.1527729    -1.0092376    -0.8671389    -0.7265404    -0.5875071    -0.4501068    -0.3144112    -0.1804973    -0.0484500     0.0816369     0.2096574     0.3354915     0.4590025     0.5800343     0.6984090     0.8139250     0.9263548     1.0354441     1.1409115     1.2424488     1.3397229     1.4323797     1.5200481     1.6023474     1.6788951     1.7493173     1.8132600     1.8704015     1.9204656     1.9632341     1.9985586     2.0263697     2.0466832     2.0596018     2.0653120     2.0640751     2.0562126     2.0420874     2.0220805     1.9965665     1.9658907     1.9303497     1.8901796     1.8455527     1.7965859     1.7433591     1.6859429     1.6244321     1.5589800     1.4898291     1.4173332     1.3419670     1.2643220     1.1850887     1.1050282     1.0249368     0.9456084     0.8677993     0.7921986     0.7194072     0.6499237     0.5841400     0.5223421
    -5.9874407    -5.9646695    -5.9270963    -5.8752709    -5.8099269    -5.7319502    -5.6423414    -5.5421769    -5.4325701    -5.3146359    -5.1894596    -5.0580719    -4.9214303    -4.7804070    -4.6357827    -4.4882456    -4.3383942    -4.1867431    -4.0337304    -3.8797271    -3.7250455    -3.5699486    -3.4146579    -3.2593609    -3.1042178    -2.9493672    -2.7949301    -2.6410144    -2.4877177    -2.3351293    -2.1833326    -2.0324059    -1.8824239    -1.7334580    -1.5855773    -1.4388486    -1.2933371    -1.1491067    -1.0062203    -0.8647409    -0.7247316    -0.5862572    -0.4493850    -0.3141861    -0.1807375    -0.0491232     0.0805629     0.2082153     0.3337140     0.4569224     0.5776843     0.6958217     0.8111326     0.9233890     1.0323360     1.1376914     1.2391460     1.3363660     1.4289957     1.5166629     1.5989853     1.6755789     1.7460681     1.8100971     1.8673424     1.9175256     1.9604269     1.9958956     2.0238603     2.0443348     2.0574199     2.0632999     2.0622343     2.0545430     2.0405869     2.0207456     1.9953922     1.9648707     1.9294769     1.8894456     1.8449485     1.7961020     1.7429855     1.6856696     1.6242489     1.5588767     1.4897959     1.4173604     1.3420455     1.2644431     1.1852443     1.1052107     1.0251393     0.9458246     0.8680236     0.7924262     0.7196338     0.6501457     0.5843546     0.5225468
    -5.9006528    -5.8790680    -5.8434158    -5.7941659    -5.7319502    -5.6575381    -5.5718078    -5.4757156    -5.3702638    -5.2564704    -5.1353405    -5.0078435    -4.8748935    -4.7373356    -4.5959379    -4.4513868    -4.3042880    -4.1551691    -4.0044850    -3.8526254    -3.6999220    -3.5466564    -3.3930677    -3.2393597    -3.0857069    -2.9322600    -2.7791512    -2.6264970    -2.4744025    -2.3229633    -2.1722673    -2.0223969    -1.8734296    -1.7254391    -1.5784958    -1.4326677    -1.2880204    -1.1446182    -1.0025240    -0.8618003    -0.7225103    -0.5847180    -0.4484903    -0.3138978    -0.1810169    -0.0499313     0.0792656     0.2064685     0.3315578     0.4543967     0.5748290     0.6926765     0.8077367     0.9197811     1.0285540     1.1337723     1.2351257     1.3322791     1.4248752     1.5125404     1.5948905     1.6715397     1.7421101     1.8062439     1.8636151     1.9139433     1.9570060     1.9926501     2.0208017     2.0414722     2.0547598     2.0608466     2.0599896     2.0525066     2.0387566     2.0191169     1.9939591     1.9636257     1.9284110     1.8885488     1.8442099     1.7955099     1.7425280     1.6853342     1.6240232     1.5587485     1.4897531     1.4173914     1.3421390     1.2645886     1.1854318     1.1054311     1.0253841     0.9460862     0.8682953     0.7927019     0.7199084     0.6504150     0.5846148     0.5227952
    -5.8015475    -5.7812341    -5.7476450    -5.7011709    -5.6423414    -5.5718078    -5.4903225    -5.3987161    -5.2978724    -5.1887030    -5.0721235    -4.9490317    -4.8202887    -4.6867047    -4.5490278    -4.4079380    -4.2640443    -4.1178852    -3.9699320    -3.8205932    -3.6702207    -3.5191164    -3.3675388    -3.2157096    -3.0638194    -2.9120334    -2.7604958    -2.6093339    -2.4586612    -2.3085805    -2.1591856    -2.0105633    -1.8627946    -1.7159559    -1.5701194    -1.4253543    -1.2817271    -1.1393023    -0.9981428    -0.8583110    -0.7198695    -0.5828821    -0.4474148    -0.3135378    -0.1813268    -0.0508650     0.0777546     0.2044271     0.3290330     0.4514357     0.5714789     0.6889839     0.8037479     0.9155417     1.0241088     1.1291648     1.2303982     1.3274722     1.4200282     1.5076903     1.5900723     1.6667861     1.7374516     1.8017081     1.8592272     1.9097256     1.9529778     1.9888280     2.0171994     2.0381003     2.0516260     2.0579560     2.0573444     2.0501065     2.0365987     2.0171962     1.9922687     1.9621566     1.9271526     1.8874895     1.8433368     1.7948093     1.7419857     1.6849358     1.6237540     1.5585941     1.4896993     1.4174245     1.3422459     1.2647568     1.1856496     1.1056877     1.0256697     0.9463918     0.8686127     0.7930243     0.7202297     0.6507300     0.5849194     0.5230860
    -5.6915137    -5.6725134    -5.6410605    -5.5974710    -5.5421769    -5.4757156    -5.3987161    -5.3118835    -5.2159800    -5.1118063    -5.0001811    -4.8819224    -4.7578295    -4.6286685    -4.4951601    -4.3579710    -4.2177083    -4.0749180    -3.9300849    -3.7836354    -3.6359412    -3.4873252    -3.3380663    -3.1884053    -3.0385505    -2.8886828    -2.7389601    -2.5895215    -2.4404904    -2.2919779    -2.1440843    -1.9969018    -1.8505154    -1.7050045    -1.5604437    -1.4169036    -1.2744517    -1.1331527    -0.9930698    -0.8542652    -0.7168010    -0.5807403    -0.4461487    -0.3130956    -0.1816562    -0.0519129     0.0760418     0.2021033     0.3261523     0.4480523     0.5676469     0.6847571     0.7991795     0.9106841     1.0190133     1.1238816     1.2249759     1.3219578     1.4144664     1.5021239     1.5845417     1.6613289     1.7321027     1.7964995     1.8541877     1.9048809     1.9483502     1.9844366     2.0130599     2.0342249     2.0480238     2.0546327     2.0543027     2.0473460     2.0341162     2.0149861     1.9903227     1.9604646     1.9257027     1.8862681     1.8423292     1.7939999     1.7413581     1.6844735     1.6234402     1.5584122     1.4896331     1.4174582     1.3423645     1.2649459     1.1858959     1.1059788     1.0259941     0.9467393     0.8689742     0.7933917     0.7205960     0.6510893     0.5852669     0.5234178
    -5.5719447    -5.5542613    -5.5249563    -5.4842782    -5.4325701    -5.3702638    -5.2978724    -5.2159800    -5.1252300    -5.0263108    -4.9199404    -4.8068507    -4.6877717    -4.5634170    -4.4344714    -4.3015802    -4.1653426    -4.0263063    -3.8849657    -3.7417624    -3.5970867    -3.4512816    -3.3046463    -3.1574417    -3.0098947    -2.8622028    -2.7145390    -2.5670552    -2.4198860    -2.2731514    -2.1269594    -1.9814081    -1.8365873    -1.6925799    -1.5494631    -1.4073092    -1.2661868    -1.1261615    -0.9872963    -0.8496533    -0.7132942    -0.5782815    -0.4446801    -0.3125588    -0.1819918    -0.0530611     0.0741415     0.1995117     0.3229307     0.4442618     0.5633486     0.6800117     0.7940470     0.9052237     1.0132830     1.1179381     1.2188740     1.3157504     1.4082044     1.4958554     1.5783122     1.6551810     1.7260757     1.7906296     1.8485076     1.8994194     1.9431328     1.9794847     2.0083911     2.0298534     2.0439597     2.0508825     2.0508694     2.0442293     2.0313127     2.0124892     1.9881234     1.9585515     1.9240623     1.8848852     1.8411872     1.7930812     1.7406445     1.6839461     1.6230804     1.5582012     1.4895526     1.4174905     1.3424926     1.2651538     1.1861685     1.1063020     1.0263553     0.9471268     0.8693776     0.7938020     0.7210053     0.6514910     0.5856556     0.5237891
    -5.4441906    -5.4277967    -5.4006005    -5.3627919    -5.3146359    -5.2564704    -5.1887030    -5.1118063    -5.0263108    -4.9327955    -4.8318774    -4.7241989    -4.6104146    -4.4911781    -4.3671300    -4.2388864    -4.1070302    -3.9721044    -3.8346078    -3.6949929    -3.5536656    -3.4109873    -3.2672768    -3.1228147    -2.9778467    -2.8325879    -2.6872269    -2.5419297    -2.3968426    -2.2520958    -2.1078056    -1.9640768    -1.8210044    -1.6786755    -1.5371702    -1.3965631    -1.2569239    -1.1183189    -0.9808116    -0.8444637    -0.7093367    -0.5754924    -0.4429949    -0.3119123    -0.1823180    -0.0542933     0.0720706     0.1966699     0.3193859     0.4400823     0.5586023     0.6747661     0.7883689     0.8991790     1.0069363     1.1113523     1.2121103     1.3088676     1.4012589     1.4889010     1.5713995     1.6483574     1.7193851     1.7841122     1.8421996     1.8933532     1.9373365     1.9739824     2.0032026     2.0249942     2.0394412     2.0467121     2.0470506     2.0407616     2.0281923     2.0097092     1.9856736     1.9564193     1.9222328     1.8833415     1.8399111     1.7920531     1.7398441     1.6833527     1.6226731     1.5579593     1.4894558     1.4175193     1.3426280     1.2653780     1.1864648     1.1066550     1.0267506     0.9475516     0.8698206     0.7942529     0.7214555     0.6519331     0.5860835     0.5241980
    -5.3095214    -5.2943660    -5.2692003    -5.2341652    -5.1894596    -5.1353405    -5.0721235    -5.0001811    -4.9199404    -4.8318774    -4.7365109    -4.6343932    -4.5260999    -4.4122192    -4.2933396    -4.1700398    -4.0428784    -3.9123861    -3.7790593    -3.6433561    -3.5056938    -3.3664491    -3.2259586    -3.0845214    -2.9424016    -2.7998321    -2.6570176    -2.5141385    -2.3713538    -2.2288046    -2.0866161    -1.9449007    -1.8037592    -1.6632832    -1.5235564    -1.3846555    -1.2466521    -1.1096133    -0.9736029    -0.8386828    -0.7049137    -0.5723571    -0.4410763    -0.3111385    -0.1826163    -0.0555903     0.0698489     0.1935981     0.3155390     0.4355351     0.5534294     0.6690419     0.7821670     0.8925717     0.9999946     1.1041454     1.2047054     1.3013296     1.3936499     1.4812799     1.5638221     1.6408758     1.7120477     1.7769631     1.8352789     1.8866964     1.9309747     1.9679420     1.9975055     2.0196574     2.0344775     2.0421295     2.0428530     2.0369489     2.0247602     2.0066500     1.9829765     1.9540705     1.9202159     1.8816381     1.8385011     1.7909152     1.7389561     1.6826919     1.6222167     1.5576846     1.4893406     1.4175419     1.3427680     1.2656158     1.1867821     1.1070348     1.0271773     0.9480112     0.8703003     0.7947418     0.7219440     0.6524132     0.5865484     0.5246425
    -5.1691016    -5.1551171    -5.1318759    -5.0994793    -5.0580719    -5.0078435    -4.9490317    -4.8819224    -4.8068507    -4.7241989    -4.6343932    -4.5378982    -4.4352100    -4.3268468    -4.2133399    -4.0952227    -3.9730218    -3.8472473    -3.7183859    -3.5868946    -3.4531969    -3.3176806    -3.1806970    -3.0425616    -2.9035560    -2.7639299    -2.6239042    -2.4836741    -2.3434117    -2.2032696    -2.0633826    -1.9238710    -1.7848422    -1.6463929    -1.5086104    -1.3715745    -1.2353585    -1.1000306    -0.9656552    -0.8322941    -0.7000078    -0.5688571    -0.4389047    -0.3102167    -0.1828652    -0.0569299     0.0674995     0.1903201     0.3114139     0.4306445     0.5478548     0.6628642     0.7754661     0.8854265     0.9924824     1.0963417     1.1966834     1.2931599     1.3854000     1.4730142     1.5556013     1.6327568     1.7040830     1.7692010     1.8277629     1.8794654     1.9240625     1.9613775     1.9913125     2.0138547     2.0290789     2.0371441     2.0382850     2.0327981     2.0210223     2.0033167     1.9800361     1.9515079     1.9180136     1.8797762     1.8369578     1.7896675     1.7379799     1.6819626     1.6217095     1.5573749     1.4892044     1.4175559     1.3429098     1.2658642     1.1871173     1.1074383     1.0276323     0.9485023     0.8708139     0.7952658     0.7224681     0.6529286     0.5870478     0.5251202
    -5.0239755    -5.0110842    -4.9896443    -4.9597258    -4.9214303    -4.8748935    -4.8202887    -4.7578295    -4.6877717    -4.6104146    -4.5260999    -4.4352100    -4.3381625    -4.2354051    -4.1274073    -4.0146516    -3.8976251    -3.7768095    -3.6526740    -3.5256674    -3.3962129    -3.2647043    -3.1315033    -2.9969391    -2.8613083    -2.7248764    -2.5878799    -2.4505284    -2.3130074    -2.1754811    -2.0380947    -1.9009768    -1.7642419    -1.6279922    -1.4923192    -1.3573059    -1.2230277    -1.0895542    -0.9569505    -0.8252785    -0.6945985    -0.5649708    -0.4364572    -0.3091233    -0.1830399    -0.0582861     0.0650489     0.1868630     0.3070384     0.4254389     0.5419070     0.6562614     0.7682949     0.8777720     0.9844283     1.0879693     1.1880718     1.2843853     1.3765356     1.4641294     1.5467617     1.6240237     1.6955134     1.7608470     1.8196717     1.8716789     1.9166174     1.9543050     1.9846385     2.0075996     2.0232577     2.0317666     2.0333560     2.0283175     2.0169856     1.9997150     1.9768568     1.9487352     1.9156285     1.8777574     1.8352820     1.7883099     1.7369146     1.6811633     1.6211495     1.5570280     1.4890446     1.4175582     1.3430502     1.2661199     1.1874669     1.1078620     1.0281120     0.9490215     0.8713579     0.7958218     0.7230247     0.6534764     0.5875791     0.5256285
    -4.8750609    -4.8631809    -4.8434106    -4.8157964    -4.7804070    -4.7373356    -4.6867047    -4.6286685    -4.5634170    -4.4911781    -4.4122192    -4.3268468    -4.2354051    -4.1382719    -4.0358534    -3.9285771    -3.8168845    -3.7012222    -3.5820339    -3.4597529    -3.3347951    -3.2075541    -3.0783972    -2.9476630    -2.8156604    -2.6826686    -2.5489382    -2.4146927    -2.2801306    -2.1454280    -2.0107403    -1.8762052    -1.7419444    -1.6080661    -1.4746666    -1.3418323    -1.2096412    -1.0781643    -0.9474677    -0.8176136    -0.6886621    -0.5606731    -0.4337077    -0.3078306    -0.1831119    -0.0596297     0.0625275     0.1832580     0.3024443     0.4199503     0.5356183     0.6492663     0.7606861     0.8696409     0.9758644     1.0790600     1.1789019     1.2750366     1.3670863     1.4546543     1.5373310     1.6147034     1.6863646     1.7519255     1.8110282     1.8633585     1.9086594     1.9467431     1.9775004     2.0009074     2.0170277     2.0260094     2.0280768     2.0235165     2.0126579     1.9958515     1.9734442     1.9457564     1.9130636     1.8755836     1.8334746     1.7868425     1.7357597     1.6802927     1.6205350     1.5566414     1.4888584     1.4175456     1.3431856     1.2663792     1.1878272     1.1083022     1.0286127     0.9495651     0.8719288     0.7964060     0.7236104     0.6540534     0.5881390     0.5261647
    -4.7231517    -4.7122004    -4.6939667    -4.6684795    -4.6357827    -4.5959379    -4.5490278    -4.4951601    -4.4344714    -4.3671300    -4.2933396    -4.2133399    -4.1274073    -4.0358534    -3.9390217    -3.8372828    -3.7310286    -3.6206643    -3.5066018    -3.3892512    -3.2690141    -3.1462775    -3.0214082    -2.8947495    -2.7666187    -2.6373058    -2.5070736    -2.3761581    -2.2447702    -2.1130972    -1.9813051    -1.8495405    -1.7179330    -1.5865970    -1.4556339    -1.3251338    -1.1951775    -1.0658380    -0.9371825    -0.8092735    -0.6821714    -0.5559354    -0.4306261    -0.3063074    -0.1830486    -0.0609269     0.0599697     0.1795403     0.2976675     0.4142153     0.5290256     0.6419158     0.7526766     0.8610698     0.9668272     1.0696499     1.1692092     1.2651484     1.3570862     1.4446216     1.5273410     1.6048262     1.6766653     1.7424639     1.8018583     1.8545284     1.9002112     1.9387128     1.9699177     1.9937958     2.0104048     2.0198866     2.0224600     2.0184058     2.0080487     1.9917340     1.9698043     1.9425765     1.9103225     1.8732573     1.8315370     1.7852656     1.7345145     1.6793495     1.6198638     1.5562125     1.4886426     1.4175147     1.3433125     1.2666381     1.1881941     1.1087547     1.0291301     0.9501290     0.8725224     0.7970147     0.7242215     0.6546561     0.5887244     0.5267257
    -4.5689234    -4.5588214    -4.5419950    -4.5184611    -4.4882456    -4.4513868    -4.4079380    -4.3579710    -4.3015802    -4.2388864    -4.1700398    -4.0952227    -4.0146516    -3.9285771    -3.8372828    -3.7410827    -3.6403166    -3.5353448    -3.4265412    -3.3142865    -3.1989612    -3.0809385    -2.9605787    -2.8382242    -2.7141961    -2.5887917    -2.4622829    -2.3349165    -2.2069143    -2.0784744    -1.9497727    -1.8209650    -1.6921884    -1.5635641    -1.4351987    -1.3071866    -1.1796115    -1.0525487    -0.9260666    -0.8002286    -0.6750950    -0.5507248    -0.4271781    -0.3045180    -0.1828131    -0.0621398     0.0574147     0.1757499     0.2927487     0.4082749     0.5221703     0.6342516     0.7443082     0.8521004     0.9573579     1.0597794     1.1590334     1.2547596     1.3465730     1.4340683     1.5168271     1.5944262     1.6664483     1.7324932     1.7921912     1.8452160     1.8912984     1.9302376     1.9619119     1.9862846     2.0034067     2.0134142     2.0165195     2.0129979     2.0031682     1.9873711     1.9659445     1.9392011     1.9074093     1.8707813     1.8294707     1.7835797     1.7331786     1.6783323     1.6191338     1.5557385     1.4883940     1.4174617     1.3434267     1.2668924     1.1885631     1.1092149     1.0296599     0.9507086     0.8731344     0.7976436     0.7248539     0.6552806     0.5893316     0.5273080
    -4.4129444    -4.4036171    -4.3880765    -4.3663309    -4.3383942    -4.3042880    -4.2640443    -4.2177083    -4.1653426    -4.1070302    -4.0428784    -3.9730218    -3.8976251    -3.8168845    -3.7310286    -3.6403166    -3.5450367    -3.4455017    -3.3420437    -3.2350088    -3.1247497    -3.0116196    -2.8959657    -2.7781238    -2.6584135    -2.5371348    -2.4145657    -2.2909608    -2.1665511    -2.0415441    -1.9161249    -1.7904580    -1.6646882    -1.5389433    -1.4133354    -1.2879634    -1.1629143    -1.0382658    -0.9140879    -0.7904448    -0.6673972    -0.5450040    -0.4233249    -0.3024222    -0.1823637    -0.0632254     0.0549064     0.1719315     0.2877332     0.4021753     0.5150990     0.6263203     0.7356274     0.8427789     0.9475025     1.0494941     1.1484192     1.2439140     1.3355893     1.4230355     1.5058290     1.5835416     1.6557500     1.7220480     1.7820597     1.8354523     1.8819496     1.9213443     1.9535076     1.9783960     1.9960538     2.0066102     2.0102714     2.0073064     1.9980284     1.9827728     1.9618727     1.9356365     1.9043288     1.8681590     1.8272777     1.7817857     1.7317516     1.6772397     1.6183429     1.5552166     1.4881090     1.4173827     1.3435238     1.2671374     1.1889295     1.1096780     1.0301970     0.9512993     0.8737601     0.7982882     0.7255032     0.6559228     0.5899567     0.5279080
    -4.2556878    -4.2470669    -4.2327000    -4.2125902    -4.1867431    -4.1551691    -4.1178852    -4.0749180    -4.0263063    -3.9721044    -3.9123861    -3.8472473    -3.7768095    -3.7012222    -3.6206643    -3.5353448    -3.4455017    -3.3514001    -3.2533284    -3.1515938    -3.0465165    -2.9384236    -2.8276433    -2.7144985    -2.5993018    -2.4823511    -2.3639263    -2.2442865    -2.1236694    -2.0022900    -1.8803417    -1.7579965    -1.6354069    -1.5127070    -1.3900145    -1.2674328    -1.1450526    -1.0229543    -0.9012094    -0.7798836    -0.6590378    -0.5387311    -0.4190227    -0.2999746    -0.1816539    -0.0641358     0.0524938     0.1681353     0.2826721     0.3959679     0.5078634     0.6181739     0.7266861     0.8331571     0.9373121     1.0388445     1.1374163     1.2326602     1.3241826     1.4115691     1.4943912     1.5722149     1.6446109     1.7111670     1.7715003     1.8252713     1.8721969     1.9120625     1.9447320     1.9701550     1.9883684     1.9994947     2.0037333     2.0013469     1.9926427     1.9779504     1.9575983     1.9318901     1.9010867     1.8653940     1.8249604     1.7798843     1.7302332     1.6760705     1.6174887     1.5546436     1.4877839     1.4172733     1.3435992     1.2673682     1.1892880     1.1101386     1.0307362     0.9518956     0.8743944     0.7989434     0.7261648     0.6565781     0.5905955     0.5285218
    -4.0975444    -4.0895682    -4.0762739    -4.0576610    -4.0337304    -4.0044850    -3.9699320    -3.9300849    -3.8849657    -3.8346078    -3.7790593    -3.7183859    -3.6526740    -3.5820339    -3.5066018    -3.4265412    -3.3420437    -3.2533284    -3.1606394    -3.0642428    -2.9644226    -2.8614754    -2.7557043    -2.6474139    -2.5369041    -2.4244655    -2.3103750    -2.1948926    -2.0782595    -1.9606959    -1.8424016    -1.7235553    -1.6043160    -1.4848240    -1.3652024    -1.2455592    -1.1259888    -1.0065744    -0.8873896    -0.7685013    -0.6499712    -0.5318586    -0.4142226    -0.2971247    -0.1806315    -0.0648176     0.0502317     0.1644169     0.2776218     0.3897098     0.5005211     0.6098700     0.7175421     0.8232923     0.9268436     1.0278865     1.1260797     1.2210519     1.3124050     1.3997199     1.4825626     1.5604932     1.6330763     1.6998929     1.7605534     1.8147112     1.8620757     1.9024249     1.9356154     1.9615891     1.9803756     1.9920902     1.9969252     1.9951367     1.9870258     1.9729164     1.9531314     1.9279700     1.8976891     1.8624910     1.8225215     1.7778770     1.7286233     1.6748232     1.6165689     1.5540163     1.4874148     1.4171291     1.3436478     1.2675793     1.1896332     1.1105912     1.0312717     0.9524919     0.8750316     0.7996040     0.7268333     0.6572417     0.5912433     0.5291451
    -3.9388352    -3.9314491    -3.9191372    -3.9018973    -3.8797271    -3.8526254    -3.8205932    -3.7836354    -3.7417624    -3.6949929    -3.6433561    -3.5868946    -3.5256674    -3.4597529    -3.3892512    -3.3142865    -3.2350088    -3.1515938    -3.0642428    -2.9731807    -2.8786530    -2.7809219    -2.6802617    -2.5769529    -2.4712775    -2.3635134    -2.2539298    -2.1427832    -2.0303145    -1.9167464    -1.8022827    -1.6871071    -1.5713842    -1.4552596    -1.3388616    -1.2223025    -1.1056804    -0.9890814    -0.8725816    -0.7562491    -0.6401466    -0.5243338    -0.4088699    -0.2938160    -0.1792384    -0.0652112     0.0481807     0.1608381     0.2726449     0.3834641     0.4931356     0.6014724     0.7082587     0.8132476     0.9161595     1.0166819     1.1144701     1.2091484     1.3003146     1.3875440     1.4703973     1.5484284     1.6211955     1.6882729     1.7492637     1.8038138     1.8516251     1.8924681     1.9261913     1.9527289     1.9721030     1.9844212     1.9898689     1.9886950     1.9811944     1.9676848     1.9484837     1.9238855     1.8941430     1.8594550     1.8199642     1.7757651     1.7269220     1.6734967     1.6155811     1.5533313     1.4869974     1.4169451     1.3436644     1.2677651     1.1899589     1.1110295     1.0317975     0.9530822     0.8756658     0.8002640     0.7275034     0.6579084     0.5918952     0.5297732
    -3.7798239    -3.7729799    -3.7615709    -3.7455940    -3.7250455    -3.6999220    -3.6702207    -3.6359412    -3.5970867    -3.5536656    -3.5056938    -3.4531969    -3.3962129    -3.3347951    -3.2690141    -3.1989612    -3.1247497    -3.0465165    -2.9644226    -2.8786530    -2.7894141    -2.6969322    -2.6014487    -2.5032164    -2.4024944    -2.2995429    -2.1946182    -2.0879690    -1.9798316    -1.8704280    -1.7599629    -1.6486234    -1.5365776    -1.4239757    -1.3109503    -1.1976178    -1.0840798    -0.9704255    -0.8567331    -0.7430724    -0.6295074    -0.5160981    -0.4029040    -0.2899862    -0.1774107    -0.0652512     0.0464076     0.1574668     0.2678101     0.3773004     0.4857766     0.5930509     0.6989059     0.8030924     0.9053285     1.0052985     1.1026539     1.1970150     1.2879745     1.3751028     1.4579546     1.5360775     1.6090232     1.6763587     1.7376799     1.7926250     1.8408882     1.8822316     1.9164962     1.9436078     1.9635808     1.9765151     1.9825885     1.9820430     1.9751665     1.9622708     1.9436678     1.9196468     1.8904562     1.8562914     1.8172921     1.7735505     1.7251294     1.6720896     1.6145227     1.5525850     1.4865273     1.4167161     1.3436430     1.2679194     1.1902587     1.1114469     1.0323068     0.9536598     0.8762907     0.8009174     0.7281691     0.6585724     0.5925460     0.5304013
    -3.6207271    -3.6143832    -3.6038077    -3.5889976    -3.5699486    -3.5466564    -3.5191164    -3.4873252    -3.4512816    -3.4109873    -3.3664491    -3.3176806    -3.2647043    -3.2075541    -3.1462775    -3.0809385    -3.0116196    -2.9384236    -2.8614754    -2.7809219    -2.6969322    -2.6096954    -2.5194189    -2.4263245    -2.3306441    -2.2326160    -2.1324790    -2.0304689    -1.9268137    -1.8217302    -1.7154215    -1.6080747    -1.4998603    -1.3909310    -1.2814229    -1.1714558    -1.0611346    -0.9505511    -0.8397860    -0.7289109    -0.6179907    -0.5070865    -0.3962580    -0.2855665    -0.1750779    -0.0648656     0.0449858     0.1543774     0.2631928     0.3712945     0.4785206     0.5846821     0.6895598     0.7929025     0.8944256     0.9938101     1.0907038     1.1847225     1.2754541     1.3624634     1.4452992     1.5235027     1.5966186     1.6642068     1.7258556     1.7811952     1.8299117     1.8717592     1.9065703     1.9342626     1.9548424     1.9684017     1.9751105     1.9752036     1.9689621     1.9566914     1.9386976     1.9152650     1.8866375     1.8530066     1.8145093     1.7712352     1.7232457     1.6706006     1.6133911     1.5517736     1.4859995     1.4164365     1.3435775     1.2680355     1.1905259     1.1118365     1.0327925     0.9542177     0.8768993     0.8015575     0.7288239     0.6592278     0.5931899     0.5310240
    -3.4617240    -3.4558439    -3.4460416    -3.4323143    -3.4146579    -3.3930677    -3.3675388    -3.3380663    -3.3046463    -3.2672768    -3.2259586    -3.1806970    -3.1315033    -3.0783972    -3.0214082    -2.9605787    -2.8959657    -2.8276433    -2.7557043    -2.6802617    -2.6014487    -2.5194189    -2.4343449    -2.3464154    -2.2558331    -2.1628099    -2.0675633    -1.9703118    -1.8712704    -1.7706472    -1.6686396    -1.5654323    -1.4611949    -1.3560815    -1.2502300    -1.1437627    -1.0367871    -0.9293974    -0.8216765    -0.7136978    -0.6055275    -0.4972277    -0.3888585    -0.2804815    -0.1721626    -0.0639755     0.0439955     0.1516514     0.2588754     0.3655294     0.4714508     0.5764491     0.6803034     0.7827604     0.8835324     0.9822973     1.0786987     1.1723482     1.2628284     1.3496986     1.4325013     1.5107714     1.5840464     1.6518786     1.7138486     1.7695787     1.8187466     1.8610980     1.8964570     1.9247330     1.9459238     1.9601132     1.9674635     1.9682021     1.9626029     1.9509650     1.9335884     1.9107524     1.8826961     1.8496075     1.8116201     1.7688216     1.7212713     1.6690283     1.6121834     1.5508930     1.4854091     1.4161005     1.3434614     1.2681065     1.1907529     1.1121907     1.0332472     0.9547485     0.8774842     0.8021771     0.7294612     0.6598680     0.5938209     0.5316356
    -3.3029644    -3.2975167    -3.2884354    -3.2757180    -3.2593609    -3.2393597    -3.2157096    -3.1884053    -3.1574417    -3.1228147    -3.0845214    -3.0425616    -2.9969391    -2.9476630    -2.8947495    -2.8382242    -2.7781238    -2.7144985    -2.6474139    -2.5769529    -2.5032164    -2.4263245    -2.3464154    -2.2636451    -2.1781847    -2.0902176    -1.9999361    -1.9075377    -1.8132203    -1.7171791    -1.6196022    -1.5206683    -1.4205438    -1.3193813    -1.2173190    -1.1144803    -1.0109745    -0.9068978    -0.8023347    -0.6973603    -0.5920423    -0.4864435    -0.3806250    -0.2746487    -0.1685808    -0.0624950     0.0435240     0.1493771     0.2549470     0.3600950     0.4646573     0.5684421     0.6712267     0.7727553     0.8727373     0.9708470     1.0667241     1.1599755     1.2501787     1.3368871     1.4196371     1.4979567     1.5713762     1.6394404     1.7017218     1.7578345     1.8074480     1.8502992     1.8862036     1.9150620     1.9368638     1.9516846     1.9596786     1.9610655     1.9561124     1.9451114     1.9283567     1.9061222     1.8786424     1.8461014     1.8086296     1.7663121     1.7192068     1.6673715     1.6108967     1.5499388     1.4847506     1.4157016     1.3432875     1.2681246     1.1909318     1.1125013     1.0336626     0.9552440     0.8780376     0.8027686     0.7300735     0.6604862     0.5944324     0.5322302
    -3.1445756    -3.1395332    -3.1311276    -3.1193568    -3.1042178    -3.0857069    -3.0638194    -3.0385505    -3.0098947    -2.9778467    -2.9424016    -2.9035560    -2.8613083    -2.8156604    -2.7666187    -2.7141961    -2.6584135    -2.5993018    -2.5369041    -2.4712775    -2.4024944    -2.3306441    -2.2558331    -2.1781847    -2.0978383    -2.0149473    -1.9296765    -1.8421988    -1.7526918    -1.6613335    -1.5682993    -1.4737580    -1.3778697    -1.2807831    -1.1826345    -1.0835467    -0.9836296    -0.8829803    -0.7816847    -0.6798193    -0.5774528    -0.4746492    -0.3714704    -0.2679787    -0.1642410    -0.0603311     0.0436658     0.1476502     0.2515042     0.3550883     0.4582376     0.5607586     0.6624267     0.7629834     0.8621352     0.9595529     1.0548719     1.1476943     1.2375924     1.3241137     1.4067882     1.4851370     1.5586830     1.6269634     1.6895425     1.7460261     1.7960749     1.8394175     1.8758604     1.9052959     1.9277045     1.9431535     1.9517891     1.9538232     1.9495157     1.9391519     1.9230201     1.9013886     1.8744873     1.8424963     1.8055429     1.7637096     1.7170526     1.6656287     1.6095277     1.5489065     1.4840181     1.4152331     1.3430483     1.2680818     1.1910542     1.1127598     1.0340300     0.9556956     0.8785511     0.8033239     0.7306531     0.6610750     0.5950176     0.5328012
    -2.9866677    -2.9820069    -2.9742378    -2.9633587    -2.9493672    -2.9322600    -2.9120334    -2.8886828    -2.8622028    -2.8325879    -2.7998321    -2.7639299    -2.7248764    -2.6826686    -2.6373058    -2.5887917    -2.5371348    -2.4823511    -2.4244655    -2.3635134    -2.2995429    -2.2326160    -2.1628099    -2.0902176    -2.0149473    -1.9371220    -1.8568777    -1.7743604    -1.6897242    -1.6031268    -1.5147270    -1.4246805    -1.3331375    -1.2402400    -1.1461196    -1.0508970    -0.9546807    -0.8575678    -0.7596449    -0.6609890    -0.5616701    -0.4617529    -0.3613001    -0.2603749    -0.1590445    -0.0573834     0.0445227     0.1465737     0.2486510     0.3506139     0.4522963     0.5535030     0.6540072     0.7535479     0.8518283     0.9485155     1.0432406     1.1356009     1.2251633     1.3114692     1.3940422     1.4723963     1.5460471     1.6145238     1.6773827     1.7342210     1.7846908     1.8285118     1.8654817     1.8954839     1.9184905     1.9345600     1.9438306     1.9465064     1.9428398     1.9331095     1.9175976     1.8965669     1.8702427     1.8388008     1.8023655     1.7610169     1.7148092     1.6637982     1.6080732     1.5477910     1.4832053     1.4146875     1.3427357     1.2679694     1.1911111     1.1129567     1.0343401     0.9560942     0.8790156     0.8038343     0.7311917     0.6616265     0.5955690     0.5333419
    -2.8293378    -2.8250382    -2.8178713    -2.8078360    -2.7949301    -2.7791512    -2.7604958    -2.7389601    -2.7145390    -2.6872269    -2.6570176    -2.6239042    -2.5878799    -2.5489382    -2.5070736    -2.4622829    -2.4145657    -2.3639263    -2.3103750    -2.2539298    -2.1946182    -2.1324790    -2.0675633    -1.9999361    -1.9296765    -1.8568777    -1.7816462    -1.7041005    -1.6243685    -1.5425852    -1.4588893    -1.3734202    -1.2863150    -1.1977056    -1.1077166    -1.0164637    -0.9240526    -0.8305787    -0.7361281    -0.6407781    -0.5445988    -0.4476560    -0.3500128    -0.2517333    -0.1528853    -0.0535441     0.0462040     0.1462580     0.2464985     0.3467835     0.4469454     0.5467871     0.6460796     0.7445590     0.8419253     0.9378418     1.0319353     1.1237979     1.2129910     1.2990502     1.3814923     1.4598242     1.5335540     1.6022030     1.6653193     1.7224914     1.7733629     1.8176444     1.8551249     1.8856788     1.9092694     1.9259469     1.9358410     1.9391482     1.9361133     1.9270084     1.9121092     1.8916732     1.8659208     1.8350239     1.7991035     1.7582370     1.7124771     1.6618782     1.6065293     1.5465870     1.4823055     1.4140571     1.3423410     1.2677781     1.1910926     1.1130823     1.0345830     0.9564298     0.8794215     0.8042905     0.7316804     0.6621324     0.5960789     0.5338449
    -2.6726737    -2.6687174    -2.6621228    -2.6528890    -2.6410144    -2.6264970    -2.6093339    -2.5895215    -2.5670552    -2.5419297    -2.5141385    -2.4836741    -2.4505284    -2.4146927    -2.3761581    -2.3349165    -2.2909608    -2.2442865    -2.1948926    -2.1427832    -2.0879690    -2.0304689    -1.9703118    -1.9075377    -1.8421988    -1.7743604    -1.7041005    -1.6315092    -1.5566875    -1.4797453    -1.4007990    -1.3199686    -1.2373748    -1.1531365    -1.0673683    -0.9801784    -0.8916673    -0.8019273    -0.7110424    -0.6190890    -0.5261373    -0.4322530    -0.3375000    -0.2419428    -0.1456501    -0.0486981     0.0488263     0.1468210     0.2451654     0.3437161     0.4423039     0.5407297     0.6387619     0.7361338     0.8325421     0.9276458     1.0210674     1.1123941     1.2011816     1.2869593     1.3692372     1.4475154     1.5212942     1.5900869     1.6534334     1.7109137     1.7621624     1.8068815     1.8448508     1.8759360     1.9000916     1.9173592     1.9278603     1.9317835     1.9293663     1.9208739     1.9065760     1.8867244     1.8615347     1.8311750     1.7957627     1.7553730     1.7100566     1.6598668     1.6048919     1.5452886     1.4813114     1.4133334     1.3418548     1.2674979     1.1909884     1.1131260     1.0347481     0.9566920     0.8797587     0.8046827     0.7321099     0.6625837     0.5965389     0.5343024
