    -6.1794936    -6.1425893    -6.0821816    -5.9998180    -5.8974779    -5.7774218    -5.6420385    -5.4937077    -5.3346897    -5.1670487    -4.9926072    -4.8129291    -4.6293239    -4.4428662    -4.2544234    -4.0646867    -3.8742032    -3.6834048    -3.4926340    -3.3021655    -3.1122242    -2.9229992    -2.7346540    -2.5473349    -2.3611763    -2.1763048    -1.9928419    -1.8109051    -1.6306091    -1.4520666    -1.2753884    -1.1006839    -0.9280625    -0.7576342    -0.5895117    -0.4238128    -0.2606635    -0.1002021     0.0574164     0.2120145     0.3633869     0.5112937     0.6554544     0.7955422     0.9311787     1.0619310     1.1873100     1.3067728     1.4197285     1.5255477     1.6235783     1.7131657     1.7936777     1.8645342     1.9252385     1.9754094     2.0148099     2.0433697     2.0611969     2.0685763     2.0659515     2.0538902     2.0330354     2.0040471     1.9675429     1.9240468     1.8739578     1.8175457     1.7549790     1.6863827     1.6119170     1.5318628     1.4466948     1.3571275     1.2641219     1.1688521     1.0726369     0.9768525     0.8828404     0.7918267     0.7048627     0.6227897     0.5462278     0.4755825     0.4110642     0.3527144     0.3004349     0.2540163     0.2131645     0.1775245     0.1467003     0.1202722     0.0978114     0.0788908     0.0630953     0.0500290     0.0393203     0.0306267     0.0236367     0.0180714
    -6.1425893    -6.1065211    -6.0474391    -5.9667995    -5.8664728    -5.7486068    -5.6154851    -5.4693987    -5.3125400    -5.1469267    -4.9743545    -4.7963767    -4.6143043    -4.4292213    -4.2420095    -4.0533767    -3.8638868    -3.6739877    -3.4840364    -3.2943204    -3.1050752    -2.9164988    -2.7287619    -2.5420164    -2.3564012    -2.1720463    -1.9890756    -1.8076082    -1.6277602    -1.4496449    -1.2733735    -1.0990555    -0.9268001    -0.7567172    -0.5889191    -0.4235233    -0.2606554    -0.1004532     0.0569283     0.2113121     0.3624929     0.5102308     0.6542453     0.7942093     0.9297442     1.0604163     1.1857360     1.3051599     1.4180956     1.5239130     1.6219588     1.7115768     1.7921337     1.8630475     1.9238202     1.9740689     2.0135548     2.0422060     2.0601289     2.0676066     2.0650812     2.0531188     2.0323611     2.0034668     1.9670524     1.9236410     1.8736309     1.8172913     1.7547902     1.6862525     1.6118384     1.5318287     1.4466984     1.3571623     1.2641818     1.1689314     1.0727305     0.9769557     0.8829492     0.7919376     0.7049726     0.6228964     0.5463294     0.4756776     0.4111519     0.3527941     0.3005063     0.2540795     0.2132197     0.1775722     0.1467410     0.1203067     0.0978401     0.0789145     0.0631147     0.0500446     0.0393328     0.0306366     0.0236444     0.0180774
    -6.0821816    -6.0474391    -5.9904628    -5.9125691    -5.8154605    -5.7011086    -5.5716316    -5.4291783    -5.2758305    -5.1135283    -4.9440211    -4.7688414    -4.5892994    -4.4064923    -4.2213230    -4.0345249    -3.8466887    -3.6582878    -3.4697027    -3.2812415    -3.0931574    -2.9056627    -2.7189402    -2.5331512    -2.3484419    -2.1649480    -1.9827973    -1.8021122    -1.6230105    -1.4456068    -1.2700129    -1.0963386    -0.9246929    -0.7551852    -0.5879274    -0.4230363    -0.2606369    -0.1008666     0.0561203     0.2101471     0.3610087     0.5084653     0.6522362     0.7919940     0.9273594     1.0578979     1.1831189     1.3024774     1.4153798     1.5211940     1.6192647     1.7089336     1.7895648     1.8605741     1.9214605     1.9718384     2.0114663     2.0402695     2.0583514     2.0659927     2.0636325     2.0518346     2.0312383     2.0025004     1.9662354     1.9229650     1.8730861     1.8168670     1.7544751     1.6860349     1.6117066     1.5317710     1.4467035     1.3572193     1.2642806     1.1690625     1.0728854     0.9771268     0.8831295     0.7921214     0.7051551     0.6230734     0.5464980     0.4758354     0.4112973     0.3529262     0.3006248     0.2541843     0.2133114     0.1776514     0.1468087     0.1203638     0.0978878     0.0789539     0.0631469     0.0500706     0.0393536     0.0306530     0.0236573     0.0180873
    -5.9998180    -5.9667995    -5.9125691    -5.8382703    -5.7453954    -5.6356935    -5.5110692    -5.3734848    -5.2248730    -5.0670658    -4.9017441    -4.7304062    -4.5543554    -4.3747011    -4.1923710    -4.0081305    -3.8226041    -3.6362990    -3.4496269    -3.2629237    -3.0764665    -2.8904877    -2.7051865    -2.5207373    -2.3372967    -2.1550082    -1.9740055    -1.7944150    -1.6163575    -1.4399493    -1.2653031    -1.0925290    -0.9217358    -0.7530324    -0.5865301    -0.4223447    -0.2606006    -0.1014342     0.0550009     0.2085284     0.3589435     0.5060066     0.6494367     0.7889058     0.9240338     1.0543852     1.1794677     1.2987346     1.4115899     1.5173992     1.6155042     1.7052437     1.7859783     1.8571204     1.9181652     1.9687233     2.0085494     2.0375645     2.0558684     2.0637377     2.0616081     2.0500398     2.0296689     2.0011492     1.9650928     1.9220191     1.8723233     1.8162726     1.7540332     1.6857292     1.6115206     1.5316885     1.4467087     1.3572972     1.2644169     1.1692441     1.0731002     0.9773641     0.8833800     0.7923768     0.7054086     0.6233196     0.5467324     0.4760549     0.4114997     0.3531101     0.3007896     0.2543303     0.2134390     0.1777617     0.1469029     0.1204433     0.0979542     0.0790087     0.0631917     0.0501068     0.0393825     0.0306758     0.0236751     0.0181011
    -5.8974779    -5.8664728    -5.8154605    -5.7453954    -5.6575381    -5.5533867    -5.4346011    -5.3029238    -5.1601062    -5.0078435    -4.8477248    -4.6811970    -4.5095451    -4.3338852    -4.1551691    -3.9741957    -3.7916285    -3.6080139    -3.4238010    -3.2393597    -3.0549965    -2.8709691    -2.6874972    -2.5047720    -2.3229633    -2.1422246    -1.9626974    -1.7845135    -1.6077974    -1.4326677    -1.2592383    -1.0876200    -0.9179213    -0.7502505    -0.5847180    -0.4214386    -0.2605356    -0.1021444     0.0535821     0.2064685     0.3563103     0.5028679     0.6458601     0.7849582     0.9197811     1.0498916     1.1747957     1.2939442     1.4067383     1.5125404     1.6106887     1.7005179     1.7813845     1.8526961     1.9139433     1.9647318     2.0048112     2.0340974     2.0526853     2.0608466     2.0590121     2.0477377     2.0276553     1.9994150     1.9636257     1.9208040     1.8713429     1.8155076     1.7534637     1.6853342     1.6112790     1.5315796     1.4467123     1.3573939     1.2645886     1.1694739     1.0733728     0.9776658     0.8836986     0.7927019     0.7057316     0.6236333     0.5470312     0.4763347     0.4117576     0.3533445     0.3009998     0.2545163     0.2136018     0.1779023     0.1470230     0.1205447     0.0980389     0.0790787     0.0632488     0.0501530     0.0394194     0.0307050     0.0236979     0.0181188
    -5.7774218    -5.7486068    -5.7011086    -5.6356935    -5.5533867    -5.4554276    -5.3432167    -5.2182570    -5.0820947    -4.9362636    -4.7822373    -4.6213912    -4.4549762    -4.2841045    -4.1097454    -3.9327298    -3.7537604    -3.5734259    -3.3922167    -3.2105412    -3.0287402    -2.8471007    -2.6658671    -2.4852509    -2.3054377    -2.1265935    -1.9488690    -1.7724030    -1.5973246    -1.4237554    -1.2518110    -1.0816029    -0.9132393    -0.7468281    -0.5824785    -0.4203042    -0.2604272    -0.1029817     0.0518804     0.2039845     0.3531265     0.4990671     0.6415245     0.7801694     0.9146192     1.0444351     1.1691205     1.2881234     1.4008418     1.5066339     1.6048336     1.6947708     1.7757969     1.8473138     1.9088065     1.9598745     2.0002613     2.0298769     2.0488098     2.0573258     2.0558499     2.0449327     2.0252011     1.9973005     1.9618360     1.9193206     1.8701449     1.8145719     1.7527656     1.6848485     1.6109801     1.5314422     1.4467118     1.3575069     1.2647930     1.1697493     1.0737005     0.9780290     0.8840827     0.7930943     0.7061215     0.6240122     0.5473923     0.4766729     0.4120695     0.3536280     0.3012541     0.2547414     0.2137986     0.1780724     0.1471682     0.1206674     0.0981413     0.0791633     0.0633179     0.0502088     0.0394640     0.0307403     0.0237255     0.0181401
    -5.6420385    -5.6154851    -5.5716316    -5.5110692    -5.4346011    -5.3432167    -5.2380593    -5.1203859    -4.9915246    -4.8528288    -4.7056354    -4.5512265    -4.3908000    -4.2254485    -4.0561480    -3.8837539    -3.7090048    -3.5325312    -3.3548662    -3.1764592    -2.9976888    -2.8188748    -2.6402897    -2.4621681    -2.2847144    -2.1081093    -1.9325144    -1.7580769    -1.5849314    -1.4132035    -1.2430109    -1.0744658    -0.9076766    -0.7427505    -0.5797955    -0.4189241    -0.2602567    -0.1039263     0.0499165     0.2010979     0.3494144     0.4946268     0.6364529     0.7745624     0.9085713     1.0380384     1.1624646     1.2812943     1.3939215     1.4996999     1.5979583     1.6880209     1.7692329     1.8409898     1.9027697     1.9541651     1.9949122     2.0249139     2.0442514     2.0531835     2.0521285     2.0416306     2.0223107     1.9948091     1.9597258     1.9175704     1.8687298     1.8134649     1.7519379     1.6842704     1.6106216     1.5312737     1.4467045     1.3576331     1.2650269     1.1700669     1.0740799     0.9784506     0.8845292     0.7935508     0.7065756     0.6244536     0.5478132     0.4770673     0.4124333     0.3539588     0.3015507     0.2550041     0.2140283     0.1782709     0.1473378     0.1208106     0.0982609     0.0792620     0.0633986     0.0502740     0.0395161     0.0307814     0.0237576     0.0181649
    -5.4937077    -5.4693987    -5.4291783    -5.3734848    -5.3029238    -5.2182570    -5.1203859    -5.0103293    -4.8891941    -4.7581429    -4.6183585    -4.4710099    -4.3172209    -4.1580460    -3.9944517    -3.8273066    -3.6573775    -3.4853318    -3.3117442    -3.1371054    -2.9618330    -2.7862823    -2.6107564    -2.4355158    -2.2607859    -2.0867642    -1.9136254    -1.7415260    -1.5706076    -1.4010003    -1.2328245    -1.0661936    -0.9012163    -0.7379990    -0.5766486    -0.4172762    -0.2600007    -0.1049535     0.0477161     0.1978354     0.3452015     0.4895751     0.6306737     0.7681658     0.9016657     1.0307297     1.1548556     1.2734838     1.3860037     1.4917639     1.5900871     1.6802911     1.7617140     1.8337441     1.8958514     1.9476204     1.9887792     2.0192220     2.0390221     2.0484302     2.0478568     2.0378386     2.0189899     1.9919449     1.9572984     1.9155551     1.8670984     1.8121865     1.7509795     1.6835981     1.6102012     1.5310711     1.4466868     1.3577689     1.2652865     1.1704228     1.0745071     0.9789266     0.8850342     0.7940678     0.7070903     0.6249544     0.5482908     0.4775151     0.4128465     0.3543345     0.3018878     0.2553026     0.2142894     0.1784965     0.1475306     0.1209734     0.0983969     0.0793743     0.0634903     0.0503480     0.0395752     0.0308282     0.0237942     0.0181932
    -5.3346897    -5.3125400    -5.2758305    -5.2248730    -5.1601062    -5.0820947    -4.9915246    -4.8891941    -4.7759976    -4.6529048    -4.5209341    -4.3811242    -4.2345055    -4.0820735    -3.9247668    -3.7634514    -3.5989103    -3.4318399    -3.2628510    -3.0924734    -2.9211636    -2.7493129    -2.5772569    -2.4052837    -2.2336420    -2.0625479    -1.8921908    -1.7227381    -1.5543396    -1.3871305    -1.2212346    -1.0567671    -0.8938371    -0.7325503    -0.5730127    -0.4153337    -0.2596305    -0.1060331     0.0453110     0.1942298     0.3405212     0.4839461     0.6242214     0.7610143     0.8939370     1.0225433     1.1463271     1.2647247     1.3771203     1.4828564     1.5812492     1.6716092     1.7532666     1.8256012     1.8880743     1.9402613     1.9818808     2.0128181     2.0331368     2.0430786     2.0430454     2.0335656     2.0152459     1.9887137     1.9545574     1.9132770     1.8652518     1.8107364     1.7498893     1.6828295     1.6097159     1.5308310     1.4466550     1.3579101     1.2655673     1.1708124     1.0749774     0.9794524     0.8855933     0.7946411     0.7076617     0.6255108     0.5488219     0.4780131     0.4133062     0.3547527     0.3022631     0.2556350     0.2145802     0.1787478     0.1477452     0.1211547     0.0985483     0.0794993     0.0635924     0.0504305     0.0396411     0.0308802     0.0238349     0.0182246
    -5.1670487    -5.1469267    -5.1135283    -5.0670658    -5.0078435    -4.9362636    -4.8528288    -4.7581429    -4.6529048    -4.5378982    -4.4139745    -4.2820314    -4.1429888    -3.9977639    -3.8472473    -3.6922840    -3.5336577    -3.3720820    -3.2081954    -3.0425616    -2.8756729    -2.7079561    -2.5397791    -2.3714592    -2.2032696    -2.0354466    -1.8681959    -1.7016973    -1.5361097    -1.3715745    -1.2082198    -1.0461627    -0.8855129    -0.7263762    -0.5688571    -0.4130637    -0.2591115    -0.1071286     0.0427388     0.1903201     0.3354138     0.4777806     0.6171372     0.7531491     0.8854265     1.0135199     1.1369194     1.2550564     1.3673094     1.4730142     1.5714798     1.6620085     1.7439219     1.8165903     1.8794654     1.9321124     1.9742397     2.0057221     2.0266131     2.0371441     2.0377075     2.0288225     2.0110875     1.9851219     1.9515079     1.9107395     1.8631914     1.8091150     1.7486661     1.6819626     1.6091627     1.5305497     1.4466047     1.3580517     1.2658642     1.1712305     1.0754857     0.9800229     0.8862015     0.7952658     0.7082851     0.6261184     0.5494023     0.4785578     0.4138092     0.3552105     0.3026739     0.2559989     0.2148986     0.1790231     0.1479804     0.1213533     0.0987141     0.0796363     0.0637042     0.0505208     0.0397133     0.0309372     0.0238794     0.0182590
    -4.9926072    -4.9743545    -4.9440211    -4.9017441    -4.8477248    -4.7822373    -4.7056354    -4.6183585    -4.5209341    -4.4139745    -4.2981692    -4.1742712    -4.0430785    -3.9054131    -3.7620987    -3.6139399    -3.4617034    -3.3061051    -3.1477994    -2.9873758    -2.8253569    -2.6622018    -2.4983099    -2.3340271    -2.1696521    -2.0054427    -1.8416219    -1.6783832    -1.5158957    -1.3543081    -1.1937532    -1.0343509    -0.8762121    -0.7194421    -0.5641450    -0.4104271    -0.2584023    -0.1081967     0.0400447     0.1861528     0.3299266     0.4711270     0.6094698     0.7446193     0.8761828     1.0037078     1.1266799     1.2445252     1.3566158     1.4622806     1.5608203     1.6515284     1.7337170     1.8067461     1.8700568     1.9232032     1.9658826     1.9979581     2.0194721     2.0306451     2.0318588     2.0236225     2.0065251     1.9811780     1.9481558     1.9079463     1.8609194     1.8073226     1.7473089     1.6809949     1.6085383     1.5302229     1.4465309     1.3581886     1.2661716     1.1716713     1.0760259     0.9806322     0.8868530     0.7959365     0.7089554     0.6267724     0.5500276     0.4791450     0.4143517     0.3557043     0.3031173     0.2563919     0.2152424     0.1793204     0.1482344     0.1215678     0.0988932     0.0797842     0.0638250     0.0506184     0.0397912     0.0309988     0.0239275     0.0182962
    -4.8129291    -4.7963767    -4.7688414    -4.7304062    -4.6811970    -4.6213912    -4.5512265    -4.4710099    -4.3811242    -4.2820314    -4.1742712    -4.0584551    -3.9352542    -3.8053838    -3.6695845    -3.5286019    -3.3831676    -3.2339824    -3.0817030    -2.9269329    -2.7702174    -2.6120424    -2.4528355    -2.2929700    -2.1327698    -1.9725144    -1.8124451    -1.6527702    -1.4936699    -1.3353012    -1.1778022    -1.0212964    -0.8658962    -0.7117072    -0.5588326    -0.4073775    -0.2574539    -0.1091865     0.0372816     0.1817823     0.3241154     0.4640419     0.6012765     0.7354819     0.8662630     0.9931634     1.1156640     1.2331851     1.3450922     1.4507061     1.5493191     1.6402149     1.7226952     1.7961092     1.8598861     1.9135683     1.9568406     1.9895540     2.0117388     2.0236033     2.0255179     2.0179809     2.0015715     1.9768917     1.9445083     1.9049025     1.8584386     1.8053600     1.7458169     1.6799242     1.6078392     1.5298460     1.4464285     1.3583146     1.2664830     1.1721280     1.0765914     0.9812736     0.8875414     0.7966468     0.7096666     0.6274674     0.5506926     0.4797700     0.4149296     0.3562307     0.3035900     0.2568109     0.2156091     0.1796374     0.1485053     0.1217967     0.0990843     0.0799420     0.0639539     0.0507225     0.0398743     0.0310645     0.0239788     0.0183358
    -4.6293239    -4.6143043    -4.5892994    -4.5543554    -4.5095451    -4.4549762    -4.3908000    -4.3172209    -4.2345055    -4.1429888    -4.0430785    -3.9352542    -3.8200620    -3.6981052    -3.5700294    -3.4365058    -3.2982132    -3.1558202    -3.0099696    -2.8612657    -2.7102657    -2.5574747    -2.4033433    -2.2482691    -2.0925995    -1.9366355    -1.7806368    -1.6248270    -1.4693983    -1.3145170    -1.1603273    -1.0069566    -0.8545196    -0.7031225    -0.5528681    -0.4038601    -0.2562093    -0.1100383     0.0345111     0.1772720     0.3180450     0.4565907     0.5926233     0.7258034     0.8557331     0.9819520     1.1039359     1.2210989     1.3327993     1.4383496     1.5370324     1.6281214     1.7109070     1.7847265     1.8489969     1.9032476     1.9471502     1.9805427     2.0034421     2.0160440     2.0187064     2.0119162     1.9962414     1.9722747     1.9405743     1.9016141     1.8557525     1.8032285     1.7441894     1.6787481     1.6070615     1.5294141     1.4462914     1.3584234     1.2667915     1.1725935     1.0771748     0.9819398     0.8882594     0.7973899     0.7104123     0.6281971     0.5513918     0.4804277     0.4155381     0.3567852     0.3040883     0.2572527     0.2159959     0.1799719     0.1487912     0.1220381     0.0992860     0.0801085     0.0640898     0.0508322     0.0399620     0.0311337     0.0240329     0.0183776
    -4.4428662    -4.4292213    -4.4064923    -4.3747011    -4.3338852    -4.2841045    -4.2254485    -4.1580460    -4.0820735    -3.9977639    -3.9054131    -3.8053838    -3.6981052    -3.5840689    -3.4638198    -3.3379437    -3.2070516    -3.0717636    -2.9326922    -2.7904276    -2.6455266    -2.4985031    -2.3498237    -2.1999052    -2.0491155    -1.8977754    -1.7461625    -1.5945159    -1.4430403    -1.2919115    -1.1412811    -0.9912810    -0.8420284    -0.6936309    -0.5461909    -0.3998115    -0.2546018    -0.1106831     0.0318044     0.1726951     0.3117898     0.4488493     0.5835865     0.7156601     0.8446690     0.9701486     1.0915693     1.2083387     1.3198072     1.4252783     1.5240247     1.6153092     1.6984101     1.7726524     1.8374396     1.8922873     1.9368536     1.9709620     1.9946156     2.0079966     2.0114497     2.0054494     1.9905524     1.9673410     1.9363642     1.8980883     1.8528655     1.8009301     1.7424260     1.6774643     1.6062012     1.5289220     1.4461133     1.3585076     1.2670894     1.1730597     1.0777680     0.9826227     0.8889993     0.7981583     0.7111852     0.6289548     0.5521189     0.4811123     0.4161721     0.3573634     0.3046081     0.2577137     0.2163997     0.1803212     0.1490897     0.1222903     0.0994966     0.0802824     0.0642318     0.0509469     0.0400535     0.0312060     0.0240893     0.0184212
    -4.2544234    -4.2420095    -4.2213230    -4.1923710    -4.1551691    -4.1097454    -4.0561480    -3.9944517    -3.9247668    -3.8472473    -3.7620987    -3.6695845    -3.5700294    -3.4638198    -3.3514001    -3.2332644    -3.1099458    -2.9820016    -2.8499987    -2.7144985    -2.5760427    -2.4351431    -2.2922725    -2.1478604    -2.0022900    -1.8558992    -1.7089821    -1.5617923    -1.4145473    -1.2674328    -1.1206080    -0.9742101    -0.8283597    -0.6831657    -0.5387311    -0.3951582    -0.2525550    -0.1110415     0.0292435     0.1681353     0.3054353     0.4409039     0.5742529     0.7051388     0.8331571     0.9578387     1.0786484     1.1949866     1.3061954     1.4115691     1.5103697     1.6018482     1.6852707     1.7599485     1.8252713     1.8807403     1.9259986     1.9608550     1.9852978     1.9994947     2.0037767     1.9986051     1.9845246     1.9621064     1.9318901     1.8943338     1.8497830     1.7984671     1.7405266     1.6760705     1.6052543     1.5283638     1.4458873     1.3585596     1.2673682     1.1735178     1.0783619     0.9833134     0.8897522     0.7989434     0.7119773     0.6297332     0.5528670     0.4818177     0.4168259     0.3579601     0.3051449     0.2581900     0.2168170     0.1806822     0.1493983     0.1225510     0.0997143     0.0804622     0.0643786     0.0510654     0.0401482     0.0312807     0.0241476     0.0184662
    -4.0646867    -4.0533767    -4.0345249    -4.0081305    -3.9741957    -3.9327298    -3.8837539    -3.8273066    -3.7634514    -3.6922840    -3.6139399    -3.5286019    -3.4365058    -3.3379437    -3.2332644    -3.1228705    -3.0072106    -2.8867699    -2.7620567    -2.6335889    -2.5018798    -2.3674255    -2.2306947    -2.0921202    -1.9520949    -1.8109690    -1.6690500    -1.5266048    -1.3838628    -1.2410199    -1.0982429    -0.9556749    -0.8134401    -0.6716498    -0.5304076    -0.3898157    -0.2499812    -0.1110229     0.0269215     0.1636879     0.2990783     0.4328526     0.5647212     0.6943382     0.8212956     0.9451194     1.0652684     1.1811356     1.2920543     1.3973090     1.4961506     1.5878178     1.6715634     1.7466850     1.8125573     1.8686664     1.9146398     1.9502708     1.9755323     1.9905767     1.9957204     1.9914112     1.9781809     1.9565893     1.9271660     1.8903604     1.8465113     1.7958427     1.7384914     1.6745643     1.6042163     1.5277336     1.4456059     1.3585708     1.2676187     1.1739582     1.0789469     0.9840022     0.8905086     0.7997362     0.7127800     0.6305239     0.5536285     0.4825368     0.4174933     0.3585697     0.3056936     0.2586773     0.2172440     0.1810518     0.1497143     0.1228181     0.0999373     0.0806463     0.0645289     0.0511867     0.0402450     0.0313571     0.0242073     0.0185122
    -3.8742032    -3.8638868    -3.8466887    -3.8226041    -3.7916285    -3.7537604    -3.7090048    -3.6573775    -3.5989103    -3.5336577    -3.4617034    -3.3831676    -3.2982132    -3.2070516    -3.1099458    -3.0072106    -2.8992103    -2.7863519    -2.6690759    -2.5478451    -2.4231308    -2.2954009    -2.1651074    -2.0326772    -1.8985040    -1.7629445    -1.6263157    -1.4888950    -1.3509223    -1.2126026    -1.0741107    -0.9355956    -0.7971858    -0.6589951    -0.5211284    -0.3836880    -0.2467808    -0.1105246     0.0249437     0.1594607     0.2928283     0.4248059     0.5551024     0.6833693     0.8091947     0.9320996     1.0515363     1.1668901     1.2774853     1.3825958     1.4814610     1.5733068     1.6573724     1.7329404     1.7993705     1.8561327     1.9028385     1.9392648     1.9653682     1.9812856     1.9873182     1.9838992     1.9715475     1.9508107     1.9222080     1.8861799     1.8430580     1.7930606     1.7363209     1.6729436     1.6030826     1.5270247     1.4452612     1.3585320     1.2678310     1.1743704     1.0795122     0.9846783     0.8912580     0.8005265     0.7135837     0.6313182     0.5543952     0.4832622     0.4181674     0.3591862     0.3062491     0.2591709     0.2176768     0.1814265     0.1500347     0.1230888     0.1001635     0.0808331     0.0646814     0.0513098     0.0403432     0.0314346     0.0242678     0.0185589
    -3.6834048    -3.6739877    -3.6582878    -3.6362990    -3.6080139    -3.5734259    -3.5325312    -3.4853318    -3.4318399    -3.3720820    -3.3061051    -3.2339824    -3.1558202    -3.0717636    -2.9820016    -2.8867699    -2.7863519    -2.6810759    -2.5713095    -2.4574515    -2.3399204    -2.2191437    -2.0955450    -1.9695336    -1.8414953    -1.7117856    -1.5807253    -1.4485984    -1.3156527    -1.1821012    -1.0481258    -0.9138814    -0.7795010    -0.6451012    -0.5107887    -0.3766665    -0.2428415    -0.1094310     0.0234286     0.1555743     0.2868078     0.4168876     0.5455208     0.6723560     0.7969775     0.9189008     1.0375715     1.1523667     1.2626013     1.3675384     1.4664053     1.5584147     1.6427914     1.7188028     1.7857926     1.8432146     1.8906632     1.9278986     1.9548607     1.9716699     1.9786118     1.9761047     1.9646536     1.9447941     1.9170341     1.8818053     1.8394314     1.7901253     1.7340161     1.6712061     1.6018483     1.5262301     1.4448443     1.3584333     1.2679941     1.1747430     1.0800461     0.9853301     0.8919892     0.8013035     0.7143779     0.6321062     0.5551581     0.4839856     0.4188409     0.3598029     0.3068054     0.2596655     0.2181108     0.1818024     0.1503563     0.1233607     0.1003906     0.0810205     0.0648344     0.0514333     0.0404417     0.0315123     0.0243284     0.0186057
    -3.4926340    -3.4840364    -3.4697027    -3.4496269    -3.4238010    -3.3922167    -3.3548662    -3.3117442    -3.2628510    -3.2081954    -3.1477994    -3.0817030    -3.0099696    -2.9326922    -2.8499987    -2.7620567    -2.6690759    -2.5713095    -2.4690514    -2.3626314    -2.2524075    -2.1387564    -2.0220622    -1.9027058    -1.7810547    -1.6574545    -1.5322228    -1.4056451    -1.2779735    -1.1494265    -1.0201919    -0.8904299    -0.7602776    -0.6298550    -0.4992709    -0.3686293    -0.2380374    -0.1076128     0.0225085     0.1521634     0.2811531     0.4092350     0.5361142     0.6614362     0.7847808     0.9056581     1.0235064     1.1376947     1.2475279     1.3522579     1.4510994     1.5432516     1.6279243     1.7043694     1.7719142     1.8299952     1.8781899     1.9162408     1.9440708     1.9617832     1.9696475     1.9680668     1.9575320     1.9385656     1.9116647     1.8772512     1.8356414     1.7870420     1.7315781     1.6693495     1.6005084     1.5253423     1.4443458     1.3582637     1.2680963     1.1750635     1.0805360     0.9859449     0.8926896     0.8020552     0.7151515     0.6328774     0.5559075     0.4846981     0.4195057     0.3604127     0.3073561     0.2601557     0.2185412     0.1821754     0.1506756     0.1236306     0.1006161     0.0812067     0.0649863     0.0515559     0.0405395     0.0315895     0.0243885     0.0186520
    -3.3021655    -3.2943204    -3.2812415    -3.2629237    -3.2393597    -3.2105412    -3.1764592    -3.1371054    -3.0924734    -3.0425616    -2.9873758    -2.9269329    -2.8612657    -2.7904276    -2.7144985    -2.6335889    -2.5478451    -2.4574515    -2.3626314    -2.2636451    -2.1607857    -2.0543717    -1.9447384    -1.8322279    -1.7171791    -1.5999185    -1.4807525    -1.3599616    -1.2377973    -1.1144803    -0.9902020    -0.8651265    -0.7393950    -0.6131303    -0.4864435    -0.3594403    -0.2322286    -0.1049263     0.0223301     0.1493771     0.2760152     0.4020003     0.5270350     0.6507616     0.7727553     0.8925200     1.0094871     1.1230165     1.2324030     1.3368871     1.4356706     1.5279385     1.6128855     1.6897474     1.7578345     1.8165663     1.8655021     1.9043668     1.9330656     1.9516846     1.9604765     1.9598290     1.9502184     1.9321543     1.9061222     1.8725342     1.8316987     1.7838165     1.7290084     1.6673715     1.5990572     1.5243532     1.4437556     1.3580116     1.2681246     1.1753185     1.0809680     0.9865091     0.8933459     0.8027686     0.7158922     0.6336205     0.5566328     0.4853902     0.4201531     0.3610078     0.3078944     0.2606355     0.2189629     0.1825411     0.1509887     0.1238954     0.1008373     0.0813894     0.0651355     0.0516762     0.0406355     0.0316651     0.0244475     0.0186974
    -3.1122242    -3.1050752    -3.0931574    -3.0764665    -3.0549965    -3.0287402    -2.9976888    -2.9618330    -2.9211636    -2.8756729    -2.8253569    -2.7702174    -2.7102657    -2.6455266    -2.5760427    -2.5018798    -2.4231308    -2.3399204    -2.2524075    -2.1607857    -2.0652823    -1.9661537    -1.8636796    -1.7581549    -1.6498804    -1.5391540    -1.4262623    -1.3114732    -1.1950316    -1.0771562    -0.9580387    -0.8378452    -0.7167195    -0.5947871    -0.4721612    -0.3489492    -0.2252603    -0.1012132     0.0230548     0.1473794     0.2715599     0.3953502     0.5184504     0.6404988     0.7610659     0.8796495     0.9956730     1.1084876     1.2173776     1.3215715     1.4202580     1.5126077     1.5977999     1.6750537     1.7436625     1.8030278     1.8526910     1.8923589     1.9219184     1.9414384     1.9511546     1.9514387     1.9427523     1.9255918     1.9004308     1.8676718     1.8276151     1.7804552     1.7263085     1.6652697     1.5974888     1.5232539     1.4430625     1.3576641     1.2680652     1.1754933     1.0813273     0.9870078     0.8939436     0.8034299     0.7165867     0.6343229     0.5573227     0.4860513     0.4207738     0.3615799     0.3084129     0.2610984     0.2193702     0.1828947     0.1512917     0.1241517     0.1010516     0.0815663     0.0652798     0.0517926     0.0407283     0.0317382     0.0245045     0.0187413
    -2.9229992    -2.9164988    -2.9056627    -2.8904877    -2.8709691    -2.8471007    -2.8188748    -2.7862823    -2.7493129    -2.7079561    -2.6622018    -2.6120424    -2.5574747    -2.4985031    -2.4351431    -2.3674255    -2.2954009    -2.2191437    -2.1387564    -2.0543717    -1.9661537    -1.8742962    -1.7790196    -1.6805654    -1.5791886    -1.4751496    -1.3687063    -1.2601063    -1.1495812    -1.0373415    -0.9235755    -0.8084485    -0.6921049    -0.5746717    -0.4562640    -0.3369908    -0.2169627    -0.0962998     0.0248596     0.1463497     0.2679681     0.3894666     0.5105422     0.6308290     0.7498923     0.8672233     0.9822377     1.0942772     1.2026155     1.3064689     1.4050128     1.4974029     1.5828029     1.6604153     1.7295159     1.7894883     1.8398556     1.8803062     1.9107089     1.9311147     1.9417422     1.9429471     1.9351762     1.9189122     1.8946172     1.8626835     1.8234032     1.7769648     1.7234801     1.6630410     1.5957965     1.5220348     1.4422546     1.3572074     1.2679029     1.1755720     1.0815977     0.9874247     0.8944668     0.8040238     0.7172208     0.6349715     0.5579647     0.4866704     0.4213576     0.3621199     0.3089038     0.2615375     0.2197572     0.1832311     0.1515801     0.1243959     0.1012557     0.0817349     0.0654174     0.0519035     0.0408167     0.0318079     0.0245587     0.0187830
    -2.7346540    -2.7287619    -2.7189402    -2.7051865    -2.6874972    -2.6658671    -2.6402897    -2.6107564    -2.5772569    -2.5397791    -2.4983099    -2.4528355    -2.4033433    -2.3498237    -2.2922725    -2.2306947    -2.1651074    -2.0955450    -2.0220622    -1.9447384    -1.8636796    -1.7790196    -1.6909193    -1.5995630    -1.5051543    -1.4079091    -1.3080487    -1.2057922    -1.1013501    -0.9949192    -0.8866786    -0.7767890    -0.6653929    -0.5526173    -0.4385779    -0.3233852    -0.2071511    -0.0899972     0.0279365     0.1464825     0.2654363     0.3845468     0.5035075     0.6219482     0.7394285     0.8554327     0.9693684     1.0805677     1.1882934     1.2917495     1.3900975     1.4824786     1.5680404     1.6459686     1.7155215     1.7760644     1.8271022     1.8683046     1.8995223     1.9207882     1.9323041     1.9344092     1.9275354     1.9121521     1.8887094     1.8575896     1.8190766     1.7733526     1.7205248     1.6606825     1.5939732     1.5206853     1.4413185     1.3566264     1.2676213     1.1755375     1.0817616     0.9877426     0.8948986     0.8045342     0.7177791     0.6355517     0.5585457     0.4872354     0.4218938     0.3626182     0.3093584     0.2619454     0.2201175     0.1835447     0.1518494     0.1246241     0.1014466     0.0818926     0.0655460     0.0520072     0.0408993     0.0318729     0.0246092     0.0188218
    -2.5473349    -2.5420164    -2.5331512    -2.5207373    -2.5047720    -2.4852509    -2.4621681    -2.4355158    -2.4052837    -2.3714592    -2.3340271    -2.2929700    -2.2482691    -2.1999052    -2.1478604    -2.0921202    -2.0326772    -1.9695336    -1.9027058    -1.8322279    -1.7581549    -1.6805654    -1.5995630    -1.5152749    -1.4278501    -1.3374548    -1.2442670    -1.1484699    -1.0502459    -0.9497705    -0.8472085    -0.7427109    -0.6364149    -0.5284447    -0.4189155    -0.3079381    -0.1956256    -0.0821013     0.0324931     0.1479879     0.2641759     0.3808028     0.4975581     0.6140669     0.7298826     0.8444825     0.9572657     1.0675545     1.1746005     1.2775951     1.3756863     1.4680002     1.5536683     1.6318596     1.7018146     1.7628807     1.8145441     1.8564563     1.8884495     1.9105390     1.9229092     1.9258834     1.9198785     1.9053504     1.8827374     1.8524117     1.8146493     1.7696257     1.7174439     1.6581902     1.5920107     1.5191938     1.4402399     1.3559047     1.2672026     1.1753711     1.0818001     0.9879426     0.8952207     0.8049434     0.7182449     0.6360483     0.5590516     0.4877334     0.4223707     0.3630645     0.3097678     0.2623141     0.2204442     0.1838298     0.1520946     0.1248320     0.1016206     0.0820364     0.0656634     0.0521018     0.0409745     0.0319320     0.0246552     0.0188571
    -2.3611763    -2.3564012    -2.3484419    -2.3372967    -2.3229633    -2.3054377    -2.2847144    -2.2607859    -2.2336420    -2.2032696    -2.1696521    -2.1327698    -2.0925995    -2.0491155    -2.0022900    -1.9520949    -1.8985040    -1.8414953    -1.7810547    -1.7171791    -1.6498804    -1.5791886    -1.5051543    -1.4278501    -1.3473702    -1.2638283    -1.1773545    -1.0880901    -0.9961822    -0.9017788    -0.8050234    -0.7060524    -0.6049930    -0.5019637    -0.3970767    -0.2904417    -0.1821725    -0.0723935     0.0387515     0.1510904     0.2644129     0.3784611     0.4929201     0.6074096     0.7214766     0.8345911     0.9461432     1.0554453     1.1617377     1.2641992     1.3619639     1.4541429     1.5398518     1.6182427     1.6885386     1.7500688     1.8023013     1.8448693     1.8775867     1.9004512     1.9136302     1.9174311     1.9122560     1.8985475     1.8767321     1.8471722     1.8101354     1.7657913     1.7142381     1.6555594     1.5898998     1.5175473     1.4390031     1.3550242     1.2666274     1.1750525     1.0816928     0.9880044     0.8954133     0.8052325     0.7186006     0.6364447     0.5594671     0.4881506     0.4227761     0.3634479     0.3101222     0.2626353     0.2207301     0.1840801     0.1523104     0.1250154     0.1017743     0.0821634     0.0657670     0.0521852     0.0410409     0.0319842     0.0246956     0.0188881
    -2.1763048    -2.1720463    -2.1649480    -2.1550082    -2.1422246    -2.1265935    -2.1081093    -2.0867642    -2.0625479    -2.0354466    -2.0054427    -1.9725144    -1.9366355    -1.8977754    -1.8558992    -1.8109690    -1.7629445    -1.7117856    -1.6574545    -1.5999185    -1.5391540    -1.4751496    -1.4079091    -1.3374548    -1.2638283    -1.1870909    -1.1073222    -1.0246173    -0.9390828    -0.8508324    -0.7599825    -0.6666488    -0.5709435    -0.4729755    -0.3728508    -0.2706764    -0.1665650    -0.0606418     0.0469477     0.1560286     0.2663874     0.3777622     0.4898330     0.6022139     0.7144452     0.8259888     0.9362262     1.0444593     1.1499169     1.2517653     1.3491246     1.4410911     1.5267645     1.6052802     1.6758438     1.7377669     1.7904994     1.8336564     1.8670341     1.8906126     1.9045428     1.9091163     1.9047206     1.8917853     1.8707254     1.8418935     1.8055492     1.7618560     1.7109076     1.6527846     1.5876301     1.5157314     1.4375905     1.3539654     1.2658745     1.1745599     1.0814174     0.9879061     0.8954552     0.8053814     0.7188270     0.6367231     0.5597761     0.4884723     0.4230966     0.3637565     0.3104114     0.2629000     0.2209674     0.1842891     0.1524913     0.1251695     0.1019036     0.0822705     0.0658543     0.0522555     0.0410968     0.0320280     0.0247295     0.0189140
    -1.9928419    -1.9890756    -1.9827973    -1.9740055    -1.9626974    -1.9488690    -1.9325144    -1.9136254    -1.8921908    -1.8681959    -1.8416219    -1.8124451    -1.7806368    -1.7461625    -1.7089821    -1.6690500    -1.6263157    -1.5807253    -1.5322228    -1.4807525    -1.4262623    -1.3687063    -1.3080487    -1.2442670    -1.1773545    -1.1073222    -1.0341994    -0.9580329    -0.8788846    -0.7968291    -0.7119499    -0.6243360    -0.5340797    -0.4412752    -0.3460189    -0.2484122    -0.1485650    -0.0466020     0.0573300     0.1630537     0.2703520     0.3789586     0.4885485     0.5987293     0.7090344     0.8189175     0.9277507     1.0348257     1.1393597     1.2405061     1.3373715     1.4290373     1.5145875     1.5931411     1.6638868     1.7261185     1.7792688     1.8229349     1.8568956     1.8811141     1.8957251     1.9010046     1.8973262     1.8851065     1.8647495     1.8365982     1.8009046     1.7578257     1.7074513     1.6498587     1.5851894     1.5137303     1.4359831     1.3527068     1.2649211     1.1738696     1.0809501     0.9876242     0.8953237     0.8053684     0.7189039     0.6368649     0.5599612     0.4886830     0.4233183     0.3639781     0.3106244     0.2630987     0.2211481     0.1844497     0.1526314     0.1252895     0.1020047     0.0823542     0.0659227     0.0523105     0.0411404     0.0320621     0.0247558     0.0189340
    -1.8109051    -1.8076082    -1.8021122    -1.7944150    -1.7845135    -1.7724030    -1.7580769    -1.7415260    -1.7227381    -1.7016973    -1.6783832    -1.6527702    -1.6248270    -1.5945159    -1.5617923    -1.5266048    -1.4888950    -1.4485984    -1.4056451    -1.3599616    -1.3114732    -1.2601063    -1.2057922    -1.1484699    -1.0880901    -1.0246173    -0.9580329    -0.8883352    -0.8155400    -0.7396791    -0.6607984    -0.5789551    -0.4942159    -0.4066557    -0.3163571    -0.2234121    -0.1279257    -0.0300202     0.0701573     0.1724275     0.2765701     0.3823140     0.4893288     0.5972156     0.7055003     0.8136282     0.9209619     1.0267824     1.1302954     1.2306419     1.3269144     1.4181801     1.5035075     1.5819996     1.6528285     1.7152714     1.7687434     1.8128249     1.8472776     1.8720485     1.8872564     1.8931627     1.8901271     1.8785540     1.8588364     1.8313084     1.7962142     1.7537052     1.7038666     1.6467730     1.5825641     1.5115258     1.4341597     1.3512251     1.2637423     1.1729560     1.0802653     0.9871334     0.8949944     0.8051703     0.7188095     0.6368498     0.5600041     0.4887660     0.4234264     0.3640994     0.3107498     0.2632214     0.2212635     0.1845548     0.1527245     0.1253701     0.1020731     0.0824111     0.0659692     0.0523479     0.0411699     0.0320850     0.0247733     0.0189472
