     0.0000000     0.0000000     0.0000000     0.0000000     0.0000000     0.0000000     0.0000000     0.0000000     0.0000000     0.0000000     0.0000001     0.0000001     0.0000001     0.0000001     0.0000001     0.0000001     0.0000001     0.0000001     0.0000001     0.0000001     0.0000001     0.0000001     0.0000001     0.0000001     0.0000001     0.0000001     0.0000001     0.0000001     0.0000001     0.0000001     0.0000001     0.0000001     0.0000001     0.0000001     0.0000001     0.0000001     0.0000000     0.0000000     0.0000000     0.0000000     0.0000000     0.0000000     0.0000000     0.0000000     0.0000000     0.0000000     0.0000000     0.0000000     0.0000000     0.0000000     0.0000000     0.0000000     0.0000000     0.0000000     0.0000000     0.0000000     0.0000000     0.0000000     0.0000000     0.0000000     0.0000000     0.0000000     0.0000000     0.0000000    -0.0000000    -0.0000000    -0.0000000    -0.0000000    -0.0000000    -0.0000000    -0.0000000    -0.0000000    -0.0000000    -0.0000000    -0.0000000    -0.0000000    -0.0000000    -0.0000000    -0.0000000    -0.0000000    -0.0000000    -0.0000000    -0.0000000    -0.0000000    -0.0000000    -0.0000000    -0.0000000    -0.0000000    -0.0000000    -0.0000000    -0.0000000    -0.0000000    -0.0000000    -0.0000000    -0.0000000    -0.0000000    -0.0000000    -0.0000000    -0.0000000    -0.0000000
     0.0000000     0.0000000     0.0000000     0.0000000     0.0000000     0.0000001     0.0000002     0.0000003     0.0000004     0.0000006     0.0000008     0.0000010     0.0000012     0.0000014     0.0000016     0.0000017     0.0000018     0.0000019     0.0000020     0.0000020     0.0000020     0.0000019     0.0000019     0.0000018     0.0000017     0.0000017     0.0000016     0.0000015     0.0000014     0.0000013     0.0000012     0.0000011     0.0000011     0.0000010     0.0000009     0.0000008     0.0000008     0.0000007     0.0000007     0.0000006     0.0000006     0.0000005     0.0000005     0.0000004     0.0000004     0.0000004     0.0000003     0.0000003     0.0000003     0.0000002     0.0000002     0.0000002     0.0000002     0.0000001     0.0000001     0.0000001     0.0000001     0.0000001     0.0000000     0.0000000     0.0000000     0.0000000     0.0000000     0.0000000    -0.0000000    -0.0000000    -0.0000000    -0.0000000    -0.0000000    -0.0000000    -0.0000000    -0.0000000    -0.0000000    -0.0000000    -0.0000000    -0.0000000    -0.0000000    -0.0000000    -0.0000000    -0.0000000    -0.0000000    -0.0000000    -0.0000000    -0.0000000    -0.0000000    -0.0000000    -0.0000000    -0.0000000    -0.0000000    -0.0000000    -0.0000000    -0.0000000    -0.0000000    -0.0000000    -0.0000000    -0.0000000    -0.0000000    -0.0000000    -0.0000000    -0.0000000
     0.0000000     0.0000000     0.0000000     0.0000001     0.0000002     0.0000004     0.0000008     0.0000013     0.0000021     0.0000030     0.0000040     0.0000051     0.0000061     0.0000071     0.0000079     0.0000086     0.0000092     0.0000095     0.0000098     0.0000098     0.0000098     0.0000096     0.0000094     0.0000091     0.0000087     0.0000083     0.0000079     0.0000074     0.0000070     0.0000066     0.0000061     0.0000057     0.0000053     0.0000050     0.0000046     0.0000043     0.0000039     0.0000036     0.0000033     0.0000031     0.0000028     0.0000026     0.0000024     0.0000022     0.0000020     0.0000018     0.0000016     0.0000015     0.0000013     0.0000012     0.0000010     0.0000009     0.0000008     0.0000007     0.0000006     0.0000005     0.0000004     0.0000003     0.0000003     0.0000002     0.0000001     0.0000001     0.0000001     0.0000000    -0.0000000    -0.0000000    -0.0000000    -0.0000000    -0.0000000    -0.0000000    -0.0000000    -0.0000000    -0.0000000    -0.0000000    -0.0000000    -0.0000000    -0.0000000    -0.0000000    -0.0000000    -0.0000000    -0.0000000    -0.0000000    -0.0000000    -0.0000000    -0.0000000    -0.0000000    -0.0000000    -0.0000000    -0.0000000    -0.0000000    -0.0000000    -0.0000000    -0.0000000    -0.0000000    -0.0000000    -0.0000000    -0.0000000    -0.0000000    -0.0000000    -0.0000000
     0.0000000     0.0000000     0.0000001     0.0000002     0.0000006     0.0000013     0.0000025     0.0000042     0.0000064     0.0000092     0.0000123     0.0000155     0.0000187     0.0000217     0.0000243     0.0000265     0.0000283     0.0000295     0.0000302     0.0000304     0.0000303     0.0000299     0.0000292     0.0000282     0.0000271     0.0000259     0.0000246     0.0000233     0.0000219     0.0000206     0.0000193     0.0000180     0.0000168     0.0000156     0.0000145     0.0000134     0.0000124     0.0000114     0.0000105     0.0000097     0.0000089     0.0000082     0.0000075     0.0000068     0.0000062     0.0000056     0.0000051     0.0000046     0.0000041     0.0000037     0.0000032     0.0000029     0.0000025     0.0000021     0.0000018     0.0000015     0.0000013     0.0000010     0.0000008     0.0000006     0.0000004     0.0000003     0.0000002     0.0000001    -0.0000000    -0.0000001    -0.0000001    -0.0000001    -0.0000001    -0.0000001    -0.0000001    -0.0000001    -0.0000001    -0.0000001    -0.0000001    -0.0000001    -0.0000001    -0.0000001    -0.0000000    -0.0000000    -0.0000000    -0.0000000    -0.0000000    -0.0000000    -0.0000000    -0.0000000    -0.0000000    -0.0000000    -0.0000000    -0.0000000    -0.0000000    -0.0000000    -0.0000000    -0.0000000    -0.0000000    -0.0000000    -0.0000000    -0.0000000    -0.0000000    -0.0000000
     0.0000000     0.0000000     0.0000002     0.0000006     0.0000015     0.0000032     0.0000059     0.0000099     0.0000152     0.0000215     0.0000287     0.0000362     0.0000437     0.0000508     0.0000572     0.0000625     0.0000667     0.0000697     0.0000716     0.0000724     0.0000723     0.0000714     0.0000698     0.0000677     0.0000651     0.0000623     0.0000593     0.0000561     0.0000529     0.0000498     0.0000466     0.0000436     0.0000406     0.0000378     0.0000351     0.0000325     0.0000301     0.0000278     0.0000256     0.0000235     0.0000216     0.0000198     0.0000182     0.0000166     0.0000151     0.0000137     0.0000124     0.0000112     0.0000100     0.0000089     0.0000079     0.0000070     0.0000061     0.0000052     0.0000045     0.0000037     0.0000031     0.0000025     0.0000019     0.0000015     0.0000011     0.0000007     0.0000004     0.0000002    -0.0000000    -0.0000002    -0.0000003    -0.0000003    -0.0000003    -0.0000003    -0.0000003    -0.0000003    -0.0000003    -0.0000002    -0.0000002    -0.0000002    -0.0000002    -0.0000001    -0.0000001    -0.0000001    -0.0000001    -0.0000001    -0.0000000    -0.0000000    -0.0000000    -0.0000000    -0.0000000    -0.0000000    -0.0000000    -0.0000000    -0.0000000    -0.0000000    -0.0000000    -0.0000000    -0.0000000    -0.0000000    -0.0000000    -0.0000000    -0.0000000    -0.0000000
     0.0000000     0.0000001     0.0000004     0.0000013     0.0000032     0.0000066     0.0000121     0.0000199     0.0000301     0.0000424     0.0000563     0.0000712     0.0000861     0.0001003     0.0001131     0.0001240     0.0001328     0.0001392     0.0001434     0.0001455     0.0001456     0.0001441     0.0001412     0.0001372     0.0001323     0.0001268     0.0001208     0.0001146     0.0001082     0.0001018     0.0000955     0.0000894     0.0000834     0.0000776     0.0000721     0.0000668     0.0000619     0.0000572     0.0000527     0.0000485     0.0000446     0.0000409     0.0000375     0.0000342     0.0000312     0.0000283     0.0000256     0.0000231     0.0000207     0.0000185     0.0000164     0.0000144     0.0000125     0.0000108     0.0000092     0.0000077     0.0000064     0.0000051     0.0000040     0.0000030     0.0000022     0.0000014     0.0000008     0.0000003    -0.0000000    -0.0000003    -0.0000005    -0.0000006    -0.0000007    -0.0000007    -0.0000007    -0.0000006    -0.0000006    -0.0000005    -0.0000004    -0.0000004    -0.0000003    -0.0000003    -0.0000002    -0.0000002    -0.0000001    -0.0000001    -0.0000001    -0.0000001    -0.0000001    -0.0000000    -0.0000000    -0.0000000    -0.0000000    -0.0000000    -0.0000000    -0.0000000    -0.0000000    -0.0000000    -0.0000000    -0.0000000    -0.0000000    -0.0000000    -0.0000000    -0.0000000
     0.0000000     0.0000002     0.0000008     0.0000025     0.0000059     0.0000121     0.0000217     0.0000352     0.0000527     0.0000740     0.0000980     0.0001238     0.0001500     0.0001751     0.0001981     0.0002180     0.0002343     0.0002466     0.0002550     0.0002595     0.0002606     0.0002587     0.0002542     0.0002476     0.0002393     0.0002298     0.0002194     0.0002084     0.0001972     0.0001858     0.0001745     0.0001634     0.0001526     0.0001422     0.0001322     0.0001227     0.0001136     0.0001050     0.0000969     0.0000893     0.0000821     0.0000754     0.0000690     0.0000631     0.0000575     0.0000522     0.0000472     0.0000426     0.0000382     0.0000341     0.0000302     0.0000266     0.0000232     0.0000200     0.0000170     0.0000143     0.0000118     0.0000095     0.0000074     0.0000056     0.0000040     0.0000027     0.0000016     0.0000006    -0.0000001    -0.0000006    -0.0000010    -0.0000012    -0.0000013    -0.0000013    -0.0000013    -0.0000012    -0.0000011    -0.0000009    -0.0000008    -0.0000007    -0.0000006    -0.0000005    -0.0000004    -0.0000003    -0.0000003    -0.0000002    -0.0000002    -0.0000001    -0.0000001    -0.0000001    -0.0000001    -0.0000001    -0.0000000    -0.0000000    -0.0000000    -0.0000000    -0.0000000    -0.0000000    -0.0000000    -0.0000000    -0.0000000    -0.0000000    -0.0000000    -0.0000000
     0.0000000     0.0000003     0.0000013     0.0000042     0.0000099     0.0000199     0.0000352     0.0000565     0.0000842     0.0001176     0.0001556     0.0001966     0.0002385     0.0002792     0.0003170     0.0003503     0.0003780     0.0003995     0.0004147     0.0004238     0.0004271     0.0004254     0.0004193     0.0004096     0.0003969     0.0003821     0.0003656     0.0003480     0.0003298     0.0003112     0.0002927     0.0002745     0.0002567     0.0002394     0.0002228     0.0002070     0.0001919     0.0001775     0.0001640     0.0001511     0.0001391     0.0001277     0.0001170     0.0001070     0.0000975     0.0000886     0.0000802     0.0000723     0.0000649     0.0000579     0.0000514     0.0000452     0.0000394     0.0000340     0.0000290     0.0000243     0.0000201     0.0000162     0.0000127     0.0000096     0.0000069     0.0000046     0.0000027     0.0000011    -0.0000001    -0.0000010    -0.0000016    -0.0000020    -0.0000022    -0.0000022    -0.0000022    -0.0000020    -0.0000018    -0.0000016    -0.0000014    -0.0000012    -0.0000010    -0.0000008    -0.0000007    -0.0000006    -0.0000005    -0.0000004    -0.0000003    -0.0000002    -0.0000002    -0.0000002    -0.0000001    -0.0000001    -0.0000001    -0.0000001    -0.0000000    -0.0000000    -0.0000000    -0.0000000    -0.0000000    -0.0000000    -0.0000000    -0.0000000    -0.0000000    -0.0000000
     0.0000000     0.0000004     0.0000021     0.0000064     0.0000152     0.0000301     0.0000527     0.0000842     0.0001247     0.0001737     0.0002297     0.0002904     0.0003530     0.0004147     0.0004726     0.0005244     0.0005684     0.0006036     0.0006293     0.0006458     0.0006536     0.0006534     0.0006463     0.0006334     0.0006157     0.0005943     0.0005700     0.0005439     0.0005164     0.0004883     0.0004601     0.0004321     0.0004046     0.0003779     0.0003521     0.0003274     0.0003038     0.0002813     0.0002600     0.0002399     0.0002209     0.0002030     0.0001861     0.0001702     0.0001552     0.0001411     0.0001278     0.0001153     0.0001035     0.0000924     0.0000820     0.0000721     0.0000629     0.0000543     0.0000463     0.0000389     0.0000321     0.0000259     0.0000203     0.0000154     0.0000110     0.0000074     0.0000043     0.0000018    -0.0000002    -0.0000016    -0.0000026    -0.0000032    -0.0000035    -0.0000036    -0.0000035    -0.0000032    -0.0000029    -0.0000026    -0.0000022    -0.0000019    -0.0000016    -0.0000013    -0.0000011    -0.0000009    -0.0000007    -0.0000006    -0.0000005    -0.0000004    -0.0000003    -0.0000002    -0.0000002    -0.0000001    -0.0000001    -0.0000001    -0.0000001    -0.0000000    -0.0000000    -0.0000000    -0.0000000    -0.0000000    -0.0000000    -0.0000000    -0.0000000    -0.0000000
     0.0000000     0.0000006     0.0000030     0.0000092     0.0000215     0.0000424     0.0000740     0.0001176     0.0001737     0.0002417     0.0003196     0.0004045     0.0004930     0.0005811     0.0006650     0.0007414     0.0008075     0.0008617     0.0009028     0.0009309     0.0009463     0.0009500     0.0009434     0.0009279     0.0009050     0.0008762     0.0008428     0.0008061     0.0007673     0.0007271     0.0006863     0.0006456     0.0006055     0.0005664     0.0005284     0.0004919     0.0004569     0.0004236     0.0003919     0.0003619     0.0003335     0.0003066     0.0002813     0.0002574     0.0002349     0.0002137     0.0001936     0.0001748     0.0001569     0.0001402     0.0001244     0.0001095     0.0000956     0.0000825     0.0000704     0.0000591     0.0000488     0.0000394     0.0000309     0.0000234     0.0000168     0.0000112     0.0000065     0.0000028    -0.0000002    -0.0000024    -0.0000039    -0.0000048    -0.0000053    -0.0000054    -0.0000052    -0.0000049    -0.0000044    -0.0000039    -0.0000034    -0.0000029    -0.0000025    -0.0000020    -0.0000017    -0.0000014    -0.0000011    -0.0000009    -0.0000007    -0.0000006    -0.0000005    -0.0000004    -0.0000003    -0.0000002    -0.0000002    -0.0000001    -0.0000001    -0.0000001    -0.0000001    -0.0000000    -0.0000000    -0.0000000    -0.0000000    -0.0000000    -0.0000000    -0.0000000
     0.0000001     0.0000008     0.0000040     0.0000123     0.0000287     0.0000563     0.0000980     0.0001556     0.0002297     0.0003196     0.0004230     0.0005366     0.0006560     0.0007762     0.0008922     0.0009995     0.0010942     0.0011737     0.0012362     0.0012810     0.0013086     0.0013198     0.0013163     0.0012998     0.0012724     0.0012361     0.0011927     0.0011440     0.0010917     0.0010369     0.0009809     0.0009246     0.0008687     0.0008138     0.0007604     0.0007088     0.0006592     0.0006118     0.0005666     0.0005237     0.0004830     0.0004445     0.0004081     0.0003737     0.0003412     0.0003105     0.0002816     0.0002543     0.0002285     0.0002041     0.0001812     0.0001596     0.0001393     0.0001203     0.0001027     0.0000863     0.0000712     0.0000575     0.0000452     0.0000342     0.0000246     0.0000165     0.0000096     0.0000041    -0.0000002    -0.0000034    -0.0000057    -0.0000070    -0.0000077    -0.0000079    -0.0000076    -0.0000071    -0.0000064    -0.0000057    -0.0000049    -0.0000042    -0.0000036    -0.0000030    -0.0000025    -0.0000020    -0.0000017    -0.0000013    -0.0000011    -0.0000009    -0.0000007    -0.0000005    -0.0000004    -0.0000003    -0.0000003    -0.0000002    -0.0000001    -0.0000001    -0.0000001    -0.0000001    -0.0000000    -0.0000000    -0.0000000    -0.0000000    -0.0000000    -0.0000000
     0.0000001     0.0000010     0.0000051     0.0000155     0.0000362     0.0000712     0.0001238     0.0001966     0.0002904     0.0004045     0.0005366     0.0006827     0.0008375     0.0009951     0.0011492     0.0012940     0.0014243     0.0015361     0.0016268     0.0016950     0.0017404     0.0017641     0.0017675     0.0017530     0.0017230     0.0016800     0.0016266     0.0015652     0.0014978     0.0014264     0.0013525     0.0012776     0.0012028     0.0011288     0.0010565     0.0009863     0.0009186     0.0008536     0.0007914     0.0007323     0.0006760     0.0006226     0.0005721     0.0005243     0.0004790     0.0004363     0.0003958     0.0003576     0.0003215     0.0002874     0.0002552     0.0002249     0.0001964     0.0001697     0.0001449     0.0001218     0.0001006     0.0000813     0.0000639     0.0000484     0.0000349     0.0000233     0.0000137     0.0000059    -0.0000002    -0.0000048    -0.0000079    -0.0000099    -0.0000109    -0.0000111    -0.0000107    -0.0000100    -0.0000091    -0.0000080    -0.0000070    -0.0000060    -0.0000050    -0.0000042    -0.0000035    -0.0000029    -0.0000023    -0.0000019    -0.0000015    -0.0000012    -0.0000010    -0.0000008    -0.0000006    -0.0000005    -0.0000004    -0.0000003    -0.0000002    -0.0000002    -0.0000001    -0.0000001    -0.0000001    -0.0000000    -0.0000000    -0.0000000    -0.0000000    -0.0000000
     0.0000001     0.0000012     0.0000061     0.0000187     0.0000437     0.0000861     0.0001500     0.0002385     0.0003530     0.0004930     0.0006560     0.0008375     0.0010316     0.0012313     0.0014291     0.0016178     0.0017907     0.0019424     0.0020689     0.0021678     0.0022382     0.0022805     0.0022965     0.0022883     0.0022589     0.0022115     0.0021492     0.0020751     0.0019920     0.0019024     0.0018087     0.0017126     0.0016158     0.0015195     0.0014247     0.0013323     0.0012427     0.0011563     0.0010735     0.0009944     0.0009190     0.0008473     0.0007792     0.0007147     0.0006535     0.0005956     0.0005408     0.0004889     0.0004397     0.0003933     0.0003495     0.0003081     0.0002692     0.0002327     0.0001987     0.0001672     0.0001381     0.0001117     0.0000878     0.0000666     0.0000481     0.0000322     0.0000190     0.0000082    -0.0000002    -0.0000064    -0.0000108    -0.0000135    -0.0000148    -0.0000151    -0.0000147    -0.0000137    -0.0000124    -0.0000110    -0.0000095    -0.0000082    -0.0000069    -0.0000058    -0.0000048    -0.0000039    -0.0000032    -0.0000026    -0.0000021    -0.0000017    -0.0000013    -0.0000010    -0.0000008    -0.0000006    -0.0000005    -0.0000004    -0.0000003    -0.0000002    -0.0000002    -0.0000001    -0.0000001    -0.0000001    -0.0000000    -0.0000000    -0.0000000    -0.0000000
     0.0000001     0.0000014     0.0000071     0.0000217     0.0000508     0.0001003     0.0001751     0.0002792     0.0004147     0.0005811     0.0007762     0.0009951     0.0012313     0.0014769     0.0017233     0.0019617     0.0021839     0.0023830     0.0025533     0.0026911     0.0027945     0.0028632     0.0028985     0.0029026     0.0028788     0.0028307     0.0027621     0.0026767     0.0025783     0.0024702     0.0023552     0.0022359     0.0021146     0.0019929     0.0018723     0.0017540     0.0016388     0.0015272     0.0014199     0.0013169     0.0012185     0.0011246     0.0010353     0.0009504     0.0008698     0.0007934     0.0007209     0.0006521     0.0005870     0.0005253     0.0004670     0.0004119     0.0003601     0.0003115     0.0002661     0.0002240     0.0001852     0.0001498     0.0001179     0.0000895     0.0000647     0.0000434     0.0000257     0.0000112    -0.0000000    -0.0000084    -0.0000143    -0.0000179    -0.0000197    -0.0000202    -0.0000196    -0.0000183    -0.0000166    -0.0000147    -0.0000128    -0.0000109    -0.0000092    -0.0000077    -0.0000064    -0.0000053    -0.0000043    -0.0000035    -0.0000028    -0.0000022    -0.0000018    -0.0000014    -0.0000011    -0.0000008    -0.0000007    -0.0000005    -0.0000004    -0.0000003    -0.0000002    -0.0000002    -0.0000001    -0.0000001    -0.0000001    -0.0000000    -0.0000000    -0.0000000
     0.0000001     0.0000016     0.0000079     0.0000243     0.0000572     0.0001131     0.0001981     0.0003170     0.0004726     0.0006650     0.0008922     0.0011492     0.0014291     0.0017233     0.0020219     0.0023150     0.0025926     0.0028461     0.0030682     0.0032535     0.0033987     0.0035025     0.0035654     0.0035894     0.0035777     0.0035343     0.0034636     0.0033701     0.0032582     0.0031321     0.0029956     0.0028521     0.0027043     0.0025548     0.0024055     0.0022580     0.0021135     0.0019730     0.0018371     0.0017063     0.0015808     0.0014608     0.0013462     0.0012371     0.0011333     0.0010345     0.0009407     0.0008516     0.0007671     0.0006870     0.0006111     0.0005394     0.0004718     0.0004083     0.0003490     0.0002940     0.0002432     0.0001968     0.0001550     0.0001178     0.0000853     0.0000574     0.0000340     0.0000151     0.0000003    -0.0000108    -0.0000185    -0.0000233    -0.0000257    -0.0000263    -0.0000256    -0.0000239    -0.0000217    -0.0000192    -0.0000167    -0.0000143    -0.0000121    -0.0000101    -0.0000084    -0.0000069    -0.0000056    -0.0000046    -0.0000037    -0.0000029    -0.0000023    -0.0000018    -0.0000014    -0.0000011    -0.0000009    -0.0000007    -0.0000005    -0.0000004    -0.0000003    -0.0000002    -0.0000001    -0.0000001    -0.0000001    -0.0000001    -0.0000000    -0.0000000
     0.0000001     0.0000017     0.0000086     0.0000265     0.0000625     0.0001240     0.0002180     0.0003503     0.0005244     0.0007414     0.0009995     0.0012940     0.0016178     0.0019617     0.0023150     0.0026663     0.0030043     0.0033186     0.0035999     0.0038412     0.0040374     0.0041857     0.0042856     0.0043384     0.0043470     0.0043155     0.0042487     0.0041518     0.0040299     0.0038882     0.0037313     0.0035635     0.0033885     0.0032095     0.0030291     0.0028495     0.0026725     0.0024994     0.0023311     0.0021685     0.0020118     0.0018615     0.0017176     0.0015801     0.0014490     0.0013240     0.0012050     0.0010918     0.0009841     0.0008819     0.0007851     0.0006934     0.0006069     0.0005256     0.0004495     0.0003788     0.0003136     0.0002540     0.0002002     0.0001523     0.0001104     0.0000745     0.0000444     0.0000199     0.0000008    -0.0000135    -0.0000235    -0.0000297    -0.0000329    -0.0000337    -0.0000328    -0.0000307    -0.0000279    -0.0000247    -0.0000215    -0.0000184    -0.0000155    -0.0000130    -0.0000108    -0.0000089    -0.0000072    -0.0000059    -0.0000047    -0.0000038    -0.0000030    -0.0000024    -0.0000018    -0.0000014    -0.0000011    -0.0000008    -0.0000006    -0.0000005    -0.0000004    -0.0000003    -0.0000002    -0.0000001    -0.0000001    -0.0000001    -0.0000000    -0.0000000
     0.0000001     0.0000018     0.0000092     0.0000283     0.0000667     0.0001328     0.0002343     0.0003780     0.0005684     0.0008075     0.0010942     0.0014243     0.0017907     0.0021839     0.0025926     0.0030043     0.0034063     0.0037865     0.0041337     0.0044388     0.0046948     0.0048973     0.0050443     0.0051359     0.0051745     0.0051638     0.0051087     0.0050150     0.0048885     0.0047352     0.0045606     0.0043701     0.0041682     0.0039591     0.0037463     0.0035325     0.0033203     0.0031114     0.0029072     0.0027089     0.0025171     0.0023323     0.0021548     0.0019847     0.0018220     0.0016665     0.0015182     0.0013767     0.0012421     0.0011140     0.0009923     0.0008771     0.0007682     0.0006657     0.0005698     0.0004805     0.0003980     0.0003227     0.0002546     0.0001939     0.0001408     0.0000952     0.0000570     0.0000259     0.0000016    -0.0000166    -0.0000293    -0.0000373    -0.0000414    -0.0000425    -0.0000414    -0.0000387    -0.0000352    -0.0000312    -0.0000271    -0.0000232    -0.0000196    -0.0000164    -0.0000136    -0.0000112    -0.0000092    -0.0000074    -0.0000060    -0.0000048    -0.0000038    -0.0000030    -0.0000023    -0.0000018    -0.0000014    -0.0000011    -0.0000008    -0.0000006    -0.0000005    -0.0000003    -0.0000002    -0.0000002    -0.0000001    -0.0000001    -0.0000001    -0.0000000
     0.0000001     0.0000019     0.0000095     0.0000295     0.0000697     0.0001392     0.0002466     0.0003995     0.0006036     0.0008617     0.0011737     0.0015361     0.0019424     0.0023830     0.0028461     0.0033186     0.0037865     0.0042359     0.0046541     0.0050299     0.0053541     0.0056203     0.0058246     0.0059657     0.0060449     0.0060653     0.0060315     0.0059495     0.0058256     0.0056666     0.0054789     0.0052689     0.0050421     0.0048037     0.0045582     0.0043091     0.0040598     0.0038125     0.0035694     0.0033319     0.0031012     0.0028779     0.0026627     0.0024557     0.0022571     0.0020668     0.0018847     0.0017108     0.0015448     0.0013867     0.0012362     0.0010935     0.0009584     0.0008312     0.0007119     0.0006008     0.0004981     0.0004042     0.0003192     0.0002434     0.0001770     0.0001200     0.0000722     0.0000333     0.0000028    -0.0000201    -0.0000360    -0.0000461    -0.0000514    -0.0000528    -0.0000514    -0.0000482    -0.0000438    -0.0000388    -0.0000338    -0.0000290    -0.0000245    -0.0000205    -0.0000170    -0.0000140    -0.0000114    -0.0000093    -0.0000075    -0.0000060    -0.0000047    -0.0000037    -0.0000029    -0.0000023    -0.0000017    -0.0000013    -0.0000010    -0.0000008    -0.0000006    -0.0000004    -0.0000003    -0.0000002    -0.0000002    -0.0000001    -0.0000001    -0.0000001
     0.0000001     0.0000020     0.0000098     0.0000302     0.0000716     0.0001434     0.0002550     0.0004147     0.0006293     0.0009028     0.0012362     0.0016268     0.0020689     0.0025533     0.0030682     0.0035999     0.0041337     0.0046541     0.0051469     0.0055985     0.0059980     0.0063365     0.0066080     0.0068095     0.0069406     0.0070033     0.0070018     0.0069417     0.0068296     0.0066727     0.0064785     0.0062540     0.0060061     0.0057408     0.0054637     0.0051795     0.0048921     0.0046049     0.0043205     0.0040410     0.0037679     0.0035025     0.0032455     0.0029974     0.0027586     0.0025291     0.0023089     0.0020980     0.0018963     0.0017037     0.0015202     0.0013458     0.0011805     0.0010246     0.0008782     0.0007417     0.0006155     0.0004999     0.0003952     0.0003018     0.0002199     0.0001495     0.0000904     0.0000423     0.0000045    -0.0000238    -0.0000437    -0.0000562    -0.0000628    -0.0000647    -0.0000631    -0.0000592    -0.0000538    -0.0000477    -0.0000416    -0.0000356    -0.0000301    -0.0000252    -0.0000209    -0.0000172    -0.0000141    -0.0000114    -0.0000092    -0.0000074    -0.0000058    -0.0000046    -0.0000036    -0.0000028    -0.0000021    -0.0000016    -0.0000012    -0.0000009    -0.0000007    -0.0000005    -0.0000004    -0.0000003    -0.0000002    -0.0000001    -0.0000001    -0.0000001
     0.0000001     0.0000020     0.0000098     0.0000304     0.0000724     0.0001455     0.0002595     0.0004238     0.0006458     0.0009309     0.0012810     0.0016950     0.0021678     0.0026911     0.0032535     0.0038412     0.0044388     0.0050299     0.0055985     0.0061296     0.0066097     0.0070277     0.0073755     0.0076477     0.0078421     0.0079591     0.0080018     0.0079751     0.0078856     0.0077406     0.0075483     0.0073165     0.0070530     0.0067651     0.0064593     0.0061415     0.0058166     0.0054889     0.0051618     0.0048381     0.0045200     0.0042092     0.0039068     0.0036137     0.0033304     0.0030573     0.0027945     0.0025421     0.0023001     0.0020686     0.0018475     0.0016370     0.0014372     0.0012484     0.0010709     0.0009053     0.0007519     0.0006113     0.0004839     0.0003701     0.0002702     0.0001842     0.0001120     0.0000531     0.0000069    -0.0000278    -0.0000522    -0.0000677    -0.0000759    -0.0000783    -0.0000765    -0.0000718    -0.0000653    -0.0000580    -0.0000505    -0.0000433    -0.0000366    -0.0000307    -0.0000255    -0.0000210    -0.0000171    -0.0000139    -0.0000112    -0.0000090    -0.0000071    -0.0000056    -0.0000044    -0.0000034    -0.0000026    -0.0000020    -0.0000015    -0.0000011    -0.0000008    -0.0000006    -0.0000005    -0.0000003    -0.0000002    -0.0000002    -0.0000001    -0.0000001
     0.0000001     0.0000020     0.0000098     0.0000303     0.0000723     0.0001456     0.0002606     0.0004271     0.0006536     0.0009463     0.0013086     0.0017404     0.0022382     0.0027945     0.0033987     0.0040374     0.0046948     0.0053541     0.0059980     0.0066097     0.0071737     0.0076769     0.0081085     0.0084608     0.0087292     0.0089123     0.0090116     0.0090309     0.0089761     0.0088545     0.0086744     0.0084443     0.0081730     0.0078686     0.0075388     0.0071907     0.0068303     0.0064629     0.0060929     0.0057239     0.0053588     0.0050000     0.0046491     0.0043074     0.0039757     0.0036548     0.0033451     0.0030466     0.0027598     0.0024846     0.0022213     0.0019700     0.0017312     0.0015051     0.0012924     0.0010935     0.0009091     0.0007398     0.0005864     0.0004492     0.0003286     0.0002248     0.0001375     0.0000662     0.0000102    -0.0000319    -0.0000616    -0.0000805    -0.0000906    -0.0000937    -0.0000916    -0.0000861    -0.0000784    -0.0000696    -0.0000607    -0.0000520    -0.0000441    -0.0000369    -0.0000306    -0.0000252    -0.0000206    -0.0000167    -0.0000135    -0.0000108    -0.0000086    -0.0000068    -0.0000053    -0.0000041    -0.0000032    -0.0000024    -0.0000018    -0.0000014    -0.0000010    -0.0000008    -0.0000006    -0.0000004    -0.0000003    -0.0000002    -0.0000001    -0.0000001
     0.0000001     0.0000019     0.0000096     0.0000299     0.0000714     0.0001441     0.0002587     0.0004254     0.0006534     0.0009500     0.0013198     0.0017641     0.0022805     0.0028632     0.0035025     0.0041857     0.0048973     0.0056203     0.0063365     0.0070277     0.0076769     0.0082685     0.0087895     0.0092296     0.0095817     0.0098422     0.0100104     0.0100886     0.0100815     0.0099960     0.0098401     0.0096227     0.0093530     0.0090403     0.0086933     0.0083200     0.0079279     0.0075232     0.0071114     0.0066971     0.0062842     0.0058756     0.0054738     0.0050805     0.0046970     0.0043245     0.0039635     0.0036146     0.0032783     0.0029547     0.0026445     0.0023478     0.0020652     0.0017973     0.0015447     0.0013083     0.0010888     0.0008871     0.0007040     0.0005402     0.0003961     0.0002718     0.0001673     0.0000818     0.0000145    -0.0000361    -0.0000718    -0.0000947    -0.0001070    -0.0001110    -0.0001087    -0.0001022    -0.0000932    -0.0000828    -0.0000722    -0.0000619    -0.0000525    -0.0000440    -0.0000365    -0.0000301    -0.0000246    -0.0000200    -0.0000161    -0.0000129    -0.0000102    -0.0000081    -0.0000063    -0.0000049    -0.0000038    -0.0000029    -0.0000022    -0.0000016    -0.0000012    -0.0000009    -0.0000007    -0.0000005    -0.0000003    -0.0000002    -0.0000002    -0.0000001
     0.0000001     0.0000019     0.0000094     0.0000292     0.0000698     0.0001412     0.0002542     0.0004193     0.0006463     0.0009434     0.0013163     0.0017675     0.0022965     0.0028985     0.0035654     0.0042856     0.0050443     0.0058246     0.0066080     0.0073755     0.0081085     0.0087895     0.0094032     0.0099367     0.0103805     0.0107282     0.0109768     0.0111266     0.0111808     0.0111449     0.0110264     0.0108341     0.0105776     0.0102667     0.0099110     0.0095198     0.0091015     0.0086636     0.0082128     0.0077548     0.0072944     0.0068354     0.0063811     0.0059339     0.0054957     0.0050681     0.0046520     0.0042485     0.0038582     0.0034818     0.0031198     0.0027728     0.0024417     0.0021271     0.0018301     0.0015516     0.0012928     0.0010546     0.0008381     0.0006442     0.0004734     0.0003261     0.0002019     0.0001004     0.0000202    -0.0000401    -0.0000829    -0.0001103    -0.0001252    -0.0001302    -0.0001278    -0.0001203    -0.0001097    -0.0000976    -0.0000851    -0.0000731    -0.0000619    -0.0000519    -0.0000431    -0.0000355    -0.0000290    -0.0000236    -0.0000190    -0.0000152    -0.0000121    -0.0000095    -0.0000075    -0.0000058    -0.0000045    -0.0000034    -0.0000026    -0.0000019    -0.0000014    -0.0000011    -0.0000008    -0.0000006    -0.0000004    -0.0000003    -0.0000002    -0.0000001
     0.0000001     0.0000018     0.0000091     0.0000282     0.0000677     0.0001372     0.0002476     0.0004096     0.0006334     0.0009279     0.0012998     0.0017530     0.0022883     0.0029026     0.0035894     0.0043384     0.0051359     0.0059657     0.0068095     0.0076477     0.0084608     0.0092296     0.0099367     0.0105671     0.0111083     0.0115513     0.0118905     0.0121238     0.0122522     0.0122796     0.0122125     0.0120591     0.0118286     0.0115314     0.0111778     0.0107777     0.0103408     0.0098758     0.0093905     0.0088919     0.0083857     0.0078770     0.0073698     0.0068673     0.0063722     0.0058867     0.0054122     0.0049502     0.0045018     0.0040679     0.0036495     0.0032475     0.0028629     0.0024969     0.0021506     0.0018255     0.0015227     0.0012438     0.0009900     0.0007623     0.0005616     0.0003882     0.0002420     0.0001222     0.0000276    -0.0000439    -0.0000945    -0.0001273    -0.0001452    -0.0001513    -0.0001488    -0.0001403    -0.0001281    -0.0001140    -0.0000995    -0.0000854    -0.0000724    -0.0000607    -0.0000505    -0.0000416    -0.0000340    -0.0000276    -0.0000223    -0.0000178    -0.0000142    -0.0000112    -0.0000088    -0.0000068    -0.0000052    -0.0000040    -0.0000030    -0.0000023    -0.0000017    -0.0000013    -0.0000009    -0.0000007    -0.0000005    -0.0000003    -0.0000002    -0.0000002
     0.0000001     0.0000017     0.0000087     0.0000271     0.0000651     0.0001323     0.0002393     0.0003969     0.0006157     0.0009050     0.0012724     0.0017230     0.0022589     0.0028788     0.0035777     0.0043470     0.0051745     0.0060449     0.0069406     0.0078421     0.0087292     0.0095817     0.0103805     0.0111083     0.0117501     0.0122943     0.0127323     0.0130594     0.0132742     0.0133784     0.0133769     0.0132765     0.0130863     0.0128162     0.0124768     0.0120789     0.0116329     0.0111488     0.0106354     0.0101010     0.0095526     0.0089961     0.0084368     0.0078789     0.0073257     0.0067802     0.0062446     0.0057209     0.0052105     0.0047150     0.0042357     0.0037739     0.0033310     0.0029086     0.0025082     0.0021315     0.0017803     0.0014562     0.0011609     0.0008957     0.0006616     0.0004591     0.0002881     0.0001479     0.0000369    -0.0000470    -0.0001067    -0.0001455    -0.0001669    -0.0001745    -0.0001719    -0.0001623    -0.0001483    -0.0001321    -0.0001154    -0.0000991    -0.0000841    -0.0000705    -0.0000586    -0.0000483    -0.0000395    -0.0000321    -0.0000259    -0.0000207    -0.0000165    -0.0000130    -0.0000102    -0.0000079    -0.0000061    -0.0000047    -0.0000035    -0.0000027    -0.0000020    -0.0000015    -0.0000011    -0.0000008    -0.0000006    -0.0000004    -0.0000003    -0.0000002
     0.0000001     0.0000017     0.0000083     0.0000259     0.0000623     0.0001268     0.0002298     0.0003821     0.0005943     0.0008762     0.0012361     0.0016800     0.0022115     0.0028307     0.0035343     0.0043155     0.0051638     0.0060653     0.0070033     0.0079591     0.0089123     0.0098422     0.0107282     0.0115513     0.0122943     0.0129428     0.0134855     0.0139148     0.0142264     0.0144198     0.0144974     0.0144647     0.0143294     0.0141007     0.0137894     0.0134063     0.0129627     0.0124693     0.0119362     0.0113727     0.0107872     0.0101867     0.0095777     0.0089653     0.0083540     0.0077475     0.0071488     0.0065606     0.0059850     0.0054240     0.0048796     0.0043535     0.0038477     0.0033640     0.0029046     0.0024715     0.0020670     0.0016932     0.0013521     0.0010453     0.0007742     0.0005394     0.0003408     0.0001778     0.0000485    -0.0000494    -0.0001193    -0.0001648    -0.0001902    -0.0001996    -0.0001971    -0.0001863    -0.0001704    -0.0001520    -0.0001328    -0.0001142    -0.0000969    -0.0000813    -0.0000676    -0.0000557    -0.0000456    -0.0000371    -0.0000299    -0.0000240    -0.0000190    -0.0000150    -0.0000118    -0.0000091    -0.0000071    -0.0000054    -0.0000041    -0.0000031    -0.0000023    -0.0000017    -0.0000012    -0.0000009    -0.0000006    -0.0000005    -0.0000003    -0.0000002
     0.0000001     0.0000016     0.0000079     0.0000246     0.0000593     0.0001208     0.0002194     0.0003656     0.0005700     0.0008428     0.0011927     0.0016266     0.0021492     0.0027621     0.0034636     0.0042487     0.0051087     0.0060315     0.0070018     0.0080018     0.0090116     0.0100104     0.0109768     0.0118905     0.0127323     0.0134855     0.0141361     0.0146734     0.0150904     0.0153835     0.0155529     0.0156016     0.0155358     0.0153637     0.0150951     0.0147409     0.0143127     0.0138217     0.0132791     0.0126952     0.0120796     0.0114406     0.0107857     0.0101214     0.0094532     0.0087858     0.0081230     0.0074685     0.0068250     0.0061954     0.0055820     0.0049874     0.0044141     0.0038644     0.0033411     0.0028469     0.0023843     0.0019561     0.0015648     0.0012124     0.0009004     0.0006299     0.0004009     0.0002125     0.0000629    -0.0000507    -0.0001319    -0.0001852    -0.0002151    -0.0002266    -0.0002242    -0.0002123    -0.0001945    -0.0001736    -0.0001518    -0.0001305    -0.0001108    -0.0000930    -0.0000774    -0.0000638    -0.0000523    -0.0000425    -0.0000343    -0.0000275    -0.0000218    -0.0000172    -0.0000135    -0.0000105    -0.0000081    -0.0000062    -0.0000047    -0.0000035    -0.0000026    -0.0000019    -0.0000014    -0.0000010    -0.0000007    -0.0000005    -0.0000004    -0.0000003
     0.0000001     0.0000015     0.0000074     0.0000233     0.0000561     0.0001146     0.0002084     0.0003480     0.0005439     0.0008061     0.0011440     0.0015652     0.0020751     0.0026767     0.0033701     0.0041518     0.0050150     0.0059495     0.0069417     0.0079751     0.0090309     0.0100886     0.0111266     0.0121238     0.0130594     0.0139148     0.0146734     0.0153218     0.0158499     0.0162513     0.0165232     0.0166661     0.0166839     0.0165832     0.0163725     0.0160623     0.0156637     0.0151885     0.0146483     0.0140545     0.0134177     0.0127474     0.0120524     0.0113403     0.0106179     0.0098909     0.0091643     0.0084425     0.0077294     0.0070285     0.0063430     0.0056761     0.0050310     0.0044109     0.0038191     0.0032588     0.0027334     0.0022462     0.0018001     0.0013978     0.0010412     0.0007315     0.0004689     0.0002526     0.0000805    -0.0000505    -0.0001445    -0.0002063    -0.0002415    -0.0002554    -0.0002534    -0.0002404    -0.0002204    -0.0001969    -0.0001723    -0.0001483    -0.0001259    -0.0001058    -0.0000880    -0.0000726    -0.0000595    -0.0000484    -0.0000390    -0.0000313    -0.0000249    -0.0000197    -0.0000154    -0.0000120    -0.0000092    -0.0000071    -0.0000054    -0.0000040    -0.0000030    -0.0000022    -0.0000016    -0.0000012    -0.0000009    -0.0000006    -0.0000004    -0.0000003
