    -0.0000000    -0.0000001    -0.0000002    -0.0000004    -0.0000007    -0.0000011    -0.0000016    -0.0000021    -0.0000027    -0.0000033    -0.0000038    -0.0000043    -0.0000048    -0.0000051    -0.0000055    -0.0000057    -0.0000058    -0.0000059    -0.0000060    -0.0000059    -0.0000059    -0.0000058    -0.0000056    -0.0000055    -0.0000053    -0.0000051    -0.0000050    -0.0000048    -0.0000046    -0.0000044    -0.0000042    -0.0000040    -0.0000038    -0.0000036    -0.0000034    -0.0000033    -0.0000031    -0.0000030    -0.0000028    -0.0000027    -0.0000025    -0.0000024    -0.0000023    -0.0000022    -0.0000021    -0.0000020    -0.0000018    -0.0000017    -0.0000017    -0.0000016    -0.0000015    -0.0000014    -0.0000013    -0.0000012    -0.0000012    -0.0000011    -0.0000010    -0.0000009    -0.0000009    -0.0000008    -0.0000008    -0.0000007    -0.0000006    -0.0000006    -0.0000005    -0.0000005    -0.0000004    -0.0000004    -0.0000003    -0.0000003    -0.0000003    -0.0000002    -0.0000002    -0.0000002    -0.0000001    -0.0000001    -0.0000001    -0.0000001    -0.0000000    -0.0000000    -0.0000000    -0.0000000    -0.0000000    -0.0000000    -0.0000000     0.0000000     0.0000000     0.0000000     0.0000000     0.0000000     0.0000000     0.0000000     0.0000000     0.0000000     0.0000000     0.0000000     0.0000000     0.0000000     0.0000000     0.0000000
    -0.0000001    -0.0000004    -0.0000013    -0.0000029    -0.0000053    -0.0000084    -0.0000122    -0.0000165    -0.0000211    -0.0000256    -0.0000300    -0.0000341    -0.0000377    -0.0000407    -0.0000432    -0.0000450    -0.0000463    -0.0000471    -0.0000473    -0.0000472    -0.0000467    -0.0000459    -0.0000449    -0.0000437    -0.0000424    -0.0000410    -0.0000395    -0.0000379    -0.0000364    -0.0000348    -0.0000333    -0.0000318    -0.0000303    -0.0000289    -0.0000275    -0.0000262    -0.0000249    -0.0000237    -0.0000225    -0.0000214    -0.0000203    -0.0000193    -0.0000183    -0.0000174    -0.0000165    -0.0000156    -0.0000148    -0.0000140    -0.0000132    -0.0000125    -0.0000118    -0.0000111    -0.0000105    -0.0000099    -0.0000093    -0.0000087    -0.0000081    -0.0000076    -0.0000070    -0.0000065    -0.0000060    -0.0000055    -0.0000051    -0.0000046    -0.0000042    -0.0000038    -0.0000034    -0.0000030    -0.0000027    -0.0000023    -0.0000020    -0.0000017    -0.0000015    -0.0000012    -0.0000010    -0.0000008    -0.0000006    -0.0000005    -0.0000004    -0.0000003    -0.0000002    -0.0000001    -0.0000001    -0.0000000    -0.0000000     0.0000000     0.0000000     0.0000000     0.0000000     0.0000000     0.0000000     0.0000000     0.0000000     0.0000000     0.0000000     0.0000000     0.0000000     0.0000000     0.0000000     0.0000000
    -0.0000002    -0.0000013    -0.0000042    -0.0000094    -0.0000172    -0.0000276    -0.0000401    -0.0000542    -0.0000692    -0.0000843    -0.0000990    -0.0001126    -0.0001246    -0.0001349    -0.0001433    -0.0001496    -0.0001541    -0.0001568    -0.0001579    -0.0001576    -0.0001562    -0.0001537    -0.0001504    -0.0001465    -0.0001421    -0.0001374    -0.0001324    -0.0001273    -0.0001222    -0.0001170    -0.0001119    -0.0001069    -0.0001020    -0.0000972    -0.0000926    -0.0000882    -0.0000839    -0.0000798    -0.0000758    -0.0000720    -0.0000684    -0.0000650    -0.0000617    -0.0000585    -0.0000555    -0.0000526    -0.0000498    -0.0000471    -0.0000446    -0.0000421    -0.0000398    -0.0000375    -0.0000353    -0.0000332    -0.0000312    -0.0000292    -0.0000273    -0.0000255    -0.0000237    -0.0000220    -0.0000203    -0.0000187    -0.0000172    -0.0000156    -0.0000142    -0.0000128    -0.0000115    -0.0000102    -0.0000090    -0.0000079    -0.0000068    -0.0000058    -0.0000049    -0.0000041    -0.0000034    -0.0000027    -0.0000022    -0.0000017    -0.0000013    -0.0000009    -0.0000007    -0.0000004    -0.0000003    -0.0000001    -0.0000001     0.0000000     0.0000001     0.0000001     0.0000001     0.0000001     0.0000001     0.0000001     0.0000001     0.0000001     0.0000001     0.0000001     0.0000001     0.0000000     0.0000000     0.0000000
    -0.0000004    -0.0000029    -0.0000094    -0.0000212    -0.0000389    -0.0000624    -0.0000910    -0.0001233    -0.0001578    -0.0001929    -0.0002270    -0.0002588    -0.0002872    -0.0003116    -0.0003316    -0.0003471    -0.0003582    -0.0003651    -0.0003682    -0.0003681    -0.0003651    -0.0003598    -0.0003525    -0.0003437    -0.0003337    -0.0003229    -0.0003114    -0.0002996    -0.0002877    -0.0002757    -0.0002638    -0.0002521    -0.0002406    -0.0002294    -0.0002186    -0.0002082    -0.0001981    -0.0001884    -0.0001792    -0.0001703    -0.0001617    -0.0001536    -0.0001458    -0.0001383    -0.0001312    -0.0001244    -0.0001178    -0.0001115    -0.0001055    -0.0000997    -0.0000942    -0.0000888    -0.0000837    -0.0000787    -0.0000739    -0.0000692    -0.0000647    -0.0000604    -0.0000562    -0.0000521    -0.0000481    -0.0000443    -0.0000406    -0.0000371    -0.0000336    -0.0000303    -0.0000272    -0.0000242    -0.0000213    -0.0000187    -0.0000162    -0.0000138    -0.0000117    -0.0000098    -0.0000080    -0.0000065    -0.0000052    -0.0000040    -0.0000030    -0.0000022    -0.0000016    -0.0000010    -0.0000006    -0.0000003    -0.0000001     0.0000000     0.0000001     0.0000002     0.0000002     0.0000002     0.0000002     0.0000002     0.0000002     0.0000002     0.0000002     0.0000001     0.0000001     0.0000001     0.0000001     0.0000001
    -0.0000007    -0.0000053    -0.0000172    -0.0000389    -0.0000716    -0.0001152    -0.0001683    -0.0002287    -0.0002936    -0.0003600    -0.0004250    -0.0004861    -0.0005412    -0.0005889    -0.0006284    -0.0006594    -0.0006820    -0.0006967    -0.0007042    -0.0007052    -0.0007007    -0.0006915    -0.0006784    -0.0006623    -0.0006438    -0.0006235    -0.0006020    -0.0005797    -0.0005570    -0.0005341    -0.0005114    -0.0004889    -0.0004669    -0.0004455    -0.0004246    -0.0004045    -0.0003851    -0.0003664    -0.0003484    -0.0003312    -0.0003147    -0.0002989    -0.0002838    -0.0002693    -0.0002555    -0.0002422    -0.0002295    -0.0002173    -0.0002056    -0.0001944    -0.0001835    -0.0001731    -0.0001631    -0.0001534    -0.0001440    -0.0001350    -0.0001262    -0.0001178    -0.0001096    -0.0001016    -0.0000939    -0.0000864    -0.0000792    -0.0000723    -0.0000656    -0.0000592    -0.0000530    -0.0000472    -0.0000416    -0.0000364    -0.0000315    -0.0000270    -0.0000229    -0.0000191    -0.0000157    -0.0000127    -0.0000101    -0.0000078    -0.0000059    -0.0000043    -0.0000030    -0.0000020    -0.0000012    -0.0000007    -0.0000002     0.0000000     0.0000002     0.0000003     0.0000004     0.0000004     0.0000004     0.0000004     0.0000004     0.0000003     0.0000003     0.0000003     0.0000002     0.0000002     0.0000002     0.0000002
    -0.0000011    -0.0000084    -0.0000276    -0.0000624    -0.0001152    -0.0001857    -0.0002722    -0.0003713    -0.0004785    -0.0005889    -0.0006978    -0.0008010    -0.0008950    -0.0009773    -0.0010463    -0.0011013    -0.0011424    -0.0011702    -0.0011856    -0.0011900    -0.0011849    -0.0011715    -0.0011513    -0.0011257    -0.0010958    -0.0010626    -0.0010272    -0.0009901    -0.0009522    -0.0009139    -0.0008756    -0.0008377    -0.0008005    -0.0007642    -0.0007288    -0.0006946    -0.0006615    -0.0006296    -0.0005990    -0.0005696    -0.0005414    -0.0005144    -0.0004885    -0.0004637    -0.0004399    -0.0004171    -0.0003953    -0.0003744    -0.0003543    -0.0003349    -0.0003163    -0.0002984    -0.0002811    -0.0002645    -0.0002484    -0.0002328    -0.0002177    -0.0002031    -0.0001890    -0.0001753    -0.0001620    -0.0001491    -0.0001367    -0.0001247    -0.0001132    -0.0001021    -0.0000915    -0.0000814    -0.0000718    -0.0000628    -0.0000544    -0.0000466    -0.0000395    -0.0000329    -0.0000271    -0.0000219    -0.0000174    -0.0000135    -0.0000102    -0.0000075    -0.0000053    -0.0000035    -0.0000022    -0.0000011    -0.0000004     0.0000001     0.0000004     0.0000006     0.0000007     0.0000007     0.0000007     0.0000007     0.0000006     0.0000006     0.0000005     0.0000005     0.0000004     0.0000004     0.0000003     0.0000003
    -0.0000016    -0.0000122    -0.0000401    -0.0000910    -0.0001683    -0.0002722    -0.0004005    -0.0005484    -0.0007096    -0.0008770    -0.0010437    -0.0012031    -0.0013498    -0.0014798    -0.0015903    -0.0016800    -0.0017486    -0.0017967    -0.0018257    -0.0018374    -0.0018338    -0.0018171    -0.0017895    -0.0017528    -0.0017091    -0.0016599    -0.0016066    -0.0015506    -0.0014928    -0.0014342    -0.0013754    -0.0013169    -0.0012594    -0.0012030    -0.0011480    -0.0010947    -0.0010431    -0.0009933    -0.0009454    -0.0008993    -0.0008551    -0.0008127    -0.0007720    -0.0007330    -0.0006956    -0.0006597    -0.0006253    -0.0005923    -0.0005606    -0.0005301    -0.0005008    -0.0004725    -0.0004452    -0.0004189    -0.0003934    -0.0003688    -0.0003449    -0.0003218    -0.0002995    -0.0002778    -0.0002567    -0.0002364    -0.0002167    -0.0001977    -0.0001794    -0.0001619    -0.0001451    -0.0001290    -0.0001139    -0.0000996    -0.0000863    -0.0000739    -0.0000626    -0.0000523    -0.0000430    -0.0000348    -0.0000276    -0.0000214    -0.0000162    -0.0000119    -0.0000083    -0.0000056    -0.0000034    -0.0000018    -0.0000007     0.0000001     0.0000006     0.0000009     0.0000011     0.0000011     0.0000011     0.0000011     0.0000010     0.0000009     0.0000008     0.0000007     0.0000006     0.0000006     0.0000005     0.0000004
    -0.0000021    -0.0000165    -0.0000542    -0.0001233    -0.0002287    -0.0003713    -0.0005484    -0.0007540    -0.0009800    -0.0012169    -0.0014550    -0.0016851    -0.0018993    -0.0020915    -0.0022573    -0.0023942    -0.0025015    -0.0025795    -0.0026298    -0.0026547    -0.0026569    -0.0026395    -0.0026054    -0.0025575    -0.0024984    -0.0024307    -0.0023564    -0.0022775    -0.0021954    -0.0021116    -0.0020272    -0.0019429    -0.0018596    -0.0017777    -0.0016977    -0.0016198    -0.0015444    -0.0014715    -0.0014012    -0.0013335    -0.0012684    -0.0012060    -0.0011460    -0.0010884    -0.0010332    -0.0009802    -0.0009294    -0.0008805    -0.0008335    -0.0007883    -0.0007448    -0.0007029    -0.0006624    -0.0006233    -0.0005855    -0.0005489    -0.0005135    -0.0004792    -0.0004459    -0.0004136    -0.0003824    -0.0003521    -0.0003228    -0.0002945    -0.0002673    -0.0002412    -0.0002161    -0.0001923    -0.0001697    -0.0001485    -0.0001286    -0.0001102    -0.0000933    -0.0000779    -0.0000641    -0.0000518    -0.0000411    -0.0000319    -0.0000241    -0.0000177    -0.0000124    -0.0000083    -0.0000051    -0.0000027    -0.0000010     0.0000002     0.0000009     0.0000014     0.0000016     0.0000017     0.0000017     0.0000016     0.0000015     0.0000014     0.0000012     0.0000011     0.0000010     0.0000008     0.0000007     0.0000006
    -0.0000027    -0.0000211    -0.0000692    -0.0001578    -0.0002936    -0.0004785    -0.0007096    -0.0009800    -0.0012798    -0.0015971    -0.0019191    -0.0022338    -0.0025304    -0.0028000    -0.0030362    -0.0032349    -0.0033940    -0.0035137    -0.0035955    -0.0036420    -0.0036566    -0.0036431    -0.0036055    -0.0035477    -0.0034733    -0.0033859    -0.0032883    -0.0031833    -0.0030731    -0.0029598    -0.0028448    -0.0027295    -0.0026150    -0.0025021    -0.0023914    -0.0022835    -0.0021786    -0.0020770    -0.0019789    -0.0018843    -0.0017932    -0.0017056    -0.0016214    -0.0015405    -0.0014629    -0.0013883    -0.0013166    -0.0012477    -0.0011814    -0.0011176    -0.0010562    -0.0009969    -0.0009397    -0.0008844    -0.0008309    -0.0007791    -0.0007289    -0.0006803    -0.0006331    -0.0005874    -0.0005430    -0.0005001    -0.0004585    -0.0004184    -0.0003798    -0.0003426    -0.0003071    -0.0002733    -0.0002412    -0.0002110    -0.0001828    -0.0001566    -0.0001326    -0.0001108    -0.0000911    -0.0000737    -0.0000585    -0.0000454    -0.0000343    -0.0000252    -0.0000177    -0.0000118    -0.0000073    -0.0000039    -0.0000014     0.0000002     0.0000013     0.0000020     0.0000023     0.0000024     0.0000024     0.0000023     0.0000021     0.0000019     0.0000017     0.0000015     0.0000014     0.0000012     0.0000010     0.0000009
    -0.0000033    -0.0000256    -0.0000843    -0.0001929    -0.0003600    -0.0005889    -0.0008770    -0.0012169    -0.0015971    -0.0020033    -0.0024200    -0.0028319    -0.0032249    -0.0035871    -0.0039093    -0.0041853    -0.0044115    -0.0045869    -0.0047128    -0.0047917    -0.0048277    -0.0048254    -0.0047896    -0.0047255    -0.0046378    -0.0045311    -0.0044094    -0.0042764    -0.0041352    -0.0039887    -0.0038389    -0.0036879    -0.0035371    -0.0033879    -0.0032410    -0.0030973    -0.0029573    -0.0028213    -0.0026897    -0.0025626    -0.0024400    -0.0023219    -0.0022083    -0.0020991    -0.0019940    -0.0018930    -0.0017958    -0.0017024    -0.0016124    -0.0015257    -0.0014422    -0.0013615    -0.0012836    -0.0012083    -0.0011354    -0.0010648    -0.0009964    -0.0009301    -0.0008657    -0.0008033    -0.0007427    -0.0006841    -0.0006273    -0.0005725    -0.0005197    -0.0004689    -0.0004203    -0.0003741    -0.0003302    -0.0002889    -0.0002503    -0.0002145    -0.0001816    -0.0001517    -0.0001248    -0.0001010    -0.0000801    -0.0000622    -0.0000470    -0.0000345    -0.0000243    -0.0000162    -0.0000100    -0.0000053    -0.0000020     0.0000003     0.0000018     0.0000027     0.0000031     0.0000033     0.0000033     0.0000031     0.0000029     0.0000026     0.0000024     0.0000021     0.0000019     0.0000016     0.0000014     0.0000012
    -0.0000038    -0.0000300    -0.0000990    -0.0002270    -0.0004250    -0.0006978    -0.0010437    -0.0014550    -0.0019191    -0.0024200    -0.0029393    -0.0034587    -0.0039606    -0.0044296    -0.0048534    -0.0052229    -0.0055324    -0.0057793    -0.0059640    -0.0060889    -0.0061581    -0.0061768    -0.0061510    -0.0060867    -0.0059899    -0.0058665    -0.0057218    -0.0055605    -0.0053870    -0.0052047    -0.0050170    -0.0048263    -0.0046347    -0.0044442    -0.0042559    -0.0040710    -0.0038903    -0.0037144    -0.0035436    -0.0033783    -0.0032186    -0.0030645    -0.0029160    -0.0027730    -0.0026353    -0.0025028    -0.0023752    -0.0022524    -0.0021340    -0.0020199    -0.0019098    -0.0018034    -0.0017006    -0.0016012    -0.0015049    -0.0014116    -0.0013212    -0.0012334    -0.0011482    -0.0010656    -0.0009854    -0.0009077    -0.0008325    -0.0007598    -0.0006898    -0.0006225    -0.0005581    -0.0004967    -0.0004385    -0.0003837    -0.0003324    -0.0002849    -0.0002412    -0.0002015    -0.0001658    -0.0001342    -0.0001065    -0.0000827    -0.0000625    -0.0000458    -0.0000323    -0.0000216    -0.0000133    -0.0000071    -0.0000027     0.0000004     0.0000024     0.0000036     0.0000042     0.0000044     0.0000043     0.0000041     0.0000038     0.0000035     0.0000031     0.0000028     0.0000025     0.0000022     0.0000019     0.0000016
    -0.0000043    -0.0000341    -0.0001126    -0.0002588    -0.0004861    -0.0008010    -0.0012031    -0.0016851    -0.0022338    -0.0028319    -0.0034587    -0.0040929    -0.0047136    -0.0053018    -0.0058415    -0.0063203    -0.0067298    -0.0070653    -0.0073255    -0.0075120    -0.0076287    -0.0076812    -0.0076761    -0.0076205    -0.0075217    -0.0073868    -0.0072224    -0.0070347    -0.0068290    -0.0066103    -0.0063826    -0.0061493    -0.0059135    -0.0056775    -0.0054432    -0.0052122    -0.0049855    -0.0047642    -0.0045488    -0.0043397    -0.0041373    -0.0039416    -0.0037527    -0.0035705    -0.0033948    -0.0032255    -0.0030623    -0.0029050    -0.0027533    -0.0026068    -0.0024655    -0.0023288    -0.0021967    -0.0020687    -0.0019448    -0.0018246    -0.0017080    -0.0015948    -0.0014850    -0.0013783    -0.0012748    -0.0011745    -0.0010773    -0.0009834    -0.0008929    -0.0008058    -0.0007225    -0.0006431    -0.0005678    -0.0004969    -0.0004306    -0.0003690    -0.0003125    -0.0002611    -0.0002149    -0.0001739    -0.0001380    -0.0001072    -0.0000811    -0.0000595    -0.0000419    -0.0000280    -0.0000173    -0.0000093    -0.0000035     0.0000005     0.0000030     0.0000046     0.0000054     0.0000056     0.0000056     0.0000053     0.0000049     0.0000045     0.0000040     0.0000036     0.0000032     0.0000028     0.0000025     0.0000021
    -0.0000048    -0.0000377    -0.0001246    -0.0002872    -0.0005412    -0.0008950    -0.0013498    -0.0018993    -0.0025304    -0.0032249    -0.0039606    -0.0047136    -0.0054599    -0.0061769    -0.0068448    -0.0074475    -0.0079733    -0.0084146    -0.0087679    -0.0090335    -0.0092144    -0.0093159    -0.0093453    -0.0093102    -0.0092193    -0.0090807    -0.0089027    -0.0086927    -0.0084576    -0.0082034    -0.0079355    -0.0076585    -0.0073761    -0.0070915    -0.0068075    -0.0065260    -0.0062488    -0.0059771    -0.0057118    -0.0054537    -0.0052031    -0.0049603    -0.0047255    -0.0044985    -0.0042794    -0.0040679    -0.0038638    -0.0036668    -0.0034766    -0.0032929    -0.0031153    -0.0029436    -0.0027773    -0.0026163    -0.0024601    -0.0023086    -0.0021616    -0.0020188    -0.0018800    -0.0017453    -0.0016145    -0.0014877    -0.0013648    -0.0012460    -0.0011315    -0.0010213    -0.0009159    -0.0008153    -0.0007199    -0.0006301    -0.0005460    -0.0004681    -0.0003964    -0.0003312    -0.0002726    -0.0002207    -0.0001752    -0.0001361    -0.0001030    -0.0000755    -0.0000532    -0.0000356    -0.0000220    -0.0000118    -0.0000045     0.0000005     0.0000038     0.0000058     0.0000068     0.0000071     0.0000070     0.0000067     0.0000062     0.0000057     0.0000051     0.0000046     0.0000040     0.0000035     0.0000031     0.0000027
    -0.0000051    -0.0000407    -0.0001349    -0.0003116    -0.0005889    -0.0009773    -0.0014798    -0.0020915    -0.0028000    -0.0035871    -0.0044296    -0.0053018    -0.0061769    -0.0070290    -0.0078345    -0.0085735    -0.0092304    -0.0097943    -0.0102587    -0.0106217    -0.0108850    -0.0110532    -0.0111331    -0.0111333    -0.0110630    -0.0109317    -0.0107489    -0.0105236    -0.0102641    -0.0099778    -0.0096716    -0.0093512    -0.0090215    -0.0086868    -0.0083504    -0.0080153    -0.0076837    -0.0073573    -0.0070375    -0.0067253    -0.0064214    -0.0061263    -0.0058402    -0.0055632    -0.0052952    -0.0050362    -0.0047858    -0.0045438    -0.0043099    -0.0040838    -0.0038649    -0.0036531    -0.0034478    -0.0032488    -0.0030557    -0.0028683    -0.0026862    -0.0025093    -0.0023374    -0.0021703    -0.0020080    -0.0018506    -0.0016981    -0.0015505    -0.0014082    -0.0012713    -0.0011401    -0.0010151    -0.0008965    -0.0007847    -0.0006801    -0.0005831    -0.0004939    -0.0004127    -0.0003398    -0.0002750    -0.0002184    -0.0001696    -0.0001284    -0.0000942    -0.0000664    -0.0000444    -0.0000275    -0.0000148    -0.0000057     0.0000006     0.0000047     0.0000071     0.0000084     0.0000088     0.0000087     0.0000083     0.0000077     0.0000070     0.0000063     0.0000057     0.0000050     0.0000044     0.0000039     0.0000034
    -0.0000055    -0.0000432    -0.0001433    -0.0003316    -0.0006284    -0.0010463    -0.0015903    -0.0022573    -0.0030362    -0.0039093    -0.0048534    -0.0058415    -0.0068448    -0.0078345    -0.0087836    -0.0096682    -0.0104687    -0.0111702    -0.0117629    -0.0122419    -0.0126067    -0.0128606    -0.0130096    -0.0130622    -0.0130282    -0.0129179    -0.0127421    -0.0125112    -0.0122351    -0.0119227    -0.0115824    -0.0112212    -0.0108454    -0.0104605    -0.0100707    -0.0096799    -0.0092911    -0.0089067    -0.0085285    -0.0081580    -0.0077962    -0.0074439    -0.0071015    -0.0067692    -0.0064472    -0.0061353    -0.0058334    -0.0055412    -0.0052583    -0.0049844    -0.0047192    -0.0044621    -0.0042128    -0.0039709    -0.0037360    -0.0035078    -0.0032860    -0.0030703    -0.0028606    -0.0026567    -0.0024586    -0.0022663    -0.0020798    -0.0018994    -0.0017254    -0.0015579    -0.0013974    -0.0012443    -0.0010991    -0.0009621    -0.0008340    -0.0007151    -0.0006058    -0.0005063    -0.0004169    -0.0003375    -0.0002680    -0.0002082    -0.0001577    -0.0001157    -0.0000816    -0.0000547    -0.0000338    -0.0000183    -0.0000071     0.0000007     0.0000057     0.0000087     0.0000102     0.0000108     0.0000107     0.0000102     0.0000094     0.0000086     0.0000078     0.0000069     0.0000061     0.0000054     0.0000047     0.0000041
    -0.0000057    -0.0000450    -0.0001496    -0.0003471    -0.0006594    -0.0011013    -0.0016800    -0.0023942    -0.0032349    -0.0041853    -0.0052229    -0.0063203    -0.0074475    -0.0085735    -0.0096682    -0.0107041    -0.0116573    -0.0125090    -0.0132454    -0.0138581    -0.0143436    -0.0147029    -0.0149408    -0.0150651    -0.0150853    -0.0150126    -0.0148585    -0.0146348    -0.0143527    -0.0140230    -0.0136553    -0.0132583    -0.0128399    -0.0124066    -0.0119640    -0.0115171    -0.0110697    -0.0106249    -0.0101854    -0.0097531    -0.0093295    -0.0089157    -0.0085124    -0.0081201    -0.0077391    -0.0073693    -0.0070107    -0.0066631    -0.0063261    -0.0059993    -0.0056825    -0.0053751    -0.0050766    -0.0047868    -0.0045051    -0.0042311    -0.0039647    -0.0037054    -0.0034532    -0.0032078    -0.0029692    -0.0027375    -0.0025128    -0.0022953    -0.0020853    -0.0018832    -0.0016895    -0.0015046    -0.0013292    -0.0011638    -0.0010090    -0.0008652    -0.0007331    -0.0006128    -0.0005046    -0.0004086    -0.0003246    -0.0002522    -0.0001910    -0.0001402    -0.0000990    -0.0000663    -0.0000411    -0.0000223    -0.0000087     0.0000007     0.0000068     0.0000104     0.0000123     0.0000130     0.0000128     0.0000122     0.0000114     0.0000104     0.0000093     0.0000083     0.0000074     0.0000065     0.0000057     0.0000049
    -0.0000058    -0.0000463    -0.0001541    -0.0003582    -0.0006820    -0.0011424    -0.0017486    -0.0025015    -0.0033940    -0.0044115    -0.0055324    -0.0067298    -0.0079733    -0.0092304    -0.0104687    -0.0116573    -0.0127688    -0.0137799    -0.0146727    -0.0154347    -0.0160588    -0.0165433    -0.0168906    -0.0171069    -0.0172014    -0.0171850    -0.0170700    -0.0168690    -0.0165946    -0.0162590    -0.0158735    -0.0154484    -0.0149930    -0.0145155    -0.0140228    -0.0135211    -0.0130151    -0.0125092    -0.0120067    -0.0115101    -0.0110216    -0.0105428    -0.0100747    -0.0096181    -0.0091735    -0.0087412    -0.0083210    -0.0079130    -0.0075168    -0.0071321    -0.0067585    -0.0063956    -0.0060429    -0.0057000    -0.0053664    -0.0050417    -0.0047257    -0.0044179    -0.0041183    -0.0038266    -0.0035428    -0.0032671    -0.0029995    -0.0027404    -0.0024902    -0.0022492    -0.0020182    -0.0017977    -0.0015883    -0.0013909    -0.0012061    -0.0010344    -0.0008765    -0.0007328    -0.0006036    -0.0004888    -0.0003884    -0.0003019    -0.0002287    -0.0001680    -0.0001186    -0.0000795    -0.0000494    -0.0000268    -0.0000105     0.0000007     0.0000080     0.0000124     0.0000146     0.0000154     0.0000153     0.0000146     0.0000135     0.0000124     0.0000111     0.0000099     0.0000088     0.0000077     0.0000068     0.0000059
    -0.0000059    -0.0000471    -0.0001568    -0.0003651    -0.0006967    -0.0011702    -0.0017967    -0.0025795    -0.0035137    -0.0045869    -0.0057793    -0.0070653    -0.0084146    -0.0097943    -0.0111702    -0.0125090    -0.0137799    -0.0149557    -0.0160140    -0.0169381    -0.0177169    -0.0183449    -0.0188215    -0.0191510    -0.0193409    -0.0194015    -0.0193450    -0.0191848    -0.0189344    -0.0186072    -0.0182162    -0.0177733    -0.0172894    -0.0167742    -0.0162363    -0.0156829    -0.0151205    -0.0145541    -0.0139882    -0.0134262    -0.0128709    -0.0123244    -0.0117883    -0.0112639    -0.0107518    -0.0102526    -0.0097664    -0.0092933    -0.0088331    -0.0083855    -0.0079502    -0.0075268    -0.0071148    -0.0067137    -0.0063231    -0.0059427    -0.0055719    -0.0052107    -0.0048586    -0.0045157    -0.0041819    -0.0038574    -0.0035423    -0.0032370    -0.0029420    -0.0026579    -0.0023853    -0.0021250    -0.0018779    -0.0016448    -0.0014264    -0.0012236    -0.0010370    -0.0008672    -0.0007144    -0.0005786    -0.0004599    -0.0003575    -0.0002709    -0.0001991    -0.0001407    -0.0000944    -0.0000587    -0.0000320    -0.0000127     0.0000006     0.0000093     0.0000145     0.0000172     0.0000181     0.0000180     0.0000171     0.0000159     0.0000145     0.0000131     0.0000117     0.0000104     0.0000091     0.0000080     0.0000069
    -0.0000060    -0.0000473    -0.0001579    -0.0003682    -0.0007042    -0.0011856    -0.0018257    -0.0026298    -0.0035955    -0.0047128    -0.0059640    -0.0073255    -0.0087679    -0.0102587    -0.0117629    -0.0132454    -0.0146727    -0.0160140    -0.0172430    -0.0183384    -0.0192847    -0.0200723    -0.0206970    -0.0211600    -0.0214666    -0.0216258    -0.0216492    -0.0215499    -0.0213422    -0.0210405    -0.0206591    -0.0202114    -0.0197100    -0.0191662    -0.0185902    -0.0179908    -0.0173758    -0.0167516    -0.0161236    -0.0154964    -0.0148735    -0.0142579    -0.0136517    -0.0130565    -0.0124737    -0.0119040    -0.0113478    -0.0108053    -0.0102767    -0.0097616    -0.0092598    -0.0087710    -0.0082947    -0.0078305    -0.0073779    -0.0069366    -0.0065061    -0.0060863    -0.0056768    -0.0052777    -0.0048889    -0.0045107    -0.0041432    -0.0037870    -0.0034427    -0.0031108    -0.0027924    -0.0024882    -0.0021992    -0.0019265    -0.0016711    -0.0014337    -0.0012153    -0.0010165    -0.0008375    -0.0006785    -0.0005394    -0.0004195    -0.0003180    -0.0002337    -0.0001653    -0.0001110    -0.0000691    -0.0000377    -0.0000151     0.0000005     0.0000107     0.0000168     0.0000200     0.0000211     0.0000210     0.0000200     0.0000186     0.0000170     0.0000153     0.0000137     0.0000121     0.0000106     0.0000093     0.0000081
    -0.0000059    -0.0000472    -0.0001576    -0.0003681    -0.0007052    -0.0011900    -0.0018374    -0.0026547    -0.0036420    -0.0047917    -0.0060889    -0.0075120    -0.0090335    -0.0106217    -0.0122419    -0.0138581    -0.0154347    -0.0169381    -0.0183384    -0.0196100    -0.0207329    -0.0216931    -0.0224821    -0.0230975    -0.0235416    -0.0238212    -0.0239464    -0.0239297    -0.0237854    -0.0235286    -0.0231743    -0.0227376    -0.0222323    -0.0216716    -0.0210673    -0.0204298    -0.0197683    -0.0190907    -0.0184039    -0.0177133    -0.0170236    -0.0163386    -0.0156612    -0.0149936    -0.0143376    -0.0136945    -0.0130649    -0.0124494    -0.0118483    -0.0112614    -0.0106887    -0.0101299    -0.0095846    -0.0090524    -0.0085328    -0.0080257    -0.0075305    -0.0070470    -0.0065751    -0.0061147    -0.0056659    -0.0052290    -0.0048043    -0.0043923    -0.0039938    -0.0036097    -0.0032408    -0.0028884    -0.0025535    -0.0022373    -0.0019410    -0.0016656    -0.0014122    -0.0011813    -0.0009735    -0.0007889    -0.0006273    -0.0004880    -0.0003700    -0.0002721    -0.0001925    -0.0001294    -0.0000807    -0.0000442    -0.0000179     0.0000003     0.0000122     0.0000193     0.0000230     0.0000244     0.0000242     0.0000231     0.0000215     0.0000196     0.0000177     0.0000158     0.0000140     0.0000123     0.0000108     0.0000094
    -0.0000059    -0.0000467    -0.0001562    -0.0003651    -0.0007007    -0.0011849    -0.0018338    -0.0026569    -0.0036566    -0.0048277    -0.0061581    -0.0076287    -0.0092144    -0.0108850    -0.0126067    -0.0143436    -0.0160588    -0.0177169    -0.0192847    -0.0207329    -0.0220373    -0.0231790    -0.0241454    -0.0249295    -0.0255301    -0.0259510    -0.0262000    -0.0262883    -0.0262295    -0.0260385    -0.0257313    -0.0253235    -0.0248307    -0.0242674    -0.0236470    -0.0229817    -0.0222822    -0.0215581    -0.0208174    -0.0200672    -0.0193131    -0.0185600    -0.0178115    -0.0170709    -0.0163404    -0.0156217    -0.0149162    -0.0142247    -0.0135476    -0.0128852    -0.0122375    -0.0116043    -0.0109855    -0.0103806    -0.0097894    -0.0092115    -0.0086466    -0.0080945    -0.0075552    -0.0070285    -0.0065147    -0.0060140    -0.0055271    -0.0050545    -0.0045971    -0.0041559    -0.0037321    -0.0033269    -0.0029418    -0.0025781    -0.0022371    -0.0019201    -0.0016283    -0.0013624    -0.0011230    -0.0009102    -0.0007239    -0.0005633    -0.0004273    -0.0003144    -0.0002226    -0.0001498    -0.0000936    -0.0000514    -0.0000210    -0.0000000     0.0000137     0.0000220     0.0000263     0.0000279     0.0000277     0.0000265     0.0000246     0.0000225     0.0000203     0.0000181     0.0000160     0.0000141     0.0000124     0.0000108
    -0.0000058    -0.0000459    -0.0001537    -0.0003598    -0.0006915    -0.0011715    -0.0018171    -0.0026395    -0.0036431    -0.0048254    -0.0061768    -0.0076812    -0.0093159    -0.0110532    -0.0128606    -0.0147029    -0.0165433    -0.0183449    -0.0200723    -0.0216931    -0.0231790    -0.0245070    -0.0256596    -0.0266254    -0.0273989    -0.0279801    -0.0283740    -0.0285895    -0.0286387    -0.0285360    -0.0282972    -0.0279387    -0.0274769    -0.0269277    -0.0263060    -0.0256256    -0.0248990    -0.0241373    -0.0233501    -0.0225459    -0.0217316    -0.0209131    -0.0200954    -0.0192824    -0.0184771    -0.0176820    -0.0168988    -0.0161289    -0.0153731    -0.0146319    -0.0139056    -0.0131943    -0.0124978    -0.0118160    -0.0111485    -0.0104952    -0.0098559    -0.0092303    -0.0086185    -0.0080205    -0.0074367    -0.0068673    -0.0063132    -0.0057750    -0.0052538    -0.0047508    -0.0042673    -0.0038050    -0.0033652    -0.0029498    -0.0025602    -0.0021979    -0.0018642    -0.0015602    -0.0012863    -0.0010429    -0.0008296    -0.0006458    -0.0004901    -0.0003608    -0.0002556    -0.0001722    -0.0001077    -0.0000594    -0.0000246    -0.0000004     0.0000153     0.0000248     0.0000298     0.0000317     0.0000315     0.0000301     0.0000280     0.0000256     0.0000231     0.0000206     0.0000183     0.0000161     0.0000141     0.0000122
    -0.0000056    -0.0000449    -0.0001504    -0.0003525    -0.0006784    -0.0011513    -0.0017895    -0.0026054    -0.0036055    -0.0047896    -0.0061510    -0.0076761    -0.0093453    -0.0111331    -0.0130096    -0.0149408    -0.0168906    -0.0188215    -0.0206970    -0.0224821    -0.0241454    -0.0256596    -0.0270029    -0.0281592    -0.0291184    -0.0298764    -0.0304342    -0.0307980    -0.0309775    -0.0309858    -0.0308380    -0.0305505    -0.0301402    -0.0296240    -0.0290181    -0.0283379    -0.0275974    -0.0268095    -0.0259853    -0.0251347    -0.0242663    -0.0233872    -0.0225035    -0.0216202    -0.0207412    -0.0198698    -0.0190083    -0.0181586    -0.0173221    -0.0164997    -0.0156918    -0.0148990    -0.0141211    -0.0133583    -0.0126104    -0.0118773    -0.0111589    -0.0104551    -0.0097660    -0.0090919    -0.0084331    -0.0077901    -0.0071637    -0.0065549    -0.0059650    -0.0053954    -0.0048476    -0.0043234    -0.0038247    -0.0033533    -0.0029111    -0.0024997    -0.0021207    -0.0017752    -0.0014640    -0.0011872    -0.0009448    -0.0007357    -0.0005585    -0.0004113    -0.0002917    -0.0001967    -0.0001233    -0.0000683    -0.0000285    -0.0000010     0.0000170     0.0000278     0.0000335     0.0000357     0.0000356     0.0000340     0.0000317     0.0000289     0.0000261     0.0000233     0.0000207     0.0000182     0.0000159     0.0000139
    -0.0000055    -0.0000437    -0.0001465    -0.0003437    -0.0006623    -0.0011257    -0.0017528    -0.0025575    -0.0035477    -0.0047255    -0.0060867    -0.0076205    -0.0093102    -0.0111333    -0.0130622    -0.0150651    -0.0171069    -0.0191510    -0.0211600    -0.0230975    -0.0249295    -0.0266254    -0.0281592    -0.0295103    -0.0306640    -0.0316113    -0.0323494    -0.0328805    -0.0332115    -0.0333531    -0.0333191    -0.0331252    -0.0327883    -0.0323259    -0.0317550    -0.0310925    -0.0303537    -0.0295531    -0.0287036    -0.0278166    -0.0269023    -0.0259691    -0.0250245    -0.0240746    -0.0231245    -0.0221781    -0.0212388    -0.0203090    -0.0193907    -0.0184853    -0.0175937    -0.0167165    -0.0158541    -0.0150068    -0.0141746    -0.0133576    -0.0125558    -0.0117694    -0.0109984    -0.0102433    -0.0095046    -0.0087830    -0.0080795    -0.0073953    -0.0067318    -0.0060907    -0.0054738    -0.0048832    -0.0043210    -0.0037893    -0.0032904    -0.0028261    -0.0023982    -0.0020080    -0.0016563    -0.0013436    -0.0010695    -0.0008331    -0.0006328    -0.0004663    -0.0003309    -0.0002234    -0.0001403    -0.0000780    -0.0000329    -0.0000018     0.0000187     0.0000310     0.0000375     0.0000400     0.0000399     0.0000382     0.0000355     0.0000325     0.0000293     0.0000262     0.0000232     0.0000205     0.0000179     0.0000156
    -0.0000053    -0.0000424    -0.0001421    -0.0003337    -0.0006438    -0.0010958    -0.0017091    -0.0024984    -0.0034733    -0.0046378    -0.0059899    -0.0075217    -0.0092193    -0.0110630    -0.0130282    -0.0150853    -0.0172014    -0.0193409    -0.0214666    -0.0235416    -0.0255301    -0.0273989    -0.0291184    -0.0306640    -0.0320162    -0.0331616    -0.0340925    -0.0348069    -0.0353083    -0.0356043    -0.0357064    -0.0356290    -0.0353882    -0.0350015    -0.0344866    -0.0338611    -0.0331418    -0.0323444    -0.0314835    -0.0305723    -0.0296222    -0.0286435    -0.0276450    -0.0266339    -0.0256167    -0.0245983    -0.0235829    -0.0225739    -0.0215738    -0.0205845    -0.0196076    -0.0186440    -0.0176946    -0.0167598    -0.0158400    -0.0149354    -0.0140463    -0.0131729    -0.0123156    -0.0114750    -0.0106518    -0.0098468    -0.0090614    -0.0082968    -0.0075548    -0.0068374    -0.0061466    -0.0054849    -0.0048548    -0.0042586    -0.0036988    -0.0031777    -0.0026972    -0.0022589    -0.0018639    -0.0015124    -0.0012043    -0.0009384    -0.0007131    -0.0005258    -0.0003734    -0.0002524    -0.0001588    -0.0000886    -0.0000379    -0.0000027     0.0000203     0.0000343     0.0000417     0.0000446     0.0000445     0.0000426     0.0000397     0.0000363     0.0000327     0.0000293     0.0000259     0.0000229     0.0000200     0.0000174
    -0.0000051    -0.0000410    -0.0001374    -0.0003229    -0.0006235    -0.0010626    -0.0016599    -0.0024307    -0.0033859    -0.0045311    -0.0058665    -0.0073868    -0.0090807    -0.0109317    -0.0129179    -0.0150126    -0.0171850    -0.0194015    -0.0216258    -0.0238212    -0.0259510    -0.0279801    -0.0298764    -0.0316113    -0.0331616    -0.0345089    -0.0356409    -0.0365513    -0.0372389    -0.0377080    -0.0379671    -0.0380284    -0.0379066    -0.0376184    -0.0371815    -0.0366140    -0.0359336    -0.0351574    -0.0343013    -0.0333800    -0.0324066    -0.0313930    -0.0303493    -0.0292844    -0.0282059    -0.0271199    -0.0260316    -0.0249454    -0.0238645    -0.0227917    -0.0217289    -0.0206778    -0.0196395    -0.0186149    -0.0176045    -0.0166091    -0.0156291    -0.0146649    -0.0137172    -0.0127868    -0.0118745    -0.0109816    -0.0101094    -0.0092598    -0.0084345    -0.0076360    -0.0068667    -0.0061293    -0.0054266    -0.0047615    -0.0041367    -0.0035548    -0.0030181    -0.0025284    -0.0020868    -0.0016938    -0.0013492    -0.0010518    -0.0007996    -0.0005899    -0.0004193    -0.0002837    -0.0001789    -0.0001003    -0.0000433    -0.0000039     0.0000220     0.0000377     0.0000461     0.0000494     0.0000493     0.0000473     0.0000440     0.0000403     0.0000364     0.0000325     0.0000288     0.0000254     0.0000222     0.0000194
    -0.0000050    -0.0000395    -0.0001324    -0.0003114    -0.0006020    -0.0010272    -0.0016066    -0.0023564    -0.0032883    -0.0044094    -0.0057218    -0.0072224    -0.0089027    -0.0107489    -0.0127421    -0.0148585    -0.0170700    -0.0193450    -0.0216492    -0.0239464    -0.0262000    -0.0283740    -0.0304342    -0.0323494    -0.0340925    -0.0356409    -0.0369780    -0.0380923    -0.0389785    -0.0396364    -0.0400711    -0.0402917    -0.0403109    -0.0401439    -0.0398077    -0.0393203    -0.0386999    -0.0379645    -0.0371313    -0.0362162    -0.0352340    -0.0341980    -0.0331201    -0.0320105    -0.0308782    -0.0297306    -0.0285742    -0.0274143    -0.0262551    -0.0251000    -0.0239519    -0.0228128    -0.0216846    -0.0205684    -0.0194655    -0.0183765    -0.0173025    -0.0162441    -0.0152023    -0.0141780    -0.0131724    -0.0121871    -0.0112237    -0.0102843    -0.0093711    -0.0084868    -0.0076342    -0.0068165    -0.0060368    -0.0052985    -0.0046045    -0.0039580    -0.0033614    -0.0028167    -0.0023255    -0.0018882    -0.0015045    -0.0011733    -0.0008925    -0.0006589    -0.0004687    -0.0003176    -0.0002007    -0.0001129    -0.0000494    -0.0000053     0.0000236     0.0000412     0.0000506     0.0000544     0.0000544     0.0000522     0.0000486     0.0000445     0.0000402     0.0000359     0.0000319     0.0000281     0.0000246     0.0000214
    -0.0000048    -0.0000379    -0.0001273    -0.0002996    -0.0005797    -0.0009901    -0.0015506    -0.0022775    -0.0031833    -0.0042764    -0.0055605    -0.0070347    -0.0086927    -0.0105236    -0.0125112    -0.0146348    -0.0168690    -0.0191848    -0.0215499    -0.0239297    -0.0262883    -0.0285895    -0.0307980    -0.0328805    -0.0348069    -0.0365513    -0.0380923    -0.0394142    -0.0405069    -0.0413657    -0.0419914    -0.0423898    -0.0425704    -0.0425464    -0.0423335    -0.0419487    -0.0414104    -0.0407368    -0.0399461    -0.0390553    -0.0380807    -0.0370371    -0.0359377    -0.0347945    -0.0336178    -0.0324166    -0.0311984    -0.0299697    -0.0287358    -0.0275011    -0.0262692    -0.0250430    -0.0238247    -0.0226162    -0.0214191    -0.0202346    -0.0190640    -0.0179085    -0.0167691    -0.0156473    -0.0145446    -0.0134627    -0.0124038    -0.0113701    -0.0103645    -0.0093898    -0.0084494    -0.0075469    -0.0066858    -0.0058698    -0.0051026    -0.0043874    -0.0037271    -0.0031242    -0.0025801    -0.0020956    -0.0016705    -0.0013033    -0.0009918    -0.0007327    -0.0005217    -0.0003539    -0.0002241    -0.0001267    -0.0000560    -0.0000070     0.0000252     0.0000448     0.0000554     0.0000596     0.0000597     0.0000573     0.0000535     0.0000489     0.0000442     0.0000395     0.0000351     0.0000309     0.0000271     0.0000236
