     0.0000042     0.0000166     0.0000368     0.0000642     0.0000980     0.0001370     0.0001801     0.0002263     0.0002742     0.0003229     0.0003711     0.0004180     0.0004628     0.0005048     0.0005435     0.0005785     0.0006095     0.0006366     0.0006596     0.0006785     0.0006936     0.0007050     0.0007129     0.0007176     0.0007193     0.0007183     0.0007149     0.0007093     0.0007018     0.0006927     0.0006821     0.0006702     0.0006573     0.0006436     0.0006291     0.0006140     0.0005985     0.0005827     0.0005666     0.0005504     0.0005341     0.0005178     0.0005016     0.0004855     0.0004696     0.0004538     0.0004383     0.0004230     0.0004081     0.0003934     0.0003790     0.0003650     0.0003513     0.0003379     0.0003249     0.0003123     0.0003000     0.0002881     0.0002765     0.0002653     0.0002544     0.0002439     0.0002337     0.0002239     0.0002144     0.0002052     0.0001964     0.0001878     0.0001796     0.0001716     0.0001640     0.0001566     0.0001495     0.0001427     0.0001361     0.0001297     0.0001236     0.0001177     0.0001120     0.0001065     0.0001012     0.0000960     0.0000911     0.0000863     0.0000816     0.0000771     0.0000727     0.0000685     0.0000643     0.0000603     0.0000564     0.0000526     0.0000488     0.0000452     0.0000417     0.0000382     0.0000349     0.0000316     0.0000284     0.0000253     0.0000223     0.0000194     0.0000166     0.0000140     0.0000115     0.0000091     0.0000068     0.0000047     0.0000027     0.0000009    -0.0000007    -0.0000022    -0.0000034    -0.0000045    -0.0000055    -0.0000062    -0.0000068    -0.0000072    -0.0000074    -0.0000075    -0.0000074    -0.0000073    -0.0000070    -0.0000066    -0.0000061    -0.0000056    -0.0000051    -0.0000045    -0.0000038    -0.0000032    -0.0000026    -0.0000020    -0.0000014    -0.0000009    -0.0000004     0.0000001     0.0000005     0.0000008     0.0000011     0.0000014     0.0000017     0.0000018     0.0000020     0.0000021     0.0000022     0.0000022     0.0000023     0.0000023     0.0000022     0.0000022
     0.0000166     0.0000658     0.0001461     0.0002549     0.0003887     0.0005437     0.0007152     0.0008987     0.0010894     0.0012829     0.0014749     0.0016619     0.0018404     0.0020080     0.0021625     0.0023024     0.0024268     0.0025351     0.0026273     0.0027034     0.0027642     0.0028102     0.0028423     0.0028615     0.0028689     0.0028655     0.0028524     0.0028306     0.0028011     0.0027650     0.0027230     0.0026760     0.0026248     0.0025700     0.0025124     0.0024525     0.0023907     0.0023276     0.0022636     0.0021989     0.0021340     0.0020691     0.0020044     0.0019401     0.0018765     0.0018137     0.0017517     0.0016908     0.0016310     0.0015724     0.0015151     0.0014590     0.0014043     0.0013510     0.0012991     0.0012486     0.0011995     0.0011518     0.0011056     0.0010607     0.0010173     0.0009753     0.0009346     0.0008953     0.0008573     0.0008207     0.0007853     0.0007511     0.0007182     0.0006864     0.0006558     0.0006263     0.0005979     0.0005705     0.0005442     0.0005187     0.0004942     0.0004706     0.0004478     0.0004258     0.0004046     0.0003841     0.0003642     0.0003450     0.0003264     0.0003084     0.0002909     0.0002739     0.0002574     0.0002413     0.0002256     0.0002103     0.0001954     0.0001809     0.0001667     0.0001529     0.0001395     0.0001263     0.0001136     0.0001013     0.0000893     0.0000777     0.0000666     0.0000560     0.0000459     0.0000363     0.0000272     0.0000188     0.0000109     0.0000037    -0.0000028    -0.0000086    -0.0000137    -0.0000181    -0.0000218    -0.0000247    -0.0000270    -0.0000286    -0.0000296    -0.0000299    -0.0000297    -0.0000291    -0.0000279    -0.0000264    -0.0000246    -0.0000225    -0.0000202    -0.0000178    -0.0000153    -0.0000128    -0.0000104    -0.0000080    -0.0000057    -0.0000036    -0.0000016     0.0000002     0.0000019     0.0000033     0.0000046     0.0000057     0.0000066     0.0000074     0.0000080     0.0000084     0.0000087     0.0000089     0.0000090     0.0000090     0.0000089     0.0000088
     0.0000368     0.0001461     0.0003244     0.0005659     0.0008633     0.0012078     0.0015894     0.0019979     0.0024230     0.0028546     0.0032835     0.0037014     0.0041011     0.0044766     0.0048234     0.0051379     0.0054179     0.0056622     0.0058705     0.0060432     0.0061814     0.0062865     0.0063606     0.0064057     0.0064243     0.0064185     0.0063909     0.0063436     0.0062791     0.0061994     0.0061065     0.0060023     0.0058885     0.0057667     0.0056383     0.0055046     0.0053667     0.0052257     0.0050825     0.0049379     0.0047926     0.0046472     0.0045024     0.0043584     0.0042158     0.0040749     0.0039361     0.0037995     0.0036653     0.0035338     0.0034051     0.0032793     0.0031565     0.0030368     0.0029202     0.0028068     0.0026966     0.0025895     0.0024857     0.0023850     0.0022874     0.0021930     0.0021016     0.0020133     0.0019280     0.0018456     0.0017660     0.0016893     0.0016153     0.0015439     0.0014751     0.0014088     0.0013449     0.0012834     0.0012241     0.0011669     0.0011118     0.0010587     0.0010075     0.0009580     0.0009103     0.0008641     0.0008195     0.0007764     0.0007345     0.0006940     0.0006546     0.0006164     0.0005792     0.0005430     0.0005077     0.0004734     0.0004399     0.0004072     0.0003753     0.0003442     0.0003140     0.0002845     0.0002558     0.0002280     0.0002011     0.0001751     0.0001502     0.0001262     0.0001034     0.0000818     0.0000614     0.0000424     0.0000248     0.0000086    -0.0000060    -0.0000191    -0.0000306    -0.0000405    -0.0000488    -0.0000555    -0.0000606    -0.0000642    -0.0000664    -0.0000672    -0.0000668    -0.0000652    -0.0000627    -0.0000593    -0.0000552    -0.0000505    -0.0000454    -0.0000400    -0.0000344    -0.0000288    -0.0000233    -0.0000179    -0.0000128    -0.0000080    -0.0000035     0.0000006     0.0000043     0.0000076     0.0000104     0.0000129     0.0000149     0.0000166     0.0000179     0.0000189     0.0000197     0.0000201     0.0000203     0.0000203     0.0000202     0.0000198
     0.0000642     0.0002549     0.0005659     0.0009877     0.0015073     0.0021095     0.0027775     0.0034932     0.0042389     0.0049971     0.0057516     0.0064878     0.0071931     0.0078570     0.0084711     0.0090294     0.0095275     0.0099632     0.0103358     0.0106459     0.0108951     0.0110862     0.0112223     0.0113071     0.0113447     0.0113391     0.0112946     0.0112151     0.0111048     0.0109672     0.0108060     0.0106245     0.0104258     0.0102125     0.0099873     0.0097524     0.0095100     0.0092618     0.0090095     0.0087545     0.0084981     0.0082415     0.0079855     0.0077311     0.0074791     0.0072299     0.0069842     0.0067424     0.0065049     0.0062721     0.0060441     0.0058213     0.0056037     0.0053915     0.0051849     0.0049838     0.0047883     0.0045985     0.0044143     0.0042357     0.0040627     0.0038952     0.0037331     0.0035764     0.0034250     0.0032787     0.0031375     0.0030013     0.0028699     0.0027432     0.0026211     0.0025034     0.0023900     0.0022807     0.0021754     0.0020739     0.0019761     0.0018817     0.0017907     0.0017029     0.0016181     0.0015362     0.0014569     0.0013802     0.0013059     0.0012339     0.0011640     0.0010960     0.0010299     0.0009656     0.0009030     0.0008419     0.0007824     0.0007243     0.0006677     0.0006125     0.0005586     0.0005062     0.0004553     0.0004059     0.0003581     0.0003119     0.0002675     0.0002249     0.0001844     0.0001459     0.0001097     0.0000759     0.0000446     0.0000158    -0.0000102    -0.0000335    -0.0000540    -0.0000716    -0.0000863    -0.0000982    -0.0001073    -0.0001137    -0.0001176    -0.0001191    -0.0001184    -0.0001156    -0.0001111    -0.0001051    -0.0000978    -0.0000895    -0.0000804    -0.0000708    -0.0000609    -0.0000510    -0.0000412    -0.0000316    -0.0000225    -0.0000140    -0.0000060     0.0000012     0.0000077     0.0000135     0.0000186     0.0000229     0.0000266     0.0000296     0.0000319     0.0000337     0.0000350     0.0000358     0.0000362     0.0000362     0.0000359     0.0000353
     0.0000980     0.0003887     0.0008633     0.0015073     0.0023013     0.0032226     0.0042456     0.0053434     0.0064888     0.0076553     0.0088183     0.0099553     0.0110468     0.0120765     0.0130313     0.0139014     0.0146801     0.0153634     0.0159499     0.0164402     0.0168367     0.0171432     0.0173644     0.0175060     0.0175739     0.0175744     0.0175140     0.0173988     0.0172349     0.0170283     0.0167843     0.0165081     0.0162046     0.0158779     0.0155322     0.0151709     0.0147974     0.0144145     0.0140248     0.0136306     0.0132339     0.0128365     0.0124399     0.0120455     0.0116544     0.0112676     0.0108861     0.0105105     0.0101415     0.0097795     0.0094250     0.0090784     0.0087399     0.0084097     0.0080880     0.0077750     0.0074706     0.0071750     0.0068880     0.0066098     0.0063402     0.0060792     0.0058266     0.0055823     0.0053463     0.0051183     0.0048982     0.0046858     0.0044809     0.0042833     0.0040928     0.0039092     0.0037323     0.0035618     0.0033976     0.0032392     0.0030866     0.0029394     0.0027974     0.0026604     0.0025280     0.0024001     0.0022765     0.0021567     0.0020408     0.0019283     0.0018191     0.0017130     0.0016099     0.0015095     0.0014116     0.0013163     0.0012233     0.0011326     0.0010442     0.0009579     0.0008738     0.0007920     0.0007124     0.0006352     0.0005605     0.0004884     0.0004190     0.0003525     0.0002891     0.0002291     0.0001725     0.0001196     0.0000707     0.0000257    -0.0000150    -0.0000514    -0.0000834    -0.0001109    -0.0001339    -0.0001526    -0.0001668    -0.0001769    -0.0001830    -0.0001853    -0.0001842    -0.0001800    -0.0001730    -0.0001636    -0.0001522    -0.0001392    -0.0001251    -0.0001101    -0.0000947    -0.0000792    -0.0000639    -0.0000491    -0.0000349    -0.0000215    -0.0000091     0.0000022     0.0000124     0.0000214     0.0000293     0.0000360     0.0000417     0.0000464     0.0000501     0.0000529     0.0000548     0.0000561     0.0000566     0.0000566     0.0000561     0.0000552
     0.0001370     0.0005437     0.0012078     0.0021095     0.0032226     0.0045156     0.0059534     0.0074988     0.0091142     0.0107627     0.0124097     0.0140236     0.0155768     0.0170459     0.0184120     0.0196608     0.0207822     0.0217700     0.0226215     0.0233373     0.0239201     0.0243748     0.0247081     0.0249273     0.0250409     0.0250575     0.0249862     0.0248357     0.0246147     0.0243315     0.0239938     0.0236091     0.0231842     0.0227253     0.0222381     0.0217279     0.0211994     0.0206566     0.0201035     0.0195432     0.0189788     0.0184128     0.0178475     0.0172849     0.0167266     0.0161743     0.0156290     0.0150920     0.0145641     0.0140461     0.0135387     0.0130423     0.0125574     0.0120843     0.0116232     0.0111744     0.0107380     0.0103140     0.0099024     0.0095032     0.0091163     0.0087416     0.0083791     0.0080284     0.0076895     0.0073621     0.0070459     0.0067408     0.0064465     0.0061627     0.0058890     0.0056252     0.0053710     0.0051260     0.0048899     0.0046623     0.0044429     0.0042313     0.0040271     0.0038301     0.0036398     0.0034559     0.0032781     0.0031059     0.0029391     0.0027773     0.0026203     0.0024677     0.0023192     0.0021748     0.0020340     0.0018968     0.0017630     0.0016325     0.0015052     0.0013810     0.0012600     0.0011422     0.0010277     0.0009166     0.0008090     0.0007051     0.0006052     0.0005095     0.0004182     0.0003317     0.0002503     0.0001741     0.0001035     0.0000388    -0.0000199    -0.0000723    -0.0001184    -0.0001581    -0.0001913    -0.0002182    -0.0002388    -0.0002533    -0.0002622    -0.0002656    -0.0002640    -0.0002580    -0.0002480    -0.0002345    -0.0002182    -0.0001995    -0.0001792    -0.0001577    -0.0001356    -0.0001134    -0.0000914    -0.0000700    -0.0000496    -0.0000304    -0.0000127     0.0000036     0.0000182     0.0000312     0.0000425     0.0000523     0.0000604     0.0000671     0.0000723     0.0000763     0.0000792     0.0000809     0.0000818     0.0000817     0.0000810     0.0000796
     0.0001801     0.0007152     0.0015894     0.0027775     0.0042456     0.0059534     0.0078556     0.0099040     0.0120495     0.0142440     0.0164418     0.0186013     0.0206853     0.0226625     0.0245071     0.0261992     0.0277246     0.0290741     0.0302433     0.0312320     0.0320432     0.0326828     0.0331590     0.0334813     0.0336605     0.0337080     0.0336357     0.0334551     0.0331779     0.0328151     0.0323772     0.0318742     0.0313153     0.0307089     0.0300630     0.0293845     0.0286799     0.0279550     0.0272149     0.0264641     0.0257068     0.0249465     0.0241864     0.0234292     0.0226773     0.0219327     0.0211973     0.0204725     0.0197597     0.0190599     0.0183740     0.0177028     0.0170469     0.0164067     0.0157827     0.0151750     0.0145840     0.0140095     0.0134518     0.0129108     0.0123864     0.0118784     0.0113868     0.0109112     0.0104515     0.0100073     0.0095784     0.0091643     0.0087649     0.0083796     0.0080082     0.0076500     0.0073049     0.0069722     0.0066515     0.0063424     0.0060444     0.0057569     0.0054796     0.0052119     0.0049534     0.0047035     0.0044618     0.0042278     0.0040010     0.0037811     0.0035676     0.0033602     0.0031584     0.0029620     0.0027706     0.0025840     0.0024020     0.0022245     0.0020513     0.0018824     0.0017178     0.0015575     0.0014017     0.0012505     0.0011040     0.0009627     0.0008267     0.0006965     0.0005723     0.0004545     0.0003436     0.0002399     0.0001438     0.0000557    -0.0000243    -0.0000957    -0.0001585    -0.0002126    -0.0002579    -0.0002945    -0.0003226    -0.0003425    -0.0003546    -0.0003594    -0.0003574    -0.0003492    -0.0003357    -0.0003174    -0.0002953    -0.0002701    -0.0002425    -0.0002133    -0.0001833    -0.0001531    -0.0001232    -0.0000943    -0.0000666    -0.0000405    -0.0000164     0.0000057     0.0000255     0.0000431     0.0000585     0.0000717     0.0000827     0.0000917     0.0000989     0.0001043     0.0001081     0.0001105     0.0001116     0.0001115     0.0001104     0.0001085
     0.0002263     0.0008987     0.0019979     0.0034932     0.0053434     0.0074988     0.0099040     0.0124993     0.0152239     0.0180177     0.0208235     0.0235884     0.0262652     0.0288133     0.0311991     0.0333963     0.0353855     0.0371538     0.0386943     0.0400056     0.0410903     0.0419551     0.0426094     0.0430649     0.0433348     0.0434332     0.0433750     0.0431749     0.0428476     0.0424073     0.0418675     0.0412411     0.0405400     0.0397753     0.0389571     0.0380948     0.0371967     0.0362705     0.0353230     0.0343601     0.0333874     0.0324095     0.0314307     0.0304546     0.0294843     0.0285228     0.0275723     0.0266350     0.0257125     0.0248063     0.0239178     0.0230478     0.0221973     0.0213669     0.0205570     0.0197682     0.0190007     0.0182545     0.0175299     0.0168268     0.0161451     0.0154847     0.0148453     0.0142267     0.0136286     0.0130507     0.0124925     0.0119536     0.0114337     0.0109321     0.0104484     0.0099820     0.0095324     0.0090991     0.0086814     0.0082787     0.0078903     0.0075158     0.0071544     0.0068055     0.0064685     0.0061427     0.0058276     0.0055225     0.0052268     0.0049400     0.0046616     0.0043910     0.0041278     0.0038715     0.0036218     0.0033783     0.0031409     0.0029092     0.0026832     0.0024627     0.0022478     0.0020386     0.0018351     0.0016377     0.0014465     0.0012619     0.0010843     0.0009142     0.0007520     0.0005981     0.0004532     0.0003178     0.0001922     0.0000770    -0.0000275    -0.0001209    -0.0002030    -0.0002737    -0.0003330    -0.0003810    -0.0004178    -0.0004440    -0.0004599    -0.0004663    -0.0004638    -0.0004533    -0.0004357    -0.0004120    -0.0003832    -0.0003504    -0.0003145    -0.0002766    -0.0002375    -0.0001982    -0.0001593    -0.0001215    -0.0000855    -0.0000516    -0.0000201     0.0000086     0.0000344     0.0000573     0.0000773     0.0000944     0.0001088     0.0001205     0.0001298     0.0001368     0.0001417     0.0001448     0.0001461     0.0001460     0.0001446     0.0001420
     0.0002742     0.0010894     0.0024230     0.0042389     0.0064888     0.0091142     0.0120495     0.0152239     0.0185648     0.0219999     0.0254600     0.0288805     0.0322034     0.0353782     0.0383626     0.0411228     0.0436333     0.0458767     0.0478427     0.0495278     0.0509339     0.0520678     0.0529398     0.0535634     0.0539542     0.0541290     0.0541057     0.0539023     0.0535367     0.0530265     0.0523886     0.0516389     0.0507924     0.0498630     0.0488637     0.0478062     0.0467012     0.0455583     0.0443864     0.0431931     0.0419853     0.0407693     0.0395505     0.0383335     0.0371226     0.0359213     0.0347328     0.0335598     0.0324045     0.0312690     0.0301548     0.0290634     0.0279958     0.0269529     0.0259356     0.0249442     0.0239791     0.0230408     0.0221291     0.0212443     0.0203862     0.0195547     0.0187494     0.0179703     0.0172167     0.0164884     0.0157849     0.0151056     0.0144501     0.0138176     0.0132076     0.0126193     0.0120522     0.0115054     0.0109783     0.0104701     0.0099800     0.0095072     0.0090509     0.0086104     0.0081849     0.0077735     0.0073755     0.0069901     0.0066166     0.0062542     0.0059024     0.0055605     0.0052278     0.0049039     0.0045883     0.0042805     0.0039803     0.0036873     0.0034015     0.0031227     0.0028509     0.0025862     0.0023289     0.0020790     0.0018371     0.0016036     0.0013788     0.0011635     0.0009582     0.0007635     0.0005800     0.0004085     0.0002495     0.0001036    -0.0000287    -0.0001471    -0.0002512    -0.0003408    -0.0004160    -0.0004769    -0.0005237    -0.0005570    -0.0005773    -0.0005856    -0.0005826    -0.0005695    -0.0005475    -0.0005177    -0.0004815    -0.0004401    -0.0003949    -0.0003471    -0.0002978    -0.0002482    -0.0001992    -0.0001516    -0.0001061    -0.0000633    -0.0000237     0.0000125     0.0000451     0.0000740     0.0000992     0.0001207     0.0001388     0.0001535     0.0001652     0.0001739     0.0001801     0.0001839     0.0001855     0.0001853     0.0001835     0.0001802
     0.0003229     0.0012829     0.0028546     0.0049971     0.0076553     0.0107627     0.0142440     0.0180177     0.0219999     0.0261063     0.0302557     0.0343716     0.0383849     0.0422343     0.0458681     0.0492443     0.0523304     0.0551033     0.0575486     0.0596599     0.0614373     0.0628873     0.0640206     0.0648520     0.0653991     0.0656814     0.0657195     0.0655349     0.0651488     0.0645823     0.0638557     0.0629884     0.0619988     0.0609037     0.0597193     0.0584598     0.0571387     0.0557680     0.0543584     0.0529199     0.0514609     0.0499894     0.0485121     0.0470350     0.0455634     0.0441019     0.0426545     0.0412247     0.0398153     0.0384290     0.0370679     0.0357337     0.0344278     0.0331516     0.0319060     0.0306917     0.0295092     0.0283588     0.0272410     0.0261556     0.0251026     0.0240820     0.0230934     0.0221366     0.0212110     0.0203163     0.0194518     0.0186169     0.0178111     0.0170334     0.0162833     0.0155598     0.0148622     0.0141896     0.0135410     0.0129156     0.0123124     0.0117304     0.0111687     0.0106263     0.0101023     0.0095957     0.0091054     0.0086307     0.0081705     0.0077241     0.0072905     0.0068691     0.0064591     0.0060598     0.0056706     0.0052912     0.0049209     0.0045597     0.0042071     0.0038632     0.0035279     0.0032014     0.0028838     0.0025755     0.0022769     0.0019887     0.0017113     0.0014454     0.0011919     0.0009515     0.0007250     0.0005131     0.0003167     0.0001364    -0.0000271    -0.0001734    -0.0003021    -0.0004130    -0.0005060    -0.0005814    -0.0006395    -0.0006808    -0.0007062    -0.0007166    -0.0007133    -0.0006974    -0.0006704    -0.0006340    -0.0005895    -0.0005387    -0.0004832    -0.0004244    -0.0003639    -0.0003028    -0.0002425    -0.0001840    -0.0001281    -0.0000755    -0.0000268     0.0000177     0.0000578     0.0000933     0.0001242     0.0001507     0.0001728     0.0001909     0.0002052     0.0002159     0.0002234     0.0002279     0.0002299     0.0002296     0.0002272     0.0002231
     0.0003711     0.0014749     0.0032835     0.0057516     0.0088183     0.0124097     0.0164418     0.0208235     0.0254600     0.0302557     0.0351176     0.0399578     0.0446954     0.0492585     0.0535852     0.0576245     0.0613359     0.0646900     0.0676671     0.0702569     0.0724571     0.0742727     0.0757143     0.0767975     0.0775413     0.0779675     0.0780995     0.0779617     0.0775790     0.0769759     0.0761762     0.0752030     0.0740781     0.0728219     0.0714535     0.0699904     0.0684488     0.0668434     0.0651873     0.0634926     0.0617699     0.0600288     0.0582778     0.0565242     0.0547748     0.0530351     0.0513103     0.0496047     0.0479220     0.0462653     0.0446375     0.0430408     0.0414772     0.0399480     0.0384547     0.0369982     0.0355792     0.0341983     0.0328558     0.0315518     0.0302864     0.0290595     0.0278707     0.0267198     0.0256062     0.0245294     0.0234888     0.0224837     0.0215132     0.0205766     0.0196729     0.0188012     0.0179605     0.0171498     0.0163679     0.0156139     0.0148865     0.0141846     0.0135071     0.0128528     0.0122205     0.0116091     0.0110175     0.0104444     0.0098889     0.0093499     0.0088264     0.0083174     0.0078222     0.0073398     0.0068697     0.0064112     0.0059638     0.0055271     0.0051010     0.0046852     0.0042799     0.0038850     0.0035010     0.0031281     0.0027670     0.0024183     0.0020827     0.0017610     0.0014542     0.0011633     0.0008891     0.0006326     0.0003948     0.0001764    -0.0000217    -0.0001989    -0.0003549    -0.0004893    -0.0006022    -0.0006937    -0.0007643    -0.0008147    -0.0008457    -0.0008587    -0.0008550    -0.0008362    -0.0008039    -0.0007602    -0.0007068    -0.0006457    -0.0005788    -0.0005081    -0.0004351    -0.0003616    -0.0002890    -0.0002185    -0.0001511    -0.0000878    -0.0000291     0.0000245     0.0000727     0.0001155     0.0001527     0.0001845     0.0002111     0.0002328     0.0002499     0.0002627     0.0002716     0.0002771     0.0002793     0.0002788     0.0002758     0.0002707
     0.0004180     0.0016619     0.0037014     0.0064878     0.0099553     0.0140236     0.0186013     0.0235884     0.0288805     0.0343716     0.0399578     0.0455397     0.0510252     0.0563315     0.0613862     0.0661286     0.0705097     0.0744926     0.0780515     0.0811712     0.0838459     0.0860783     0.0878780     0.0892606     0.0902459     0.0908576     0.0911213     0.0910645     0.0907150     0.0901010     0.0892500     0.0881886     0.0869424     0.0855353     0.0839898     0.0823267     0.0805654     0.0787232     0.0768162     0.0748587     0.0728637     0.0708427     0.0688062     0.0667630     0.0647215     0.0626885     0.0606703     0.0586723     0.0566991     0.0547547     0.0528425     0.0509653     0.0491257     0.0473255     0.0455665     0.0438499     0.0421767     0.0405475     0.0389630     0.0374234     0.0359288     0.0344790     0.0330740     0.0317132     0.0303962     0.0291224     0.0278911     0.0267015     0.0255526     0.0244436     0.0233734     0.0223408     0.0213448     0.0203841     0.0194574     0.0185636     0.0177012     0.0168689     0.0160654     0.0152893     0.0145392     0.0138137     0.0131116     0.0124315     0.0117721     0.0111321     0.0105105     0.0099061     0.0093178     0.0087448     0.0081862     0.0076414     0.0071097     0.0065907     0.0060842     0.0055899     0.0051079     0.0046383     0.0041816     0.0037381     0.0033085     0.0028936     0.0024943     0.0021115     0.0017464     0.0014000     0.0010736     0.0007682     0.0004849     0.0002249    -0.0000112    -0.0002224    -0.0004084    -0.0005687    -0.0007035    -0.0008128    -0.0008972    -0.0009576    -0.0009951    -0.0010110    -0.0010071    -0.0009851    -0.0009473    -0.0008957    -0.0008326    -0.0007604    -0.0006813    -0.0005975    -0.0005112    -0.0004241    -0.0003381    -0.0002546    -0.0001748    -0.0000998    -0.0000303     0.0000332     0.0000902     0.0001408     0.0001848     0.0002224     0.0002538     0.0002794     0.0002995     0.0003146     0.0003251     0.0003313     0.0003339     0.0003331     0.0003294     0.0003232
     0.0004628     0.0018404     0.0041011     0.0071931     0.0110468     0.0155768     0.0206853     0.0262652     0.0322034     0.0383849     0.0446954     0.0510252     0.0572714     0.0633403     0.0691489     0.0746265     0.0797151     0.0843693     0.0885563     0.0922551     0.0954553     0.0981562     0.1003655     0.1020978     0.1033733     0.1042164     0.1046549     0.1047185     0.1044382     0.1038452     0.1029708     0.1018451     0.1004975     0.0989557     0.0972457     0.0953919     0.0934167     0.0913409     0.0891833     0.0869609     0.0846892     0.0823821     0.0800519     0.0777096     0.0753649     0.0730265     0.0707018     0.0683974     0.0661189     0.0638715     0.0616591     0.0594855     0.0573536     0.0552660     0.0532247     0.0512315     0.0492875     0.0473938     0.0455511     0.0437597     0.0420200     0.0403319     0.0386953     0.0371097     0.0355746     0.0340895     0.0326535     0.0312657     0.0299252     0.0286308     0.0273814     0.0261757     0.0250125     0.0238903     0.0228076     0.0217631     0.0207552     0.0197823     0.0188428     0.0179352     0.0170579     0.0162093     0.0153878     0.0145920     0.0138202     0.0130711     0.0123434     0.0116356     0.0109467     0.0102756     0.0096212     0.0089829     0.0083598     0.0077516     0.0071578     0.0065784     0.0060132     0.0054626     0.0049269     0.0044067     0.0039028     0.0034160     0.0029474     0.0024982     0.0020696     0.0016630     0.0012797     0.0009211     0.0005884     0.0002829     0.0000055    -0.0002428    -0.0004615    -0.0006501    -0.0008088    -0.0009376    -0.0010372    -0.0011087    -0.0011532    -0.0011725    -0.0011685    -0.0011434    -0.0010996    -0.0010396    -0.0009662    -0.0008821    -0.0007899    -0.0006922    -0.0005914    -0.0004898    -0.0003894    -0.0002919    -0.0001988    -0.0001112    -0.0000300     0.0000440     0.0001106     0.0001695     0.0002208     0.0002646     0.0003012     0.0003309     0.0003543     0.0003717     0.0003838     0.0003909     0.0003937     0.0003926     0.0003881     0.0003807
     0.0005048     0.0020080     0.0044766     0.0078570     0.0120765     0.0170459     0.0226625     0.0288133     0.0353782     0.0422343     0.0492585     0.0563315     0.0633403     0.0701807     0.0767595     0.0829959     0.0888220     0.0941837     0.0990403     0.1033637     0.1071382     0.1103588     0.1130298     0.1151641     0.1167810     0.1179054     0.1185660     0.1187946     0.1186246     0.1180904     0.1172264     0.1160666     0.1146437     0.1129894     0.1111334     0.1091037     0.1069263     0.1046251     0.1022222     0.0997376     0.0971894     0.0945940     0.0919661     0.0893186     0.0866633     0.0840104     0.0813690     0.0787470     0.0761513     0.0735879     0.0710620     0.0685779     0.0661394     0.0637496     0.0614112     0.0591263     0.0568965     0.0547231     0.0526071     0.0505492     0.0485496     0.0466086     0.0447259     0.0429013     0.0411343     0.0394242     0.0377701     0.0361712     0.0346262     0.0331341     0.0316934     0.0303029     0.0289610     0.0276661     0.0264166     0.0252109     0.0240471     0.0229236     0.0218385     0.0207901     0.0197764     0.0187957     0.0178462     0.0169261     0.0160337     0.0151674     0.0143256     0.0135069     0.0127097     0.0119330     0.0111757     0.0104367     0.0097153     0.0090109     0.0083232     0.0076520     0.0069972     0.0063592     0.0057384     0.0051355     0.0045513     0.0039869     0.0034436     0.0029226     0.0024255     0.0019538     0.0015091     0.0010929     0.0007067     0.0003519     0.0000298    -0.0002587    -0.0005128    -0.0007323    -0.0009168    -0.0010669    -0.0011832    -0.0012668    -0.0013192    -0.0013423    -0.0013385    -0.0013101    -0.0012601    -0.0011913    -0.0011070    -0.0010101    -0.0009039    -0.0007914    -0.0006752    -0.0005581    -0.0004423    -0.0003299    -0.0002225    -0.0001215    -0.0000280     0.0000574     0.0001341     0.0002020     0.0002610     0.0003114     0.0003534     0.0003876     0.0004143     0.0004342     0.0004479     0.0004559     0.0004589     0.0004574     0.0004520     0.0004432
     0.0005435     0.0021625     0.0048234     0.0084711     0.0130313     0.0184120     0.0245071     0.0311991     0.0383626     0.0458681     0.0535852     0.0613862     0.0691489     0.0767595     0.0841149     0.0911240     0.0977094     0.1038075     0.1093688     0.1143579     0.1187523     0.1225413     0.1257255     0.1283145     0.1303260     0.1317840     0.1327178     0.1331603     0.1331469     0.1327144     0.1319004     0.1307422     0.1292761     0.1275375     0.1255599     0.1233750     0.1210125     0.1184997     0.1158621     0.1131228     0.1103030     0.1074217     0.1044960     0.1015414     0.0985716     0.0955988     0.0926338     0.0896859     0.0867636     0.0838740     0.0810234     0.0782170     0.0754596     0.0727549     0.0701063     0.0675163     0.0649871     0.0625204     0.0601174     0.0577791     0.0555061     0.0532985     0.0511564     0.0490796     0.0470675     0.0451195     0.0432348     0.0414122     0.0396508     0.0379490     0.0363056     0.0347188     0.0331872     0.0317089     0.0302822     0.0289050     0.0275756     0.0262918     0.0250517     0.0238532     0.0226942     0.0215727     0.0204867     0.0194341     0.0184130     0.0174215     0.0164580     0.0155206     0.0146078     0.0137182     0.0128506     0.0120039     0.0111773     0.0103700     0.0095817     0.0088121     0.0080613     0.0073296     0.0066176     0.0059259     0.0052556     0.0046079     0.0039843     0.0033862     0.0028155     0.0022738     0.0017630     0.0012849     0.0008412     0.0004335     0.0000631    -0.0002687    -0.0005611    -0.0008137    -0.0010264    -0.0011995    -0.0013338    -0.0014307    -0.0014918    -0.0015193    -0.0015158    -0.0014842    -0.0014278    -0.0013498    -0.0012539    -0.0011437    -0.0010227    -0.0008944    -0.0007620    -0.0006284    -0.0004963    -0.0003680    -0.0002455    -0.0001303    -0.0000236     0.0000737     0.0001612     0.0002385     0.0003057     0.0003630     0.0004108     0.0004496     0.0004798     0.0005023     0.0005176     0.0005265     0.0005296     0.0005276     0.0005211     0.0005108
     0.0005785     0.0023024     0.0051379     0.0090294     0.0139014     0.0196608     0.0261992     0.0333963     0.0411228     0.0492443     0.0576245     0.0661286     0.0746265     0.0829959     0.0911240     0.0989104     0.1062676     0.1131226     0.1194170     0.1251066     0.1301614     0.1345647     0.1383113     0.1414070     0.1438665     0.1457123     0.1469729     0.1476816     0.1478750     0.1475921     0.1468728     0.1457574     0.1442859     0.1424970     0.1404280     0.1381144     0.1355894     0.1328843     0.1300279     0.1270466     0.1239648     0.1208045     0.1175856     0.1143259     0.1110417     0.1077471     0.1044548     0.1011761     0.0979207     0.0946974     0.0915135     0.0883756     0.0852891     0.0822588     0.0792887     0.0763821     0.0735416     0.0707694     0.0680671     0.0654361     0.0628770     0.0603905     0.0579766     0.0556352     0.0533658     0.0511680     0.0490407     0.0469829     0.0449935     0.0430709     0.0412136     0.0394199     0.0376880     0.0360161     0.0344020     0.0328437     0.0313389     0.0298856     0.0284813     0.0271239     0.0258109     0.0245402     0.0233093     0.0221161     0.0209584     0.0198340     0.0187411     0.0176776     0.0166418     0.0156322     0.0146473     0.0136860     0.0127473     0.0118304     0.0109348     0.0100604     0.0092072     0.0083755     0.0075660     0.0067796     0.0060173     0.0052807     0.0045713     0.0038909     0.0032414     0.0026249     0.0020434     0.0014990     0.0009936     0.0005291     0.0001070    -0.0002712    -0.0006048    -0.0008931    -0.0011361    -0.0013340    -0.0014879    -0.0015992    -0.0016698    -0.0017023    -0.0016995    -0.0016647    -0.0016016    -0.0015141    -0.0014062    -0.0012820    -0.0011455    -0.0010006    -0.0008509    -0.0007000    -0.0005507    -0.0004057    -0.0002673    -0.0001371    -0.0000165     0.0000934     0.0001921     0.0002794     0.0003552     0.0004198     0.0004736     0.0005171     0.0005511     0.0005762     0.0005932     0.0006028     0.0006060     0.0006034     0.0005957     0.0005837
     0.0006095     0.0024268     0.0054179     0.0095275     0.0146801     0.0207822     0.0277246     0.0353855     0.0436333     0.0523304     0.0613359     0.0705097     0.0797151     0.0888220     0.0977094     0.1062676     0.1143999     0.1220236     0.1290709     0.1354888     0.1412390     0.1462972     0.1506522     0.1543045     0.1572647     0.1595525     0.1611949     0.1622244     0.1626783     0.1625965     0.1620211     0.1609950     0.1595610     0.1577613     0.1556367     0.1532264     0.1505674     0.1476947     0.1446406     0.1414353     0.1381062     0.1346785     0.1311752     0.1276169     0.1240222     0.1204077     0.1167882     0.1131769     0.1095853     0.1060236     0.1025007     0.0990242     0.0956010     0.0922366     0.0889358     0.0857028     0.0825408     0.0794525     0.0764402     0.0735054     0.0706492     0.0678724     0.0651754     0.0625582     0.0600204     0.0575615     0.0551806     0.0528767     0.0506485     0.0484945     0.0464129     0.0444021     0.0424600     0.0405846     0.0387735     0.0370246     0.0353355     0.0337035     0.0321264     0.0306014     0.0291261     0.0276978     0.0263141     0.0249724     0.0236704     0.0224055     0.0211757     0.0199788     0.0188129     0.0176762     0.0165671     0.0154842     0.0144266     0.0133934     0.0123841     0.0113984     0.0104365     0.0094986     0.0085856     0.0076984     0.0068384     0.0060071     0.0052064     0.0044383     0.0037049     0.0030087     0.0023519     0.0017368     0.0011656     0.0006405     0.0001632    -0.0002647    -0.0006423    -0.0009689    -0.0012443    -0.0014690    -0.0016440    -0.0017709    -0.0018520    -0.0018901    -0.0018883    -0.0018505    -0.0017807    -0.0016833    -0.0015629    -0.0014240    -0.0012713    -0.0011090    -0.0009414    -0.0007723    -0.0006049    -0.0004424    -0.0002872    -0.0001414    -0.0000063     0.0001169     0.0002274     0.0003251     0.0004099     0.0004820     0.0005420     0.0005905     0.0006282     0.0006560     0.0006747     0.0006851     0.0006882     0.0006848     0.0006758     0.0006619
     0.0006366     0.0025351     0.0056622     0.0099632     0.0153634     0.0217700     0.0290741     0.0371538     0.0458767     0.0551033     0.0646900     0.0744926     0.0843693     0.0941837     0.1038075     0.1131226     0.1220236     0.1304185     0.1382299     0.1453958     0.1518691     0.1576172     0.1626217     0.1668768     0.1703880     0.1731712     0.1752504     0.1766567     0.1774267     0.1776008     0.1772222     0.1763359     0.1749871     0.1732211     0.1710819     0.1686124     0.1658532     0.1628430     0.1596178     0.1562114     0.1526546     0.1489762     0.1452021     0.1413559     0.1374590     0.1335304     0.1295874     0.1256452     0.1217174     0.1178157     0.1139508     0.1101318     0.1063664     0.1026616     0.0990232     0.0954561     0.0919643     0.0885512     0.0852196     0.0819715     0.0788084     0.0757315     0.0727413     0.0698380     0.0670216     0.0642914     0.0616468     0.0590867     0.0566097     0.0542144     0.0518988     0.0496613     0.0474995     0.0454113     0.0433942     0.0414457     0.0395633     0.0377442     0.0359857     0.0342850     0.0326392     0.0310455     0.0295012     0.0280033     0.0265494     0.0251367     0.0237628     0.0224254     0.0211222     0.0198514     0.0186112     0.0174001     0.0162170     0.0150609     0.0139314     0.0128280     0.0117510     0.0107008     0.0096782     0.0086843     0.0077207     0.0067891     0.0058916     0.0050305     0.0042082     0.0034273     0.0026904     0.0020002     0.0013592     0.0007696     0.0002335    -0.0002474    -0.0006719    -0.0010393    -0.0013494    -0.0016028    -0.0018005    -0.0019444    -0.0020370    -0.0020812    -0.0020809    -0.0020402    -0.0019637    -0.0018562    -0.0017229    -0.0015689    -0.0013993    -0.0012190    -0.0010326    -0.0008444    -0.0006583    -0.0004775    -0.0003049    -0.0001426     0.0000077     0.0001446     0.0002674     0.0003759     0.0004700     0.0005500     0.0006165     0.0006701     0.0007116     0.0007420     0.0007623     0.0007735     0.0007764     0.0007722     0.0007616     0.0007456
     0.0006596     0.0026273     0.0058705     0.0103358     0.0159499     0.0226215     0.0302433     0.0386943     0.0478427     0.0575486     0.0676671     0.0780515     0.0885563     0.0990403     0.1093688     0.1194170     0.1290709     0.1382299     0.1468077     0.1547327     0.1619486     0.1684144     0.1741034     0.1790027     0.1831117     0.1864411     0.1890110     0.1908499     0.1919926     0.1924791     0.1923531     0.1916605     0.1904487     0.1887653     0.1866575     0.1841713     0.1813508     0.1782384     0.1748739     0.1712945     0.1675349     0.1636271     0.1596004     0.1554815     0.1512948     0.1470622     0.1428032     0.1385355     0.1342748     0.1300350     0.1258281     0.1216650     0.1175549     0.1135060     0.1095252     0.1056183     0.1017904     0.0980455     0.0943871     0.0908177     0.0873394     0.0839537     0.0806615     0.0774633     0.0743591     0.0713485     0.0684310     0.0656054     0.0628705     0.0602247     0.0576661     0.0551928     0.0528025     0.0504928     0.0482610     0.0461046     0.0440206     0.0420062     0.0400583     0.0381738     0.0363498     0.0345830     0.0328705     0.0312091     0.0295960     0.0280282     0.0265032     0.0250182     0.0235709     0.0221592     0.0207812     0.0194352     0.0181200     0.0168346     0.0155784     0.0143510     0.0131527     0.0119840     0.0108458     0.0097393     0.0086663     0.0076288     0.0066290     0.0056695     0.0047531     0.0038826     0.0030611     0.0022913     0.0015762     0.0009182     0.0003198    -0.0002174    -0.0006918    -0.0011027    -0.0014498    -0.0017339    -0.0019560    -0.0021182    -0.0022232    -0.0022745    -0.0022761    -0.0022327    -0.0021495    -0.0020317    -0.0018852    -0.0017155    -0.0015285    -0.0013294    -0.0011236    -0.0009157    -0.0007101    -0.0005103    -0.0003195    -0.0001401     0.0000258     0.0001770     0.0003127     0.0004323     0.0005360     0.0006241     0.0006972     0.0007560     0.0008014     0.0008345     0.0008564     0.0008681     0.0008708     0.0008655     0.0008532     0.0008349
