    -6.2031816    -6.1670715    -6.1079859    -6.0274699    -5.9274989    -5.8103284    -5.6783398    -5.5339036    -5.3792684    -5.2164836    -5.0473538    -4.8734212    -4.6959702    -4.5160459    -4.3344820    -4.1519320    -3.9689008    -3.7857744    -3.6028455    -3.4203355    -3.2384136    -3.0572102    -2.8768291    -2.6973560    -2.5188651    -2.3414236    -2.1650960    -1.9899462    -1.8160396    -1.6434450    -1.4722361    -1.3024930    -1.1343038    -0.9677672    -0.8029943    -0.6401119    -0.4792658    -0.3206250    -0.1643856    -0.0107762     0.1399376     0.2874477     0.4313993     0.5713863     0.7069489     0.8375727     0.9626896     1.0816834     1.1938972     1.2986475     1.3952411     1.4829985     1.5612810     1.6295216     1.6872575     1.7341631     1.7700778     1.7950273     1.8092339     1.8131112     1.8072430     1.7923442     1.7692069     1.7386374     1.7013904     1.6581136     1.6093105     1.5553324     1.4964026     1.4326714     1.3642946     1.2915175     1.2147506     1.1346168     1.0519624     0.9678269     0.8833803     0.7998396     0.7183826     0.6400718     0.5657993     0.4962560     0.4319233     0.3730828     0.3198378     0.2721411     0.2298249     0.1926292     0.1602283     0.1322534     0.1083110     0.0879988     0.0709174     0.0566801     0.0449194     0.0352930     0.0274861     0.0212144     0.0162240     0.0122917
    -6.1670715    -6.1317963    -6.0740342    -5.9952389    -5.8972769    -5.7822906    -5.6525561    -5.5103550    -5.3578676    -5.1970966    -5.0298197    -4.8575683    -4.6816280    -4.5030534    -4.3226923    -4.1412149    -3.9591431    -3.7768788    -3.5947296    -3.4129298    -3.2316595    -3.0510584    -2.8712380    -2.6922900    -2.5142935    -2.3373198    -2.1614363    -1.9867092    -1.8132057    -1.6409961    -1.4701548    -1.3007628    -1.1329086    -0.9666911    -0.8022217    -0.6396272    -0.4790536    -0.3206695    -0.1646712    -0.0112871     0.1392172     0.2865338     0.4303078     0.5701332     0.7055502     0.8360443     0.9610475     1.0799430     1.1920742     1.2967569     1.3932978     1.4810170     1.5592751     1.6275046     1.6852423     1.7321617     1.7681014     1.7930864     1.8073380     1.8112689     1.8054619     1.7906309     1.7675670     1.7370755     1.6999100     1.6567174     1.6080002     1.5541087     1.4952655     1.4316203     1.3633279     1.2906333     1.2139462     1.1338891     1.0513079     0.9672417     0.8828601     0.7993801     0.7179793     0.6397201     0.5654945     0.4959937     0.4316990     0.3728924     0.3196772     0.2720067     0.2297132     0.1925370     0.1601529     0.1321921     0.1082616     0.0879592     0.0708860     0.0566554     0.0449002     0.0352781     0.0274747     0.0212057     0.0162174     0.0122868
    -6.1079859    -6.0740342    -6.0183741    -5.9423191    -5.8475676    -5.7360853    -5.6099827    -5.4713988    -5.3224028    -5.1649197    -5.0006801    -4.8311947    -4.6577478    -4.4814070    -4.3030414    -4.1233466    -3.9428714    -3.7620435    -3.5811941    -3.4005788    -3.2203956    -3.0407994    -2.8619142    -2.6838422    -2.5066704    -2.3304768    -2.1553338    -1.9813114    -1.8084801    -1.6369121    -1.4666837    -1.2978769    -1.1305811    -0.9648957    -0.8009323    -0.6388178    -0.4786982    -0.3207423    -0.1651460    -0.0121377     0.1380172     0.2850110     0.4284887     0.5680446     0.7032186     0.8334963     0.9583094     1.0770411     1.1890341     1.2936040     1.3900568     1.4777118     1.5559291     1.6241401     1.6818805     1.7288227     1.7648040     1.7898480     1.8041744     1.8081946     1.8024895     1.7877715     1.7648300     1.7344685     1.6974390     1.6543867     1.6058127     1.5520658     1.4933671     1.4298652     1.3617138     1.2891567     1.2126028     1.1326737     1.0502146     0.9662641     0.8819912     0.7986126     0.7173055     0.6391324     0.5649853     0.4955554     0.4313243     0.3725741     0.3194089     0.2717820     0.2295264     0.1923829     0.1600266     0.1320895     0.1081789     0.0878931     0.0708335     0.0566140     0.0448679     0.0352531     0.0274556     0.0211912     0.0162065     0.0122787
    -6.0274699    -5.9952389    -5.9423191    -5.8698508    -5.7793219    -5.6724750    -5.5512067    -5.4174688    -5.2731810    -5.1201595    -4.9600662    -4.7943771    -4.6243692    -4.4511221    -4.2755296    -4.0983192    -3.9200739    -3.7412552    -3.5622262    -3.3832707    -3.2046113    -3.0264240    -2.8488501    -2.6720058    -2.4959899    -2.3208894    -2.1467837    -1.9737487    -1.8018587    -1.6311894    -1.4618193    -1.2938320    -1.1273182    -0.9623778    -0.7991230    -0.6376809    -0.4781975    -0.3208413    -0.1658083    -0.0133265     0.1363388     0.2828801     0.4259425     0.5651203     0.6999536     0.8299277     0.9544741     1.0729757     1.1847747     1.2891860     1.3855148     1.4730797     1.5512393     1.6194238     1.6771676     1.7241413     1.7601804     1.7853067     1.7997378     1.8038828     1.7983204     1.7837605     1.7609903     1.7308108     1.6939718     1.6511161     1.6027427     1.5491985     1.4907025     1.4274015     1.3594477     1.2870836     1.2107165     1.1309670     1.0486793     0.9648910     0.8807707     0.7975343     0.7163590     0.6383067     0.5642698     0.4949393     0.4307975     0.3721268     0.3190316     0.2714661     0.2292638     0.1921662     0.1598491     0.1319452     0.1080625     0.0878000     0.0707597     0.0565559     0.0448226     0.0352180     0.0274287     0.0211707     0.0161911     0.0122672
    -5.9274989    -5.8972769    -5.8475676    -5.7793219    -5.6937953    -5.5924793    -5.4770250    -5.3491638    -5.2106334    -5.0631128    -4.9081712    -4.7472327    -4.5815559    -4.4122266    -4.2401627    -4.0661253    -3.8907362    -3.7144971    -3.5378085    -3.3609891    -3.1842920    -3.0079193    -2.8320343    -2.6567712    -2.4822436    -2.3085501    -2.1357795    -1.9640147    -1.7933358    -1.6238225    -1.4555564    -1.2886232    -1.1231151    -0.9591331    -0.7967898    -0.6362126    -0.4775476    -0.3209632    -0.1666551    -0.0148510     0.1341839     0.2801423     0.4226698     0.5613605     0.6957547     0.8253373     0.9495398     1.0677445     1.1792930     1.2834994     1.3796679     1.4671158     1.5452003     1.6133501     1.6710974     1.7181110     1.7542240     1.7794556     1.7940208     1.7983259     1.7929467     1.7785901     1.7560401     1.7260947     1.6895008     1.6468982     1.5987831     1.5454997     1.4872647     1.4242226     1.3565236     1.2844080     1.2082817     1.1287639     1.0466971     0.9631182     0.8791946     0.7961418     0.7151363     0.6372400     0.5633452     0.4941433     0.4301167     0.3715485     0.3185439     0.2710577     0.2289241     0.1918859     0.1596195     0.1317586     0.1079120     0.0876795     0.0706640     0.0564806     0.0447638     0.0351726     0.0273938     0.0211442     0.0161711     0.0122523
    -5.8103284    -5.7822906    -5.7360853    -5.6724750    -5.5924793    -5.4973304    -5.3884192    -5.2672369    -5.1353154    -4.9941714    -4.8452582    -4.6899276    -4.5294038    -4.3647684    -4.1969565    -4.0267614    -3.8548445    -3.6817499    -3.5079205    -3.3337142    -3.1594194    -2.9852690    -2.8114524    -2.6381257    -2.4654202    -2.2934489    -2.1223119    -1.9521012    -1.7829036    -1.6148040    -1.4478878    -1.2822435    -1.1179652    -0.9551551    -0.7939266    -0.6344073    -0.4767435    -0.3211033    -0.1676823    -0.0167078     0.1315553     0.2768000     0.4186722     0.5567661     0.6906219     0.8197245     0.9435050     1.0613452     1.1725859     1.2765403     1.3725113     1.4598148     1.5378062     1.6059121     1.6636627     1.7107239     1.7469263     1.7722859     1.7870144     1.7915147     1.7863591     1.7722506     1.7499697     1.7203106     1.6840164     1.6417234     1.5939245     1.5409606     1.4830453     1.4203204     1.3529334     1.2811226     1.2052916     1.1260577     1.0442620     0.9609399     0.8772577     0.7944302     0.7136332     0.6359286     0.5622084     0.4931643     0.4292793     0.3708372     0.3179438     0.2705550     0.2285061     0.1915408     0.1593368     0.1315287     0.1077265     0.0875311     0.0705462     0.0563879     0.0446914     0.0351165     0.0273508     0.0211115     0.0161465     0.0122339
    -5.6783398    -5.6525561    -5.6099827    -5.5512067    -5.4770250    -5.3884192    -5.2865222    -5.1725787    -5.0479013    -4.9138258    -4.7716679    -4.6226858    -4.4680499    -4.3088222    -4.1459441    -3.9802337    -3.8123886    -3.6429952    -3.4725400    -3.3014230    -3.1299715    -2.9584529    -2.7870864    -2.6160533    -2.4455054    -2.2755729    -2.1063693    -1.9379973    -1.7705519    -1.6041241    -1.4388042    -1.2746841    -1.1118599    -0.9504357    -0.7905255    -0.6322576    -0.4757780    -0.3212551    -0.1688840    -0.0188917     0.1284575     0.2728568     0.4139524     0.5513388     0.6845561     0.8130892     0.9363686     1.0537756     1.1646503     1.2683046     1.3640401     1.4511708     1.5290502     1.5971025     1.6548552     1.7019713     1.7382778     1.7637875     1.7787081     1.7834384     1.7785464     1.7647309     1.7427679     1.7134471     1.6775074     1.6355809     1.5881562     1.5355705     1.4780339     1.4156849     1.3486679     1.2772184     1.2017377     1.1228407     1.0413667     0.9583494     0.8749540     0.7923940     0.7118448     0.6343678     0.5608551     0.4919987     0.4282821     0.3699898     0.3172288     0.2699560     0.2280079     0.1911294     0.1589997     0.1312545     0.1075053     0.0873540     0.0704056     0.0562771     0.0446049     0.0350496     0.0272995     0.0210725     0.0161171     0.0122119
    -5.5339036    -5.5103550    -5.4713988    -5.4174688    -5.3491638    -5.2672369    -5.1725787    -5.0661944    -4.9491751    -4.8226646    -4.6878241    -4.5457978    -4.3976818    -4.2444994    -4.0871828    -3.9265632    -3.7633668    -3.5982179    -3.4316450    -3.2640910    -3.0959238    -2.9274478    -2.7589150    -2.5905344    -2.4224817    -2.2549061    -2.0879370    -1.9216893    -1.7562676    -1.5917706    -1.4282939    -1.2659334    -1.1047882    -0.9449640    -0.7865762    -0.6297534    -0.4746420    -0.3214101    -0.1702523    -0.0213955     0.1248967     0.2683180     0.4085148     0.5450819     0.6775595     0.8054323     0.9281305     1.0450346     1.1554838     1.2587888     1.3542495     1.4411780     1.5189255     1.5869135     1.6446663     1.6918435     1.7282684     1.7539496     1.7690905     1.7740850     1.7694964     1.7560184     1.7344219     1.7054915     1.6699611     1.6284578     1.5814657     1.5293174     1.4722190     1.4103050     1.3437164     1.2726854     1.1976104     1.1191039     1.0380029     0.9553392     0.8722763     0.7900268     0.7097652     0.6325525     0.5592808     0.4906424     0.4271215     0.3690034     0.3163963     0.2692583     0.2274274     0.1906500     0.1586067     0.1309349     0.1072473     0.0871474     0.0702415     0.0561479     0.0445040     0.0349715     0.0272395     0.0210268     0.0160827     0.0121863
    -5.3792684    -5.3578676    -5.3224028    -5.2731810    -5.2106334    -5.1353154    -5.0479013    -4.9491751    -4.8400144    -4.7213693    -4.5942358    -4.4596275    -4.3185465    -4.1719567    -4.0207628    -3.8657932    -3.7077911    -3.5474104    -3.3852169    -3.2216941    -3.0572502    -2.8922279    -2.7269134    -2.5615463    -2.3963280    -2.2314292    -2.0669969    -1.9031602    -1.7400349    -1.5777281    -1.4163420    -1.2559772    -1.0967361    -0.9387267    -0.7820656    -0.6268824    -0.4733235    -0.3215568    -0.1717767    -0.0242094     0.1208818     0.2631914     0.4023660     0.5380008     0.6696363     0.7967567     0.9187921     1.0351222     1.1450852     1.2479903     1.3431358     1.4298314     1.5074258     1.5753375     1.6330872     1.6803309     1.7168875     1.7427608     1.7581494     1.7634418     1.7591959     1.7460995     1.7249179     1.6964299     1.6613635     1.6203404     1.5738393     1.5221879     1.4655874     1.4041680     1.3380666     1.2675119     1.1928989     1.1148371     1.0341610     0.9519002     0.8692166     0.7873212     0.7073877     0.6304766     0.5574800     0.4890906     0.4257932     0.3678742     0.3154430     0.2684592     0.2267624     0.1901007     0.1581563     0.1305684     0.1069514     0.0869105     0.0700533     0.0559996     0.0443881     0.0348817     0.0271705     0.0209744     0.0160431     0.0121567
    -5.2164836    -5.1970966    -5.1649197    -5.1201595    -5.0631128    -4.9941714    -4.9138258    -4.8226646    -4.7213693    -4.6107031    -4.4914945    -4.3646154    -4.2309570    -4.0914049    -3.9468156    -3.7979972    -3.6456940    -3.4905779    -3.3332440    -3.1742108    -3.0139246    -2.8527652    -2.6910542    -2.5290626    -2.3670195    -2.2051188    -2.0435273    -1.8823895    -1.7218340    -1.5619777    -1.4029302    -1.2447975    -1.0876862    -0.9317066    -0.7769773    -0.6236285    -0.4718070    -0.3216806    -0.1734433    -0.0273208     0.1164245     0.2574875     0.3955153     0.5301037     0.6607930     0.7870677     0.9083573     1.0240408     1.1334552     1.2359084     1.3306965     1.4171271     1.4945458     1.5623678     1.6201102     1.6674244     1.7041247     1.7302099     1.7458726     1.7514959     1.7476312     1.7349602     1.7142414     1.6862474     1.6516997     1.6112138     1.5652624     1.5141675     1.4581250     1.3972603     1.3317056     1.2616855     1.1875913     1.1100292     1.0298308     0.9480231     0.8657660     0.7842691     0.7047049     0.6281335     0.5554469     0.4873381     0.4242927     0.3665983     0.3143655     0.2675558     0.2260103     0.1894792     0.1576466     0.1301535     0.1066164     0.0866420     0.0698399     0.0558314     0.0442567     0.0347799     0.0270924     0.0209149     0.0159983     0.0121232
    -5.0473538    -5.0298197    -5.0006801    -4.9600662    -4.9081712    -4.8452582    -4.7716679    -4.6878241    -4.5942358    -4.4914945    -4.3802660    -4.2612770    -4.1352966    -4.0031151    -3.8655223    -3.7232862    -3.5771351    -3.4277440    -3.2757256    -3.1216256    -2.9659228    -2.8090316    -2.6513077    -2.4930539    -2.3345276    -2.1759479    -2.0175021    -1.8593525    -1.7016413    -1.5444965    -1.3880362    -1.2323727    -1.0776172    -0.9238831    -0.7712909    -0.6199720    -0.4700735    -0.3217632    -0.1752347    -0.0307129     0.1115404     0.2512206     0.3879758     0.5214019     0.6510397     0.7763736     0.8968326     1.0117951     1.1205970     1.2225444     1.3169315     1.4030630     1.4802818     1.5479993     1.6057283     1.6531157     1.6899706     1.7162859     1.7322484     1.7382345     1.7347888     1.7225860     1.7023776     1.6749288     1.6409543     1.6010625     1.5557194     1.5052409     1.4498170     1.3895673     1.3246193     1.2551928     1.1816749     1.1046682     1.0250009     0.9436972     0.8619149     0.7808617     0.7017090     0.6255161     0.5531751     0.4853792     0.4226149     0.3651711     0.3131599     0.2665446     0.2251683     0.1887831     0.1570755     0.1296885     0.1062407     0.0863410     0.0696006     0.0556427     0.0441092     0.0346655     0.0270045     0.0208480     0.0159478     0.0120855
    -4.8734212    -4.8575683    -4.8311947    -4.7943771    -4.7472327    -4.6899276    -4.6226858    -4.5457978    -4.4596275    -4.3646154    -4.2612770    -4.1501972    -4.0320180    -3.9074232    -3.7771195    -3.6418168    -3.5022089    -3.3589572    -3.2126779    -3.0639330    -2.9132258    -2.7610004    -2.6076434    -2.4534881    -2.2988205    -2.1438851    -1.9888913    -1.8340199    -1.6794284    -1.5252570    -1.3716331    -1.2186765    -1.0665033    -0.9152307    -0.7649815    -0.6158884    -0.4680992    -0.3217815    -0.1771286    -0.0343646     0.1062492     0.2444093     0.3797645     0.5119111     0.6403904     0.7646866     0.8842286     0.9983939     1.1065172     1.2079030     1.3018433     1.3876401     1.4646328     1.5322290     1.5899370     1.6373985     1.6744172     1.7009796     1.7172660     1.7236455     1.7206556     1.7089632     1.6893119     1.6624591     1.6291117     1.5898706     1.5451946     1.4953924     1.4406476     1.3810739     1.3167929     1.2480196     1.1751363     1.0987413     1.0196594     0.9389116     0.8576531     0.7770896     0.6983913     0.6226167     0.5506575     0.4832077     0.4207545     0.3635880     0.3118222     0.2654221     0.2242333     0.1880100     0.1564409     0.1291717     0.1058230     0.0860061     0.0693343     0.0554327     0.0439449     0.0345382     0.0269066     0.0207734     0.0158915     0.0120434
    -4.6959702    -4.6816280    -4.6577478    -4.6243692    -4.5815559    -4.5294038    -4.4680499    -4.3976818    -4.3185465    -4.2309570    -4.1352966    -4.0320180    -3.9216383    -3.8047293    -3.6819034    -3.5537966    -3.4210511    -3.2842974    -3.1441395    -3.0011423    -2.8558235    -2.7086489    -2.5600312    -2.4103316    -2.2598630    -2.1088951    -1.9576600    -1.8063576    -1.6551621    -1.5042266    -1.3536892    -1.2036774    -1.0543136    -0.9057190    -0.7580191    -0.6113484    -0.4658552    -0.3217074    -0.1790978    -0.0382499     0.1005761     0.2370775     0.3709037     0.5016520     0.6288638     0.7520237     0.8705601     0.9838500     1.0912267     1.1919930     1.2854386     1.3708626     1.4476009     1.5150569     1.5727341     1.6202688     1.6574585     1.6842833     1.7009160     1.7077184     1.7052197     1.6940785     1.6750301     1.6488233     1.6161565     1.5776224     1.5336718     1.4846059     1.4306011     1.3717644     1.3082114     1.2401513     1.1679613     1.0922353     1.0137938     0.9336545     0.8529697     0.7729429     0.6947428     0.6194270     0.5478870     0.4808171     0.4187055     0.3618439     0.3103478     0.2641846     0.2232020     0.1871569     0.1557405     0.1286010     0.1053617     0.0856360     0.0690399     0.0552004     0.0437632     0.0343972     0.0267983     0.0206909     0.0158292     0.0119967
    -4.5160459    -4.5030534    -4.4814070    -4.4511221    -4.4122266    -4.3647684    -4.3088222    -4.2444994    -4.1719567    -4.0914049    -4.0031151    -3.9074232    -3.8047293    -3.6954941    -3.5802299    -3.4594881    -3.3338444    -3.2038824    -3.0701775    -2.9332830    -2.7937184    -2.6519616    -2.5084444    -2.3635507    -2.2176177    -2.0709390    -1.9237687    -1.7763266    -1.6288037    -1.4813672    -1.3341666    -1.1873384    -1.0410113    -0.8953115    -0.7503678    -0.6063164    -0.4633067    -0.3215068    -0.1811090    -0.0423362     0.0945523     0.2292547     0.3614216     0.4906509     0.6164847     0.7384075     0.8558478     0.9681816     1.0747413     1.1748278     1.2677284     1.3527392     1.4291924     1.4964869     1.5541212     1.6017259     1.6390918     1.6661920     1.6831918     1.6904445     1.6884708     1.6779205     1.6595196     1.6340078     1.6020742     1.5643028     1.5211356     1.4728657     1.4196616     1.3616232     1.2988594     1.2315729     1.1601358     1.0851365     1.0073913     0.9279140     0.8478536     0.7684114     0.6907541     0.6159385     0.5448558     0.4782006     0.4164622     0.3599335     0.3087323     0.2628281     0.2220712     0.1862211     0.1549719     0.1279745     0.1048549     0.0852295     0.0687163     0.0549450     0.0435633     0.0342421     0.0266789     0.0205999     0.0157605     0.0119453
    -4.3344820    -4.3226923    -4.3030414    -4.2755296    -4.2401627    -4.1969565    -4.1459441    -4.0871828    -4.0207628    -3.9468156    -3.8655223    -3.7771195    -3.6819034    -3.5802299    -3.4725115    -3.3592094    -3.2408223    -3.1178730    -2.9908936    -2.8604104    -2.7269313    -2.5909346    -2.4528621    -2.3131137    -2.1720464    -2.0299747    -1.8871737    -1.7438824    -1.6003087    -1.4566347    -1.3130217    -1.1696158    -1.0265533    -0.8839655    -0.7419850    -0.6007504    -0.4604121    -0.3211387    -0.1831221    -0.0465846     0.0882155     0.2209776     0.3513532     0.4789412     0.6032842     0.7238672     0.8401183     0.9514132     1.0570830     1.1564267     1.2487293     1.3332838     1.4094184     1.4765275     1.5341042     1.5817729     1.6193178     1.6467042     1.6640894     1.6718179     1.6704013     1.6604797     1.6427694     1.6180001     1.5868515     1.5498975     1.5075711     1.4601565     1.4078138     1.3506349     1.2887215     1.2222697     1.1516452     1.0774311     1.0004387     0.9216776     0.8422934     0.7634844     0.6864156     0.6121426     0.5415562     0.4753512     0.4140181     0.3578514     0.3069709     0.2613484     0.2208371     0.1851994     0.1541324     0.1272899     0.1043011     0.0847849     0.0683623     0.0546655     0.0433444     0.0340722     0.0265482     0.0205002     0.0156851     0.0118889
    -4.1519320    -4.1412149    -4.1233466    -4.0983192    -4.0661253    -4.0267614    -3.9802337    -3.9265632    -3.8657932    -3.7979972    -3.7232862    -3.6418168    -3.5537966    -3.4594881    -3.3592094    -3.2533310    -3.1422693    -3.0264766    -2.9064286    -2.7826110    -2.6555060    -2.5255798    -2.3932731    -2.2589936    -2.1231117    -1.9859587    -1.8478277    -1.7089755    -1.5696268    -1.4299783    -1.2902037    -1.1504593    -1.0108892    -0.8716310    -0.7328211    -0.5946009    -0.4571225    -0.3205547    -0.1850896    -0.0509484     0.0816113     0.2122903     0.3407410     0.4665635     0.5893010     0.7084391     0.8234059     0.9335764     1.0382805     1.1368158     1.2284645     1.3125165     1.3882961     1.4551927     1.5126941     1.5604181     1.5981418     1.6258225     1.6436088     1.6518362     1.6510063     1.6417492     1.6247707     1.6007901     1.5704765     1.5343937     1.4929647     1.4464640     1.3950428     1.3387845     1.2777829     1.2122269     1.1424753     1.0691054     0.9929230     0.9149331     0.8362774     0.7581513     0.6817175     0.6080302     0.5379798     0.4722616     0.4113669     0.3555918     0.3050585     0.2597413     0.2194963     0.1840889     0.1532195     0.1265452     0.1036982     0.0843007     0.0679767     0.0543608     0.0431058     0.0338869     0.0264055     0.0203913     0.0156028     0.0118273
    -3.9689008    -3.9591431    -3.9428714    -3.9200739    -3.8907362    -3.8548445    -3.8123886    -3.7633668    -3.7077911    -3.6456940    -3.5771351    -3.5022089    -3.4210511    -3.3338444    -3.2408223    -3.1422693    -3.0385190    -2.9299479    -2.8169663    -2.7000074    -2.5795147    -2.4559296    -2.3296800    -2.2011714    -2.0707797    -1.9388470    -1.8056804    -1.6715521    -1.5367020    -1.4013409    -1.2656549    -1.1298108    -0.9939612    -0.8582499    -0.7228181    -0.5878104    -0.4533806    -0.3196982    -0.1869552    -0.0553724     0.0747939     0.2032455     0.3296362     0.4535671     0.5745825     0.6921683     0.8057528     0.9147107     1.0183707     1.1160287     1.2069645     1.2904646     1.3658494     1.4325033     1.4899082     1.5376755     1.5755744     1.6035543     1.6217546     1.6305010     1.6302848     1.6217255     1.6055179     1.5823701     1.5529401     1.5177807     1.4773043     1.4317753     1.3813351     1.3260582     1.2660296     1.2014304     1.1326123     1.0601459     0.9848311     0.9076681     0.8297941     0.7524012     0.6766497     0.6035923     0.5341188     0.4689245     0.4085020     0.3531492     0.3029902     0.2580024     0.2180448     0.1828862     0.1522304     0.1257380     0.1030445     0.0837756     0.0675582     0.0540301     0.0428466     0.0336854     0.0262504     0.0202729     0.0155133     0.0117602
    -3.7857744    -3.7768788    -3.7620435    -3.7412552    -3.7144971    -3.6817499    -3.6429952    -3.5982179    -3.5474104    -3.4905779    -3.4277440    -3.3589572    -3.2842974    -3.2038824    -3.1178730    -3.0264766    -2.9299479    -2.8285869    -2.7227339    -2.6127610    -2.4990622    -2.3820420    -2.2621040    -2.1396403    -2.0150230    -1.8885979    -1.7606806    -1.6315547    -1.5014729    -1.3706587    -1.2393103    -1.1076046    -0.9757029    -0.8437558    -0.7119097    -0.5803125    -0.4491202    -0.3185033    -0.1886539    -0.0597922     0.0678265     0.1939053     0.3180992     0.4400107     0.5591850     0.6751088     0.7872106     0.8948647     0.9973991     1.0941077     1.1842681     1.2671634     1.3421099     1.4084871     1.4657708     1.5135654     1.5516326     1.5799130     1.5985366     1.6078188     1.6082404     1.6004094     1.5850090     1.5627357     1.5342356     1.5000501     1.4605802     1.4160794     1.3666788     1.3124431     1.2534483     1.1898669     1.1220428     1.0505395     0.9761506     0.8998706     0.8228322     0.7462237     0.6712026     0.5988200     0.5299648     0.4653326     0.4054170     0.3505176     0.3007610     0.2561274     0.2164790     0.1815882     0.1511625     0.1248660     0.1023381     0.0832077     0.0671055     0.0536721     0.0425659     0.0334673     0.0260823     0.0201446     0.0154161     0.0116874
    -3.6028455    -3.5947296    -3.5811941    -3.5622262    -3.5378085    -3.5079205    -3.4725400    -3.4316450    -3.3852169    -3.3332440    -3.2757256    -3.2126779    -3.1441395    -3.0701775    -2.9908936    -2.9064286    -2.8169663    -2.7227339    -2.6240008    -2.5210736    -2.4142891    -2.3040049    -2.1905890    -2.0744094    -1.9558245    -1.8351749    -1.7127779    -1.5889235    -1.4638735    -1.3378619    -1.2110973    -1.0837666    -0.9560394    -0.8280733    -0.7000200    -0.5720313    -0.4442655    -0.3168944    -0.1901104    -0.0641332     0.0607828     0.1843420     0.3062009     0.4259633     0.5431755     0.6573251     0.7678410     0.8740972     0.9754210     1.0711047     1.1604234     1.2426572     1.3171180     1.3831803     1.4403138     1.4881159     1.5263403     1.5549186     1.5739708     1.5838021     1.5848817     1.5778061     1.5632463     1.5418864     1.5143601     1.4811966     1.4427851     1.3993673     1.3510637     1.2979282     1.2400273     1.1775243     1.1107546     1.0402741     0.9668695     0.8915292     0.8153807     0.7396084     0.6653666     0.5937044     0.5255098     0.4614787     0.4021054     0.3476914     0.2983658     0.2541118     0.2147951     0.1801917     0.1500129     0.1239269     0.1015769     0.0825957     0.0666173     0.0532859     0.0422630     0.0332317     0.0259007     0.0200059     0.0153111     0.0116086
    -3.4203355    -3.4129298    -3.4005788    -3.3832707    -3.3609891    -3.3337142    -3.3014230    -3.2640910    -3.2216941    -3.1742108    -3.1216256    -3.0639330    -3.0011423    -2.9332830    -2.8604104    -2.7826110    -2.7000074    -2.6127610    -2.5210736    -2.4251858    -2.3253729    -2.2219383    -2.1152056    -2.0055083    -1.8931809    -1.7785497    -1.6619256    -1.5435985    -1.4238347    -1.3028751    -1.1809367    -1.0582148    -0.9348869    -0.8111174    -0.6870634    -0.5628806    -0.4387301    -0.3147853    -0.1912388    -0.0683101     0.0537473     0.1746391     0.2940232     0.4115049     0.5266319     0.6388926     0.7477165     0.8524776     0.9525024     1.0470819     1.1354888     1.2170002     1.2909236     1.3566284     1.4135784     1.4613635     1.4997293     1.5285982     1.5480802     1.5584695     1.5602235     1.5539266     1.5402371     1.5198261     1.4933145     1.4612186     1.4239149     1.3816333     1.3344821     1.2825047     1.2257568     1.1643920     1.0987368     1.0293386     0.9569767     0.8826329     0.8074293     0.7325454     0.6591324     0.5882370     0.5207462     0.4573557     0.3985608     0.3446650     0.2957997     0.2519514     0.2129893     0.1786934     0.1487790     0.1229185     0.1007592     0.0819378     0.0660923     0.0528705     0.0419369     0.0329781     0.0257051     0.0198563     0.0151979     0.0115236
    -3.2384136    -3.2316595    -3.2203956    -3.2046113    -3.1842920    -3.1594194    -3.1299715    -3.0959238    -3.0572502    -3.0139246    -2.9659228    -2.9132258    -2.8558235    -2.7937184    -2.7269313    -2.6555060    -2.5795147    -2.4990622    -2.4142891    -2.3253729    -2.2325268    -2.1359966    -2.0360543    -1.9329909    -1.8271074    -1.7187064    -1.6080838    -1.4955222    -1.3812859    -1.2656187    -1.1487426    -1.0308592    -0.9121526    -0.7927934    -0.6729439    -0.5527638    -0.4324170    -0.3120785    -0.1919418    -0.0722260     0.0468162     0.1648916     0.2816598     0.3967275     0.5096439     0.6198985     0.7269214     0.8300869     0.9287208     1.0221129     1.1095338     1.1902572     1.2635869     1.3288870     1.3856149     1.4333536     1.4718402     1.5009876     1.5208956     1.5318469     1.5342871     1.5287878     1.5159942     1.4965640     1.4711045     1.4401186     1.4039695     1.3628744     1.3169294     1.2661660     1.2106289     1.1504612     1.0859798     1.0177231     0.9464623     0.8731721     0.7989683     0.7250256     0.6524914     0.5824098     0.5156664     0.4529569     0.3947773     0.3414329     0.2930580     0.2496420     0.2110581     0.1770903     0.1474582     0.1218385     0.0998830     0.0812326     0.0655293     0.0524247     0.0415869     0.0327056     0.0254949     0.0196956     0.0150761     0.0114322
    -3.0572102    -3.0510584    -3.0407994    -3.0264240    -3.0079193    -2.9852690    -2.9584529    -2.9274478    -2.8922279    -2.8527652    -2.8090316    -2.7610004    -2.7086489    -2.6519616    -2.5909346    -2.5255798    -2.4559296    -2.3820420    -2.3040049    -2.2219383    -2.1359966    -2.0463670    -1.9532668    -1.8569381    -1.7576408    -1.6556450    -1.5512231    -1.4446420    -1.3361578    -1.2260108    -1.1144241    -1.0016026    -0.8877351    -0.7729970    -0.6575551    -0.5415731    -0.4252175    -0.3086651    -0.1921102    -0.0757719     0.0400978     0.1552071     0.2692170     0.3817357     0.4923140     0.6004427     0.7055527     0.8070187     0.9041660     0.9962834     1.0826394     1.1625048     1.2351793     1.3000221     1.3564844     1.4041418     1.4427229     1.4721312     1.4924559     1.5039682     1.5071013     1.5024136     1.4905369     1.4721149     1.4477408     1.4179036     1.3829527     1.3430918     1.2984040     1.2489086     1.1946383     1.1357254     1.0724761     1.0054194     0.9353177     0.8631378     0.7899891     0.7170406     0.6454356     0.5762152     0.5102635     0.4482758     0.3907490     0.3379901     0.2901360     0.2471796     0.2089980     0.1753793     0.1460478     0.1206848     0.0989465     0.0804785     0.0649270     0.0519475     0.0412122     0.0324138     0.0252696     0.0195232     0.0149454     0.0113341
    -2.8768291    -2.8712380    -2.8619142    -2.8488501    -2.8320343    -2.8114524    -2.7870864    -2.7589150    -2.7269134    -2.6910542    -2.6513077    -2.6076434    -2.5600312    -2.5084444    -2.4528621    -2.3932731    -2.3296800    -2.2621040    -2.1905890    -2.1152056    -2.0360543    -1.9532668    -1.8670051    -1.7774592    -1.6848425    -1.5893852    -1.4913281    -1.3909147    -1.2883847    -1.1839693    -1.0778870    -0.9703421    -0.8615251    -0.7516145    -0.6407804    -0.5291896    -0.4170113    -0.3044239    -0.1916225    -0.0788263     0.0337135     0.1457060     0.2568139     0.3666470     0.4747577     0.5806382     0.6837205     0.7833796     0.8789408     0.9696918     1.0548995     1.1338317     1.2057844     1.2701118     1.3262590     1.3737942     1.4124377     1.4420834     1.4628096     1.4748758     1.4787028     1.4748353     1.4638913     1.4465000     1.4232403     1.3945863     1.3608732     1.3222907     1.2789083     1.2307322     1.1777828     1.1201804     1.0582203     0.9924211     0.9235358     0.8525228     0.7804842     0.7085830     0.6379578     0.5696465     0.5045312     0.4433067     0.3864706     0.3343316     0.2870294     0.2445604     0.2068055     0.1735576     0.1445454     0.1194552     0.0979481     0.0796741     0.0642842     0.0514381     0.0408118     0.0321019     0.0250287     0.0193389     0.0148056     0.0112290
    -2.6973560    -2.6922900    -2.6838422    -2.6720058    -2.6567712    -2.6381257    -2.6160533    -2.5905344    -2.5615463    -2.5290626    -2.4930539    -2.4534881    -2.4103316    -2.3635507    -2.3131137    -2.2589936    -2.2011714    -2.1396403    -2.0744094    -2.0055083    -1.9329909    -1.8569381    -1.7774592    -1.6946920    -1.6088001    -1.5199691    -1.4284012    -1.3343089    -1.2379086    -1.1394148    -1.0390358    -0.9369702    -0.8334065    -0.7285235    -0.6224930    -0.5154836    -0.4076665    -0.2992215    -0.1903444    -0.0812544     0.0277977     0.1365223     0.2445835     0.3515928     0.4571044     0.5606118     0.6615484     0.7592897     0.8531612     0.9424498     1.0264207     1.1043393     1.1754979     1.2392459     1.2950223     1.3423883     1.3810557     1.4109086     1.4320148     1.4446217     1.4491371     1.4460925     1.4360911     1.4197476     1.3976258     1.3701848     1.3377449     1.3004811     1.2584489     1.2116405     1.1600633     1.1038253     1.0432097     0.9787242     0.9111116     0.8413214     0.7704476     0.6996467     0.6300519     0.5626977     0.4984638     0.4380443     0.3819372     0.3304531     0.2837344     0.2417809     0.2044778     0.1716225     0.1429488     0.1181479     0.0968859     0.0788180     0.0635997     0.0508954     0.0403852     0.0317693     0.0247718     0.0191421     0.0146563     0.0111168
    -2.5188651    -2.5142935    -2.5066704    -2.4959899    -2.4822436    -2.4654202    -2.4455054    -2.4224817    -2.3963280    -2.3670195    -2.3345276    -2.2988205    -2.2598630    -2.2176177    -2.1720464    -2.1231117    -2.0707797    -2.0150230    -1.9558245    -1.8931809    -1.8271074    -1.7576408    -1.6848425    -1.6088001    -1.5296274    -1.4474627    -1.3624649    -1.2748094    -1.1846822    -1.0922742    -0.9977768    -0.9013776    -0.8032583    -0.7035946    -0.6025571    -0.5003148    -0.3970397    -0.2929124    -0.1881290    -0.0829089     0.0224981     0.1278033     0.2326722     0.3367183     0.4394972     0.5405043     0.6391741     0.7348831     0.8269572     0.9146827     0.9973234     1.0741425     1.1444287     1.2075270     1.2628705     1.3100134     1.3486592     1.3786824     1.4001398     1.4132671     1.4184591     1.4162331     1.4071781     1.3918934     1.3709275     1.3447239     1.3135876     1.2776784     1.2370369     1.1916411     1.1414846     1.0866620     1.0274442     0.9643269     0.8980423     0.8295298     0.7598748     0.6902268     0.6217130     0.5553639     0.4920566     0.4324840     0.3771447     0.3263509     0.2802475     0.2388380     0.2020121     0.1695717     0.1412559     0.1167610     0.0957586     0.0779090     0.0628726     0.0503186     0.0399315     0.0314155     0.0244983     0.0189326     0.0144973     0.0109972
    -2.3414236    -2.3373198    -2.3304768    -2.3208894    -2.3085501    -2.2934489    -2.2755729    -2.2549061    -2.2314292    -2.2051188    -2.1759479    -2.1438851    -2.1088951    -2.0709390    -2.0299747    -1.9859587    -1.9388470    -1.8885979    -1.8351749    -1.7785497    -1.7187064    -1.6556450    -1.5893852    -1.5199691    -1.4474627    -1.3719566    -1.2935644    -1.2124198    -1.1286725    -1.0424838    -0.9540214    -0.8634558    -0.7709568    -0.6766924    -0.5808290    -0.4835335    -0.3849768    -0.2853394    -0.1848172    -0.0836290     0.0179758     0.1197099     0.2212405     0.3221824     0.4220933     0.5204703     0.6167494     0.7103082     0.8004730     0.8865299     0.9677417     1.0433695     1.1126990     1.1750706     1.2299122     1.2767711     1.3153424     1.3454914     1.3672641     1.3808841     1.3867332     1.3853147     1.3772026     1.3629810     1.3431826     1.3182350     1.2884273     1.2539034     1.2146888     1.1707464     1.1220553     1.0686963     1.0109270     0.9492305     0.8843273     0.8171462     0.7487633     0.6803200     0.6129375     0.5476413     0.4853057     0.4266223     0.3720896     0.3220215     0.2765656     0.2357291     0.1994059     0.1674030     0.1394648     0.1152931     0.0945648     0.0769459     0.0621019     0.0497070     0.0394501     0.0310399     0.0242078     0.0187100     0.0143282     0.0108700
    -2.1650960    -2.1614363    -2.1553338    -2.1467837    -2.1357795    -2.1223119    -2.1063693    -2.0879370    -2.0669969    -2.0435273    -2.0175021    -1.9888913    -1.9576600    -1.9237687    -1.8871737    -1.8478277    -1.8056804    -1.7606806    -1.7127779    -1.6619256    -1.6080838    -1.5512231    -1.4913281    -1.4284012    -1.3624649    -1.2935644    -1.2217676    -1.1471643    -1.0698642    -0.9899932    -0.9076897    -0.8231008    -0.7363787    -0.6476789    -0.5571595    -0.4649819    -0.3713141    -0.2763344    -0.1802378    -0.0832421     0.0144047     0.1124166     0.2104621     0.3081580     0.4050640     0.5006788     0.5944403     0.6857272     0.7738665     0.8581446     0.9378234     1.0121623     1.0804441     1.1420055     1.1962689     1.2427752     1.2812116     1.3114340     1.3334779     1.3475550     1.3540339     1.3534039     1.3462240     1.3330627     1.3144365     1.2907569     1.2622964     1.2291831     1.1914264     1.1489736     1.1017888     1.0499380     0.9936649     0.9334392     0.8699688     0.8041712     0.7371124     0.6699251     0.6037234     0.5395276     0.4782087     0.4204563     0.3667693     0.3174625     0.2726864     0.2324519     0.1966573     0.1651147     0.1375739     0.1137426     0.0933034     0.0759277     0.0612867     0.0490597     0.0389405     0.0306422     0.0239001     0.0184740     0.0141490     0.0107351
    -1.9899462    -1.9867092    -1.9813114    -1.9737487    -1.9640147    -1.9521012    -1.9379973    -1.9216893    -1.9031602    -1.8823895    -1.8593525    -1.8340199    -1.8063576    -1.7763266    -1.7438824    -1.7089755    -1.6715521    -1.6315547    -1.5889235    -1.5435985    -1.4955222    -1.4446420    -1.3909147    -1.3343089    -1.2748094    -1.2124198    -1.1471643    -1.0790891    -1.0082614    -0.9347683    -0.8587139    -0.7802163    -0.6994044    -0.6164160    -0.5313959    -0.4444967    -0.3558799    -0.2657201    -0.1742094    -0.0815635     0.0119711     0.1061101     0.2005239     0.2948313     0.3885938     0.4813123     0.5724262     0.6613160     0.7473097     0.8296938     0.9077299     0.9806761     1.0478129     1.1084732     1.1620747     1.2081520     1.2463849     1.2766202     1.2988829     1.3133730     1.3204462     1.3205775     1.3143109     1.3021992     1.2847425     1.2623357     1.2352348     1.2035510     1.1672774     1.1263453     1.0807030     1.0304011     0.9756683     0.9169605     0.8549720     0.7906082     0.7249238     0.6590424     0.5940702     0.5310218     0.4707640     0.4139846     0.3611819     0.3126722     0.2686083     0.2290048     0.1937647     0.1627054     0.1355821     0.1121086     0.0919733     0.0748536     0.0604264     0.0483763     0.0384022     0.0302218     0.0235747     0.0182244     0.0139592     0.0105922
