    -0.0000384    -0.0001506    -0.0003276    -0.0005562    -0.0008201    -0.0011022    -0.0013860    -0.0016572    -0.0019048    -0.0021208    -0.0023006    -0.0024424    -0.0025468    -0.0026161    -0.0026536    -0.0026632    -0.0026493    -0.0026158    -0.0025668    -0.0025056    -0.0024353    -0.0023586    -0.0022776    -0.0021942    -0.0021098    -0.0020255    -0.0019422    -0.0018606    -0.0017812    -0.0017043    -0.0016301    -0.0015588    -0.0014905    -0.0014251    -0.0013625    -0.0013028    -0.0012457    -0.0011913    -0.0011393    -0.0010896    -0.0010421    -0.0009967    -0.0009532    -0.0009114    -0.0008712    -0.0008326    -0.0007953    -0.0007593    -0.0007245    -0.0006907    -0.0006578    -0.0006257    -0.0005945    -0.0005639    -0.0005339    -0.0005045    -0.0004755    -0.0004471    -0.0004191    -0.0003914    -0.0003643    -0.0003375    -0.0003112    -0.0002854    -0.0002602    -0.0002355    -0.0002116    -0.0001885    -0.0001663    -0.0001450    -0.0001249    -0.0001060    -0.0000885    -0.0000724    -0.0000577    -0.0000446    -0.0000331    -0.0000231    -0.0000146    -0.0000076    -0.0000019     0.0000025     0.0000059     0.0000083     0.0000098     0.0000108     0.0000112     0.0000112     0.0000110     0.0000105     0.0000099     0.0000093     0.0000086     0.0000079     0.0000072     0.0000065     0.0000059     0.0000053     0.0000047     0.0000042
    -0.0001506    -0.0005904    -0.0012853    -0.0021837    -0.0032225    -0.0043348    -0.0054566    -0.0065318    -0.0075159    -0.0083774    -0.0090973    -0.0096680    -0.0100911    -0.0103749    -0.0105323    -0.0105788    -0.0105307    -0.0104043    -0.0102149    -0.0099765    -0.0097011    -0.0093993    -0.0090799    -0.0087501    -0.0084158    -0.0080815    -0.0077510    -0.0074269    -0.0071111    -0.0068052    -0.0065100    -0.0062261    -0.0059538    -0.0056930    -0.0054436    -0.0052054    -0.0049778    -0.0047606    -0.0045531    -0.0043548    -0.0041653    -0.0039838    -0.0038099    -0.0036431    -0.0034827    -0.0033284    -0.0031795    -0.0030357    -0.0028964    -0.0027612    -0.0026298    -0.0025018    -0.0023768    -0.0022545    -0.0021346    -0.0020170    -0.0019014    -0.0017876    -0.0016756    -0.0015652    -0.0014565    -0.0013495    -0.0012444    -0.0011412    -0.0010403    -0.0009418    -0.0008461    -0.0007537    -0.0006648    -0.0005799    -0.0004995    -0.0004240    -0.0003539    -0.0002893    -0.0002308    -0.0001784    -0.0001322    -0.0000922    -0.0000583    -0.0000302    -0.0000076     0.0000102     0.0000235     0.0000330     0.0000394     0.0000431     0.0000448     0.0000449     0.0000439     0.0000421     0.0000397     0.0000371     0.0000344     0.0000316     0.0000288     0.0000262     0.0000236     0.0000212     0.0000190     0.0000169
    -0.0003276    -0.0012853    -0.0028007    -0.0047637    -0.0070395    -0.0094844    -0.0119592    -0.0143414    -0.0165322    -0.0184604    -0.0200820    -0.0213780    -0.0223492    -0.0230121    -0.0233936    -0.0235265    -0.0234466    -0.0231894    -0.0227888    -0.0222756    -0.0216771    -0.0210170    -0.0203150    -0.0195877    -0.0188482    -0.0181074    -0.0173733    -0.0166524    -0.0159492    -0.0152671    -0.0146084    -0.0139743    -0.0133655    -0.0127823    -0.0122242    -0.0116908    -0.0111811    -0.0106943    -0.0102292    -0.0097846    -0.0093594    -0.0089524    -0.0085622    -0.0081878    -0.0078278    -0.0074813    -0.0071470    -0.0068239    -0.0065110    -0.0062074    -0.0059122    -0.0056245    -0.0053436    -0.0050688    -0.0047995    -0.0045351    -0.0042752    -0.0040194    -0.0037676    -0.0035195    -0.0032751    -0.0030346    -0.0027982    -0.0025663    -0.0023393    -0.0021179    -0.0019027    -0.0016948    -0.0014949    -0.0013040    -0.0011233    -0.0009535    -0.0007957    -0.0006506    -0.0005189    -0.0004010    -0.0002972    -0.0002073    -0.0001311    -0.0000679    -0.0000169     0.0000230     0.0000530     0.0000744     0.0000887     0.0000970     0.0001008     0.0001010     0.0000987     0.0000946     0.0000894     0.0000836     0.0000774     0.0000711     0.0000649     0.0000589     0.0000532     0.0000478     0.0000427     0.0000379
    -0.0005562    -0.0021837    -0.0047637    -0.0081147    -0.0120140    -0.0162208    -0.0205008    -0.0246440    -0.0284791    -0.0318794    -0.0347638    -0.0370933    -0.0388640    -0.0400996    -0.0408424    -0.0411469    -0.0410731    -0.0406818    -0.0400317    -0.0391765    -0.0381645    -0.0370373    -0.0358306    -0.0345737    -0.0332909    -0.0320014    -0.0307204    -0.0294596    -0.0282275    -0.0270304    -0.0258727    -0.0247571    -0.0236849    -0.0226567    -0.0216722    -0.0207304    -0.0198301    -0.0189696    -0.0181471    -0.0173607    -0.0166081    -0.0158874    -0.0151965    -0.0145331    -0.0138953    -0.0132810    -0.0126884    -0.0121155    -0.0115607    -0.0110222    -0.0104984    -0.0099880    -0.0094896    -0.0090018    -0.0085238    -0.0080545    -0.0075931    -0.0071390    -0.0066918    -0.0062513    -0.0058174    -0.0053903    -0.0049705    -0.0045585    -0.0041553    -0.0037620    -0.0033799    -0.0030105    -0.0026554    -0.0023164    -0.0019953    -0.0016937    -0.0014133    -0.0011555    -0.0009216    -0.0007121    -0.0005277    -0.0003680    -0.0002326    -0.0001203    -0.0000297     0.0000411     0.0000944     0.0001325     0.0001578     0.0001726     0.0001793     0.0001797     0.0001756     0.0001683     0.0001591     0.0001486     0.0001376     0.0001264     0.0001154     0.0001048     0.0000946     0.0000849     0.0000759     0.0000674
    -0.0008201    -0.0032225    -0.0070395    -0.0120140    -0.0178271    -0.0241321    -0.0305861    -0.0368778    -0.0427477    -0.0479989    -0.0525001    -0.0561818    -0.0590276    -0.0610635    -0.0623461    -0.0629520    -0.0629681    -0.0624849    -0.0615902    -0.0603664    -0.0588873    -0.0572180    -0.0554142    -0.0535226    -0.0515814    -0.0496218    -0.0476682    -0.0457397    -0.0438507    -0.0420115    -0.0402296    -0.0385097    -0.0368547    -0.0352657    -0.0337425    -0.0322842    -0.0308890    -0.0295546    -0.0282782    -0.0270571    -0.0258881    -0.0247680    -0.0236937    -0.0226619    -0.0216695    -0.0207134    -0.0197908    -0.0188987    -0.0180345    -0.0171955    -0.0163794    -0.0155839    -0.0148069    -0.0140465    -0.0133011    -0.0125692    -0.0118496    -0.0111414    -0.0104438    -0.0097566    -0.0090796    -0.0084132    -0.0077580    -0.0071152    -0.0064859    -0.0058721    -0.0052757    -0.0046991    -0.0041448    -0.0036157    -0.0031143    -0.0026435    -0.0022058    -0.0018034    -0.0014381    -0.0011112    -0.0008232    -0.0005739    -0.0003625    -0.0001873    -0.0000458     0.0000648     0.0001479     0.0002073     0.0002468     0.0002700     0.0002803     0.0002809     0.0002745     0.0002631     0.0002486     0.0002323     0.0002151     0.0001976     0.0001804     0.0001638     0.0001478     0.0001327     0.0001186     0.0001054
    -0.0011022    -0.0043348    -0.0094844    -0.0162208    -0.0241321    -0.0327645    -0.0416633    -0.0504083    -0.0586416    -0.0660832    -0.0725384    -0.0778944    -0.0821114    -0.0852096    -0.0872542    -0.0883409    -0.0885836    -0.0881034    -0.0870209    -0.0854503    -0.0834961    -0.0812510    -0.0787952    -0.0761965    -0.0735115    -0.0707861    -0.0680570    -0.0653529    -0.0626959    -0.0601024    -0.0575839    -0.0551484    -0.0528008    -0.0505435    -0.0483770    -0.0463004    -0.0443116    -0.0424078    -0.0405855    -0.0388407    -0.0371693    -0.0355670    -0.0340293    -0.0325518    -0.0311302    -0.0297601    -0.0284374    -0.0271581    -0.0259184    -0.0247146    -0.0235433    -0.0224013    -0.0212857    -0.0201938    -0.0191232    -0.0180718    -0.0170379    -0.0160201    -0.0150176    -0.0140299    -0.0130568    -0.0120988    -0.0111569    -0.0102325    -0.0093278    -0.0084451    -0.0075874    -0.0067582    -0.0059610    -0.0051999    -0.0044788    -0.0038016    -0.0031720    -0.0025932    -0.0020677    -0.0015974    -0.0011831    -0.0008246    -0.0005205    -0.0002684    -0.0000649     0.0000941     0.0002137     0.0002992     0.0003559     0.0003892     0.0004040     0.0004048     0.0003955     0.0003791     0.0003582     0.0003346     0.0003098     0.0002847     0.0002599     0.0002359     0.0002129     0.0001912     0.0001708     0.0001518
    -0.0013860    -0.0054566    -0.0119592    -0.0205008    -0.0305861    -0.0416633    -0.0531707    -0.0645799    -0.0754290    -0.0853467    -0.0940622    -0.1014063    -0.1073024    -0.1117531    -0.1148225    -0.1166193    -0.1172799    -0.1169549    -0.1157980    -0.1139577    -0.1115720    -0.1087651    -0.1056458    -0.1023073    -0.0988279    -0.0952719    -0.0916915    -0.0881278    -0.0846128    -0.0811707    -0.0778192    -0.0745704    -0.0714324    -0.0684097    -0.0655042    -0.0627153    -0.0600412    -0.0574786    -0.0550233    -0.0526705    -0.0504149    -0.0482511    -0.0461732    -0.0441756    -0.0422525    -0.0403983    -0.0386076    -0.0368749    -0.0351952    -0.0335637    -0.0319758    -0.0304272    -0.0289139    -0.0274325    -0.0259797    -0.0245527    -0.0231492    -0.0217675    -0.0204062    -0.0190647    -0.0177430    -0.0164417    -0.0151621    -0.0139063    -0.0126769    -0.0114774    -0.0103119    -0.0091849    -0.0081015    -0.0070670    -0.0060868    -0.0051663    -0.0043105    -0.0035236    -0.0028093    -0.0021700    -0.0016067    -0.0011193    -0.0007059    -0.0003632    -0.0000867     0.0001295     0.0002921     0.0004082     0.0004852     0.0005303     0.0005504     0.0005514     0.0005387     0.0005163     0.0004878     0.0004557     0.0004219     0.0003877     0.0003539     0.0003212     0.0002899     0.0002603     0.0002325     0.0002066
    -0.0016572    -0.0065318    -0.0143414    -0.0246440    -0.0368778    -0.0504083    -0.0645799    -0.0787627    -0.0923936    -0.1050047    -0.1162407    -0.1258627    -0.1337434    -0.1398534    -0.1442429    -0.1470229    -0.1483448    -0.1483839    -0.1473246    -0.1453496    -0.1426320    -0.1393300    -0.1355844    -0.1315174    -0.1272328    -0.1228172    -0.1183411    -0.1138615    -0.1094229    -0.1050595    -0.1007968    -0.0966532    -0.0926412    -0.0887685    -0.0850388    -0.0814532    -0.0780101    -0.0747064    -0.0715374    -0.0684977    -0.0655810    -0.0627806    -0.0600896    -0.0575008    -0.0550070    -0.0526014    -0.0502768    -0.0480267    -0.0458445    -0.0437241    -0.0416596    -0.0396457    -0.0376772    -0.0357495    -0.0338586    -0.0320010    -0.0301735    -0.0283741    -0.0266009    -0.0248534    -0.0231313    -0.0214356    -0.0197679    -0.0181311    -0.0165286    -0.0149649    -0.0134454    -0.0119760    -0.0105633    -0.0092143    -0.0079361    -0.0067357    -0.0056195    -0.0045933    -0.0036616    -0.0028278    -0.0020932    -0.0014574    -0.0009182    -0.0004713    -0.0001106     0.0001713     0.0003832     0.0005346     0.0006349     0.0006937     0.0007197     0.0007209     0.0007041     0.0006749     0.0006376     0.0005956     0.0005514     0.0005066     0.0004624     0.0004197     0.0003788     0.0003401     0.0003038     0.0002700
    -0.0019048    -0.0075159    -0.0165322    -0.0284791    -0.0427477    -0.0586416    -0.0754290    -0.0923936    -0.1088782    -0.1243206    -0.1382752    -0.1504240    -0.1605750    -0.1686514    -0.1746747    -0.1787442    -0.1810152    -0.1816792    -0.1809459    -0.1790291    -0.1761365    -0.1724613    -0.1681786    -0.1634426    -0.1583860    -0.1531211    -0.1477406    -0.1423201    -0.1369197    -0.1315865    -0.1263562    -0.1212550    -0.1163016    -0.1115082    -0.1068819    -0.1024257    -0.0981396    -0.0940208    -0.0900648    -0.0862657    -0.0826166    -0.0791096    -0.0757367    -0.0724895    -0.0693594    -0.0663380    -0.0634167    -0.0605876    -0.0578426    -0.0551741    -0.0525751    -0.0500387    -0.0475588    -0.0451296    -0.0427460    -0.0404038    -0.0380991    -0.0358292    -0.0335921    -0.0313869    -0.0292134    -0.0270730    -0.0249677    -0.0229010    -0.0208775    -0.0189027    -0.0169836    -0.0151276    -0.0133431    -0.0116389    -0.0100241    -0.0085074    -0.0070971    -0.0058005    -0.0046233    -0.0035696    -0.0026414    -0.0018381    -0.0011567    -0.0005921    -0.0001364     0.0002198     0.0004875     0.0006786     0.0008052     0.0008793     0.0009120     0.0009134     0.0008920     0.0008548     0.0008075     0.0007543     0.0006982     0.0006415     0.0005856     0.0005314     0.0004796     0.0004306     0.0003846     0.0003418
    -0.0021208    -0.0083774    -0.0184604    -0.0318794    -0.0479989    -0.0660832    -0.0853467    -0.1050047    -0.1243206    -0.1426443    -0.1594411    -0.1743075    -0.1869756    -0.1973070    -0.2052783    -0.2109614    -0.2145012    -0.2160934    -0.2159643    -0.2143530    -0.2114982    -0.2076273    -0.2029502    -0.1976550    -0.1919064    -0.1858452    -0.1795900    -0.1732382    -0.1668690    -0.1605447    -0.1543141    -0.1482136    -0.1422699    -0.1365015    -0.1309201    -0.1255322    -0.1203397    -0.1153413    -0.1105333    -0.1059097    -0.1014632    -0.0971854    -0.0930671    -0.0890988    -0.0852706    -0.0815726    -0.0779950    -0.0745281    -0.0711625    -0.0678892    -0.0646996    -0.0615856    -0.0585398    -0.0555553    -0.0526260    -0.0497465    -0.0469126    -0.0441207    -0.0413686    -0.0386551    -0.0359803    -0.0333456    -0.0307538    -0.0282091    -0.0257173    -0.0232853    -0.0209215    -0.0186352    -0.0164369    -0.0143374    -0.0123477    -0.0104789    -0.0087412    -0.0071434    -0.0056927    -0.0043942    -0.0032503    -0.0022603    -0.0014207    -0.0007249    -0.0001634     0.0002755     0.0006052     0.0008405     0.0009963     0.0010874     0.0011275     0.0011289     0.0011023     0.0010562     0.0009977     0.0009318     0.0008625     0.0007924     0.0007233     0.0006564     0.0005924     0.0005318     0.0004750     0.0004221
    -0.0023006    -0.0090973    -0.0200820    -0.0347638    -0.0525001    -0.0725384    -0.0940622    -0.1162407    -0.1382752    -0.1594411    -0.1791202    -0.1968228    -0.2121985    -0.2250352    -0.2352493    -0.2428689    -0.2480122    -0.2508651    -0.2516579    -0.2506461    -0.2480930    -0.2442567    -0.2393807    -0.2336874    -0.2273749    -0.2206156    -0.2135565    -0.2063204    -0.1990084    -0.1917018    -0.1844647    -0.1773465    -0.1703843    -0.1636047    -0.1570258    -0.1506586    -0.1445087    -0.1385772    -0.1328615    -0.1273565    -0.1220551    -0.1169485    -0.1120270    -0.1072799    -0.1026964    -0.0982651    -0.0939750    -0.0898149    -0.0857738    -0.0818415    -0.0780077    -0.0742632    -0.0705990    -0.0670072    -0.0634806    -0.0600130    -0.0565991    -0.0532350    -0.0499180    -0.0466468    -0.0434215    -0.0402440    -0.0371177    -0.0340479    -0.0310413    -0.0281065    -0.0252537    -0.0224942    -0.0198405    -0.0173059    -0.0149039    -0.0126475    -0.0105492    -0.0086198    -0.0068681    -0.0053001    -0.0039187    -0.0027232    -0.0017093    -0.0008690    -0.0001911     0.0003387     0.0007367     0.0010206     0.0012085     0.0013182     0.0013663     0.0013677     0.0013351     0.0012792     0.0012081     0.0011283     0.0010443     0.0009594     0.0008756     0.0007946     0.0007171     0.0006438     0.0005750     0.0005109
    -0.0024424    -0.0096680    -0.0213780    -0.0370933    -0.0561818    -0.0778944    -0.1014063    -0.1258627    -0.1504240    -0.1743075    -0.1968228    -0.2173993    -0.2356019    -0.2511372    -0.2638491    -0.2737066    -0.2807846    -0.2852423    -0.2873000    -0.2872172    -0.2852728    -0.2817490    -0.2769191    -0.2710383    -0.2643385    -0.2570249    -0.2492755    -0.2412415    -0.2330487    -0.2248005    -0.2165795    -0.2084509    -0.2004646    -0.1926575    -0.1850561    -0.1776779    -0.1705332    -0.1636267    -0.1569583    -0.1505244    -0.1443188    -0.1383328    -0.1325565    -0.1269787    -0.1215877    -0.1163710    -0.1113162    -0.1064109    -0.1016429    -0.0970002    -0.0924713    -0.0880456    -0.0837128    -0.0794638    -0.0752902    -0.0711849    -0.0671420    -0.0631569    -0.0592264    -0.0553492    -0.0515256    -0.0477579    -0.0440502    -0.0404088    -0.0368418    -0.0333596    -0.0299741    -0.0266990    -0.0235493    -0.0205405    -0.0176888    -0.0150100    -0.0125186    -0.0102277    -0.0081476    -0.0062856    -0.0046452    -0.0032255    -0.0020216    -0.0010239    -0.0002189     0.0004100     0.0008824     0.0012192     0.0014420     0.0015719     0.0016286     0.0016298     0.0015907     0.0015238     0.0014390     0.0013438     0.0012437     0.0011424     0.0010426     0.0009461     0.0008538     0.0007664     0.0006845     0.0006081
    -0.0025468    -0.0100911    -0.0223492    -0.0388640    -0.0590276    -0.0821114    -0.1073024    -0.1337434    -0.1605750    -0.1869756    -0.2121985    -0.2356019    -0.2566702    -0.2750262    -0.2904332    -0.3027882    -0.3121074    -0.3185070    -0.3221809    -0.3233780    -0.3223806    -0.3194860    -0.3149908    -0.3091791    -0.3023148    -0.2946362    -0.2863534    -0.2776480    -0.2686738    -0.2595588    -0.2504074    -0.2413031    -0.2323116    -0.2234826    -0.2148531    -0.2064490    -0.1982872    -0.1903772    -0.1827227    -0.1753228    -0.1681726    -0.1612647    -0.1545893    -0.1481352    -0.1418900    -0.1358407    -0.1299736    -0.1242754    -0.1187323    -0.1133312    -0.1080592    -0.1029043    -0.0978551    -0.0929011    -0.0880329    -0.0832425    -0.0785232    -0.0738697    -0.0692787    -0.0647487    -0.0602802    -0.0558759    -0.0515409    -0.0472825    -0.0431106    -0.0390371    -0.0350762    -0.0312440    -0.0275579    -0.0240366    -0.0206987    -0.0175629    -0.0146464    -0.0119644    -0.0095291    -0.0073490    -0.0054284    -0.0037662    -0.0023566    -0.0011886    -0.0002463     0.0004899     0.0010426     0.0014366     0.0016970     0.0018486     0.0019144     0.0019153     0.0018689     0.0017901     0.0016903     0.0015783     0.0014606     0.0013416     0.0012243     0.0011108     0.0010024     0.0008998     0.0008036     0.0007139
    -0.0026161    -0.0103749    -0.0230121    -0.0400996    -0.0610635    -0.0852096    -0.1117531    -0.1398534    -0.1686514    -0.1973070    -0.2250352    -0.2511372    -0.2750262    -0.2962444    -0.3144715    -0.3295242    -0.3413473    -0.3499985    -0.3556291    -0.3584613    -0.3587668    -0.3568456    -0.3530085    -0.3475622    -0.3407987    -0.3329873    -0.3243703    -0.3151608    -0.3055426    -0.2956710    -0.2856747    -0.2756589    -0.2657073    -0.2558856    -0.2462434    -0.2368171    -0.2276322    -0.2187048    -0.2100438    -0.2016518    -0.1935268    -0.1856632    -0.1780523    -0.1706832    -0.1635436    -0.1566199    -0.1498979    -0.1433632    -0.1370011    -0.1307971    -0.1247373    -0.1188083    -0.1129974    -0.1072931    -0.1016850    -0.0961640    -0.0907227    -0.0853554    -0.0800584    -0.0748301    -0.0696714    -0.0645856    -0.0595786    -0.0546592    -0.0498386    -0.0451310    -0.0405528    -0.0361226    -0.0318610    -0.0277893    -0.0239294    -0.0203028    -0.0169295    -0.0138273    -0.0110103    -0.0084885    -0.0062667    -0.0043440    -0.0027134    -0.0013623    -0.0002725     0.0005788     0.0012178     0.0016731     0.0019738     0.0021485     0.0022240     0.0022243     0.0021700     0.0020781     0.0019620     0.0018318     0.0016950     0.0015568     0.0014207     0.0012889     0.0011630     0.0010439     0.0009322     0.0008282
    -0.0026536    -0.0105323    -0.0233936    -0.0408424    -0.0623461    -0.0872542    -0.1148225    -0.1442429    -0.1746747    -0.2052783    -0.2352493    -0.2638491    -0.2904332    -0.3144715    -0.3355628    -0.3534403    -0.3679689    -0.3791355    -0.3870332    -0.3918419    -0.3938067    -0.3932167    -0.3903848    -0.3856313    -0.3792697    -0.3715965    -0.3628843    -0.3533776    -0.3432908    -0.3328085    -0.3220864    -0.3112535    -0.3004151    -0.2896547    -0.2790375    -0.2686129    -0.2584167    -0.2484738    -0.2387996    -0.2294021    -0.2202832    -0.2114399    -0.2028656    -0.1945505    -0.1864829    -0.1786493    -0.1710352    -0.1636254    -0.1564046    -0.1493573    -0.1424684    -0.1357235    -0.1291087    -0.1226115    -0.1162204    -0.1099256    -0.1037190    -0.0975942    -0.0915475    -0.0855773    -0.0796847    -0.0738737    -0.0681514    -0.0625278    -0.0570161    -0.0516325    -0.0463961    -0.0413282    -0.0364524    -0.0317933    -0.0273762    -0.0232256    -0.0193646    -0.0158136    -0.0125890    -0.0097021    -0.0071586    -0.0049575    -0.0030908    -0.0015442    -0.0002969     0.0006773     0.0014084     0.0019290     0.0022726     0.0024719     0.0025575     0.0025571     0.0024941     0.0023880     0.0022542     0.0021045     0.0019471     0.0017882     0.0016317     0.0014802     0.0013356     0.0011988     0.0010704     0.0009509
    -0.0026632    -0.0105788    -0.0235265    -0.0411469    -0.0629520    -0.0883409    -0.1166193    -0.1470229    -0.1787442    -0.2109614    -0.2428689    -0.2737066    -0.3027882    -0.3295242    -0.3534403    -0.3741885    -0.3915504    -0.4054336    -0.4158609    -0.4229550    -0.4269189    -0.4280152    -0.4265456    -0.4228322    -0.4172012    -0.4099699    -0.4014371    -0.3918766    -0.3815333    -0.3706219    -0.3593265    -0.3478028    -0.3361793    -0.3245607    -0.3130301    -0.3016523    -0.2904760    -0.2795364    -0.2688578    -0.2584547    -0.2483345    -0.2384982    -0.2289421    -0.2196585    -0.2106368    -0.2018643    -0.1933267    -0.1850087    -0.1768944    -0.1689675    -0.1612123    -0.1536131    -0.1461555    -0.1388256    -0.1316113    -0.1245019    -0.1174887    -0.1105650    -0.1037267    -0.0969725    -0.0903039    -0.0837257    -0.0772461    -0.0708767    -0.0646326    -0.0585324    -0.0525978    -0.0468534    -0.0413258    -0.0360432    -0.0310343    -0.0263272    -0.0219482    -0.0179204    -0.0142626    -0.0109878    -0.0081024    -0.0056053    -0.0034879    -0.0017335    -0.0003187     0.0007860     0.0016148     0.0022047     0.0025936     0.0028188     0.0029150     0.0029135     0.0028410     0.0027197     0.0025670     0.0023961     0.0022168     0.0020356     0.0018573     0.0016848     0.0015201     0.0013643     0.0012181     0.0010821
    -0.0026493    -0.0105307    -0.0234466    -0.0410731    -0.0629681    -0.0885836    -0.1172799    -0.1483448    -0.1810152    -0.2145012    -0.2480122    -0.2807846    -0.3121074    -0.3413473    -0.3679689    -0.3915504    -0.4117921    -0.4285188    -0.4416750    -0.4513140    -0.4575822    -0.4607008    -0.4609453    -0.4586262    -0.4540713    -0.4476097    -0.4395603    -0.4302220    -0.4198683    -0.4087433    -0.3970605    -0.3850034    -0.3727264    -0.3603573    -0.3479999    -0.3357367    -0.3236315    -0.3117326    -0.3000744    -0.2886803    -0.2775645    -0.2667334    -0.2561873    -0.2459216    -0.2359279    -0.2261949    -0.2167091    -0.2074554    -0.1984179    -0.1895800    -0.1809253    -0.1724376    -0.1641014    -0.1559024    -0.1478275    -0.1398654    -0.1320068    -0.1242448    -0.1165753    -0.1089970    -0.1015121    -0.0941262    -0.0868489    -0.0796934    -0.0726769    -0.0658207    -0.0591493    -0.0526904    -0.0464743    -0.0405329    -0.0348986    -0.0296032    -0.0246764    -0.0201444    -0.0160284    -0.0123432    -0.0090962    -0.0062861    -0.0039033    -0.0019292    -0.0003374     0.0009053     0.0018374     0.0025004     0.0029371     0.0031895     0.0032966     0.0032937     0.0032110     0.0030733     0.0029003     0.0027069     0.0025040     0.0022992     0.0020976     0.0019027     0.0017165     0.0015404     0.0013753     0.0012216
    -0.0026158    -0.0104043    -0.0231894    -0.0406818    -0.0624849    -0.0881034    -0.1169549    -0.1483839    -0.1816792    -0.2160934    -0.2508651    -0.2852423    -0.3185070    -0.3499985    -0.3791355    -0.4054336    -0.4285188    -0.4481351    -0.4641451    -0.4765246    -0.4853520    -0.4907929    -0.4930818    -0.4925036    -0.4893743    -0.4840242    -0.4767833    -0.4679697    -0.4578813    -0.4467896    -0.4349369    -0.4225349    -0.4097655    -0.3967815    -0.3837096    -0.3706523    -0.3576913    -0.3448894    -0.3322941    -0.3199393    -0.3078475    -0.2960321    -0.2844990    -0.2732476    -0.2622729    -0.2515655    -0.2411137    -0.2309032    -0.2209185    -0.2111431    -0.2015605    -0.1921540    -0.1829076    -0.1738063    -0.1648365    -0.1559864    -0.1472463    -0.1386092    -0.1300709    -0.1216306    -0.1132910    -0.1050588    -0.0969449    -0.0889645    -0.0811372    -0.0734868    -0.0660409    -0.0588309    -0.0518907    -0.0452562    -0.0389637    -0.0330490    -0.0275454    -0.0224824    -0.0178838    -0.0137663    -0.0101382    -0.0069984    -0.0043360    -0.0021305    -0.0003523     0.0010357     0.0020764     0.0028163     0.0033032     0.0035839     0.0037023     0.0036977     0.0036039     0.0034486     0.0032540     0.0030366     0.0028087     0.0025787     0.0023524     0.0021336     0.0019247     0.0017272     0.0015420     0.0013695
    -0.0025668    -0.0102149    -0.0227888    -0.0400317    -0.0615902    -0.0870209    -0.1157980    -0.1473246    -0.1809459    -0.2159643    -0.2516579    -0.2873000    -0.3221809    -0.3556291    -0.3870332    -0.4158609    -0.4416750    -0.4641451    -0.4830535    -0.4982952    -0.5098727    -0.5178847    -0.5225115    -0.5239976    -0.5226338    -0.5187385    -0.5126427    -0.5046750    -0.4951514    -0.4843670    -0.4725906    -0.4600618    -0.4469900    -0.4335545    -0.4199065    -0.4061709    -0.3924491    -0.3788214    -0.3653499    -0.3520809    -0.3390477    -0.3262721    -0.3137668    -0.3015369    -0.2895814    -0.2778945    -0.2664665    -0.2552849    -0.2443352    -0.2336016    -0.2230676    -0.2127165    -0.2025321    -0.1924992    -0.1826036    -0.1728334    -0.1631786    -0.1536321    -0.1441899    -0.1348517    -0.1256210    -0.1165057    -0.1075183    -0.0986760    -0.0900008    -0.0815194    -0.0732629    -0.0652663    -0.0575674    -0.0502064    -0.0432238    -0.0366596    -0.0305510    -0.0249308    -0.0198258    -0.0152546    -0.0112266    -0.0077407    -0.0047849    -0.0023364    -0.0003626     0.0011778     0.0023324     0.0031528     0.0036921     0.0040023     0.0041322     0.0041255     0.0040197     0.0038457     0.0036281     0.0033853     0.0031308     0.0028742     0.0026217     0.0023776     0.0021447     0.0019244     0.0017179     0.0015257
    -0.0025056    -0.0099765    -0.0222756    -0.0391765    -0.0603664    -0.0854503    -0.1139577    -0.1453496    -0.1790291    -0.2143530    -0.2506461    -0.2872172    -0.3233780    -0.3584613    -0.3918419    -0.4229550    -0.4513140    -0.4765246    -0.4982952    -0.5164416    -0.5308869    -0.5416553    -0.5488618    -0.5526981    -0.5534152    -0.5513069    -0.5466924    -0.5399006    -0.5312577    -0.5210762    -0.5096473    -0.4972363    -0.4840793    -0.4703827    -0.4563232    -0.4420498    -0.4276854    -0.4133300    -0.3990624    -0.3849437    -0.3710194    -0.3573217    -0.3438720    -0.3306821    -0.3177567    -0.3050941    -0.2926880    -0.2805284    -0.2686026    -0.2568958    -0.2453923    -0.2340758    -0.2229302    -0.2119402    -0.2010917    -0.1903725    -0.1797727    -0.1692854    -0.1589068    -0.1486373    -0.1384814    -0.1284483    -0.1185523    -0.1088126    -0.0992541    -0.0899066    -0.0808046    -0.0719871    -0.0634963    -0.0553765    -0.0476730    -0.0404300    -0.0336889    -0.0274862    -0.0218515    -0.0168058    -0.0123594    -0.0085114    -0.0052487    -0.0025461    -0.0003677     0.0013320     0.0026055     0.0035099     0.0041037     0.0044446     0.0045863     0.0045770     0.0044584     0.0042645     0.0040225     0.0037528     0.0034703     0.0031854     0.0029053     0.0026346     0.0023763     0.0021321     0.0019032     0.0016901
    -0.0024353    -0.0097011    -0.0216771    -0.0381645    -0.0588873    -0.0834961    -0.1115720    -0.1426320    -0.1761365    -0.2114982    -0.2480930    -0.2852728    -0.3223806    -0.3587668    -0.3938067    -0.4269189    -0.4575822    -0.4853520    -0.5098727    -0.5308869    -0.5482395    -0.5618774    -0.5718427    -0.5782634    -0.5813388    -0.5813244    -0.5785146    -0.5732271    -0.5657878    -0.5565188    -0.5457279    -0.5337020    -0.5207020    -0.5069600    -0.4926788    -0.4780324    -0.4631670    -0.4482037    -0.4332403    -0.4183546    -0.4036064    -0.3890401    -0.3746872    -0.3605682    -0.3466945    -0.3330701    -0.3196929    -0.3065565    -0.2936504    -0.2809620    -0.2684767    -0.2561792    -0.2440539    -0.2320858    -0.2202611    -0.2085677    -0.1969960    -0.1855394    -0.1741948    -0.1629632    -0.1518503    -0.1408669    -0.1300290    -0.1193586    -0.1088831    -0.0986358    -0.0886550    -0.0789838    -0.0696688    -0.0607592    -0.0523049    -0.0443548    -0.0369546    -0.0301447    -0.0239579    -0.0184173    -0.0135347    -0.0093091    -0.0057262    -0.0027587    -0.0003670     0.0014987     0.0028961     0.0038878     0.0045383     0.0049108     0.0050644     0.0050522     0.0049198     0.0047048     0.0044370     0.0041389     0.0038268     0.0035123     0.0032032     0.0029045     0.0026194     0.0023501     0.0020976     0.0018626
    -0.0023586    -0.0093993    -0.0210170    -0.0370373    -0.0572180    -0.0812510    -0.1087651    -0.1393300    -0.1724613    -0.2076273    -0.2442567    -0.2817490    -0.3194860    -0.3568456    -0.3932167    -0.4280152    -0.4607008    -0.4907929    -0.5178847    -0.5416553    -0.5618774    -0.5784212    -0.5912533    -0.6004307    -0.6060908    -0.6084386    -0.6077313    -0.6042623    -0.5983463    -0.5903049    -0.5804549    -0.5690990    -0.5565187    -0.5429701    -0.5286808    -0.5138499    -0.4986480    -0.4832186    -0.4676803    -0.4521294    -0.4366419    -0.4212763    -0.4060760    -0.3910718    -0.3762833    -0.3617214    -0.3473898    -0.3332861    -0.3194035    -0.3057320    -0.2922589    -0.2789704    -0.2658520    -0.2528895    -0.2400695    -0.2273806    -0.2148136    -0.2023626    -0.1900251    -0.1778033    -0.1657042    -0.1537402    -0.1419297    -0.1302970    -0.1188728    -0.1076938    -0.0968024    -0.0862460    -0.0760762    -0.0663469    -0.0571130    -0.0484285    -0.0403434    -0.0329025    -0.0261417    -0.0200867    -0.0147505    -0.0101322    -0.0062164    -0.0029733    -0.0003599     0.0016782     0.0032043     0.0042866     0.0049957     0.0054008     0.0055664     0.0055508     0.0054037     0.0051665     0.0048715     0.0045435     0.0042004     0.0038547     0.0035151     0.0031870     0.0028739     0.0025782     0.0023010     0.0020431
    -0.0022776    -0.0090799    -0.0203150    -0.0358306    -0.0554142    -0.0787952    -0.1056458    -0.1355844    -0.1681786    -0.2029502    -0.2393807    -0.2769191    -0.3149908    -0.3530085    -0.3903848    -0.4265456    -0.4609453    -0.4930818    -0.5225115    -0.5488618    -0.5718427    -0.5912533    -0.6069855    -0.6190223    -0.6274324    -0.6323606    -0.6340150    -0.6326528    -0.6285649    -0.6220618    -0.6134595    -0.6030692    -0.5911873    -0.5780898    -0.5640271    -0.5492225    -0.5338707    -0.5181387    -0.5021672    -0.4860723    -0.4699481    -0.4538692    -0.4378926    -0.4220608    -0.4064036    -0.3909400    -0.3756805    -0.3606284    -0.3457814    -0.3311327    -0.3166726    -0.3023892    -0.2882699    -0.2743015    -0.2604718    -0.2467702    -0.2331884    -0.2197212    -0.2063673    -0.1931302    -0.1800184    -0.1670462    -0.1542343    -0.1416100    -0.1292072    -0.1170664    -0.1052343    -0.0937630    -0.0827090    -0.0721314    -0.0620904    -0.0526451    -0.0438506    -0.0357556    -0.0283998    -0.0218113    -0.0160047    -0.0109791    -0.0067180    -0.0031893    -0.0003460     0.0018710     0.0035302     0.0047063     0.0054760     0.0059144     0.0060922     0.0060726     0.0059099     0.0056491     0.0053256     0.0049663     0.0045906     0.0042124     0.0038408     0.0034819     0.0031396     0.0028163     0.0025133     0.0022315
    -0.0021942    -0.0087501    -0.0195877    -0.0345737    -0.0535226    -0.0761965    -0.1023073    -0.1315174    -0.1634426    -0.1976550    -0.2336874    -0.2710383    -0.3091791    -0.3475622    -0.3856313    -0.4228322    -0.4586262    -0.4925036    -0.5239976    -0.5526981    -0.5782634    -0.6004307    -0.6190223    -0.6339484    -0.6452060    -0.6528729    -0.6570989    -0.6580935    -0.6561123    -0.6514426    -0.6443895    -0.6352631    -0.6243676    -0.6119932    -0.5984096    -0.5838616    -0.5685673    -0.5527171    -0.5364743    -0.5199763    -0.5033367    -0.4866476    -0.4699816    -0.4533945    -0.4369278    -0.4206102    -0.4044605    -0.3884887    -0.3726979    -0.3570860    -0.3416468    -0.3263714    -0.3112491    -0.2962689    -0.2814200    -0.2666929    -0.2520807    -0.2375794    -0.2231891    -0.2089146    -0.1947664    -0.1807611    -0.1669218    -0.1532788    -0.1398697    -0.1267390    -0.1139379    -0.1015234    -0.0895573    -0.0781042    -0.0672299    -0.0569988    -0.0474710    -0.0386999    -0.0307288    -0.0235886    -0.0172952    -0.0118483    -0.0072301    -0.0034057    -0.0003247     0.0020771     0.0038740     0.0051468     0.0059788     0.0064515     0.0066414     0.0066173     0.0064381     0.0061526     0.0057991     0.0054070     0.0049973     0.0045849     0.0041800     0.0037890     0.0034162     0.0030641     0.0027343     0.0024274
    -0.0021098    -0.0084158    -0.0188482    -0.0332909    -0.0515814    -0.0735115    -0.0988279    -0.1272328    -0.1583860    -0.1919064    -0.2273749    -0.2643385    -0.3023148    -0.3407987    -0.3792697    -0.4172012    -0.4540713    -0.4893743    -0.5226338    -0.5534152    -0.5813388    -0.6060908    -0.6274324    -0.6452060    -0.6593376    -0.6698353    -0.6767842    -0.6803371    -0.6807035    -0.6781363    -0.6729179    -0.6653474    -0.6557281    -0.6443571    -0.6315177    -0.6174730    -0.6024620    -0.5866973    -0.5703648    -0.5536238    -0.5366086    -0.5194300    -0.5021778    -0.4849229    -0.4677198    -0.4506087    -0.4336178    -0.4167653    -0.4000611    -0.3835086    -0.3671061    -0.3508482    -0.3347275    -0.3187353    -0.3028627    -0.2871023    -0.2714486    -0.2558993    -0.2404560    -0.2251257    -0.2099206    -0.1948599    -0.1799696    -0.1652834    -0.1508426    -0.1366959    -0.1228994    -0.1095154    -0.0966109    -0.0842567    -0.0725240    -0.0614831    -0.0511995    -0.0417311    -0.0331253    -0.0254157    -0.0186202    -0.0127384    -0.0077515    -0.0036221    -0.0002957     0.0022968     0.0042356     0.0056080     0.0065039     0.0070116     0.0072137     0.0071845     0.0069878     0.0066763     0.0062916     0.0058652     0.0054200     0.0049722     0.0045325     0.0041081     0.0037035     0.0033215     0.0029637     0.0026309
    -0.0020255    -0.0080815    -0.0181074    -0.0320014    -0.0496218    -0.0707861    -0.0952719    -0.1228172    -0.1531211    -0.1858452    -0.2206156    -0.2570249    -0.2946362    -0.3329873    -0.3715965    -0.4099699    -0.4476097    -0.4840242    -0.5187385    -0.5513069    -0.5813244    -0.6084386    -0.6323606    -0.6528729    -0.6698353    -0.6831872    -0.6929460    -0.6992017    -0.7021090    -0.7018760    -0.6987518    -0.6930133    -0.6849528    -0.6748663    -0.6630435    -0.6497604    -0.6352733    -0.6198150    -0.6035927    -0.5867874    -0.5695545    -0.5520248    -0.5343063    -0.5164866    -0.4986347    -0.4808037    -0.4630330    -0.4453501    -0.4277729    -0.4103114    -0.3929695    -0.3757465    -0.3586386    -0.3416403    -0.3247455    -0.3079489    -0.2912473    -0.2746402    -0.2581316    -0.2417303    -0.2254512    -0.2093161    -0.1933542    -0.1776027    -0.1621071    -0.1469206    -0.1321044    -0.1177262    -0.1038590    -0.0905793    -0.0779649    -0.0660915    -0.0550305    -0.0448447    -0.0355857    -0.0272901    -0.0199774    -0.0136478    -0.0082812    -0.0038376    -0.0002586     0.0025302     0.0046149     0.0060896     0.0070511     0.0075944     0.0078087     0.0077738     0.0075587     0.0072200     0.0068026     0.0063405     0.0058584     0.0053736     0.0048979     0.0044388     0.0040012     0.0035881     0.0032013     0.0028416
    -0.0019422    -0.0077510    -0.0173733    -0.0307204    -0.0476682    -0.0680570    -0.0916915    -0.1183411    -0.1477406    -0.1795900    -0.2135565    -0.2492755    -0.2863534    -0.3243703    -0.3628843    -0.4014371    -0.4395603    -0.4767833    -0.5126427    -0.5466924    -0.5785146    -0.6077313    -0.6340150    -0.6570989    -0.6767842    -0.6929460    -0.7055347    -0.7145753    -0.7201614    -0.7224480    -0.7216408    -0.7179843    -0.7117493    -0.7032208    -0.6926870    -0.6804300    -0.6667183    -0.6518010    -0.6359047    -0.6192309    -0.6019559    -0.5842307    -0.5661826    -0.5479169    -0.5295187    -0.5110555    -0.4925789    -0.4741275    -0.4557283    -0.4373992    -0.4191508    -0.4009879    -0.3829114    -0.3649196    -0.3470099    -0.3291799    -0.3114289    -0.2937591    -0.2761768    -0.2586935    -0.2413267    -0.2241014    -0.2070503    -0.1902143    -0.1736434    -0.1573957    -0.1415376    -0.1261427    -0.1112900    -0.0970625    -0.0835442    -0.0708172    -0.0589585    -0.0480363    -0.0381065    -0.0292089    -0.0213649    -0.0145750    -0.0088182    -0.0040518    -0.0002132     0.0027771     0.0050117     0.0065913     0.0076198     0.0081994     0.0084257     0.0083846     0.0081500     0.0077829     0.0073315     0.0068323     0.0063119     0.0057888     0.0052757     0.0047806     0.0043089     0.0038637     0.0034468     0.0030592
    -0.0018606    -0.0074269    -0.0166524    -0.0294596    -0.0457397    -0.0653529    -0.0881278    -0.1138615    -0.1423201    -0.1732382    -0.2063204    -0.2412415    -0.2776480    -0.3151608    -0.3533776    -0.3918766    -0.4302220    -0.4679697    -0.5046750    -0.5399006    -0.5732271    -0.6042623    -0.6326528    -0.6580935    -0.6803371    -0.6992017    -0.7145753    -0.7264178    -0.7347598    -0.7396975    -0.7413850    -0.7400249    -0.7358562    -0.7291431    -0.7201629    -0.7091959    -0.6965162    -0.6823845    -0.6670429    -0.6507113    -0.6335857    -0.6158371    -0.5976125    -0.5790357    -0.5602090    -0.5412153    -0.5221202    -0.5029743    -0.4838154    -0.4646705    -0.4455578    -0.4264888    -0.4074700    -0.3885045    -0.3695938    -0.3507390    -0.3319426    -0.3132100    -0.2945503    -0.2759779    -0.2575137    -0.2391859    -0.2210311    -0.2030945    -0.1854305    -0.1681026    -0.1511829    -0.1347508    -0.1188920    -0.1036959    -0.0892533    -0.0756528    -0.0629775    -0.0513011    -0.0406839    -0.0311692    -0.0227805    -0.0155187    -0.0093617    -0.0042641    -0.0001593     0.0030376     0.0054256     0.0071125     0.0082095     0.0088259     0.0090641     0.0090161     0.0087612     0.0083645     0.0078778     0.0073402     0.0067800     0.0062173     0.0056655     0.0051332     0.0046262     0.0041477     0.0036998     0.0032835
