     0.0000001     0.0000004     0.0000013     0.0000029     0.0000051     0.0000078     0.0000108     0.0000138     0.0000166     0.0000191     0.0000210     0.0000224     0.0000233     0.0000236     0.0000236     0.0000231     0.0000224     0.0000215     0.0000204     0.0000192     0.0000180     0.0000168     0.0000156     0.0000144     0.0000133     0.0000122     0.0000112     0.0000102     0.0000094     0.0000085     0.0000078     0.0000071     0.0000064     0.0000059     0.0000053     0.0000048     0.0000044     0.0000039     0.0000036     0.0000032     0.0000029     0.0000026     0.0000023     0.0000021     0.0000019     0.0000017     0.0000015     0.0000013     0.0000011     0.0000010     0.0000008     0.0000007     0.0000006     0.0000005     0.0000004     0.0000003     0.0000002     0.0000001     0.0000000    -0.0000000    -0.0000001    -0.0000001    -0.0000002    -0.0000002    -0.0000002    -0.0000002    -0.0000002    -0.0000002    -0.0000002    -0.0000002    -0.0000002    -0.0000001    -0.0000001    -0.0000001    -0.0000001    -0.0000001    -0.0000001    -0.0000001    -0.0000000    -0.0000000    -0.0000000    -0.0000000    -0.0000000    -0.0000000    -0.0000000    -0.0000000    -0.0000000    -0.0000000    -0.0000000    -0.0000000    -0.0000000    -0.0000000    -0.0000000    -0.0000000    -0.0000000    -0.0000000    -0.0000000    -0.0000000    -0.0000000    -0.0000000
     0.0000004     0.0000032     0.0000103     0.0000225     0.0000397     0.0000608     0.0000842     0.0001079     0.0001301     0.0001495     0.0001651     0.0001764     0.0001835     0.0001866     0.0001863     0.0001830     0.0001775     0.0001703     0.0001620     0.0001528     0.0001433     0.0001336     0.0001241     0.0001148     0.0001058     0.0000973     0.0000893     0.0000817     0.0000747     0.0000682     0.0000622     0.0000566     0.0000515     0.0000467     0.0000424     0.0000385     0.0000348     0.0000315     0.0000285     0.0000257     0.0000231     0.0000208     0.0000187     0.0000167     0.0000149     0.0000132     0.0000117     0.0000103     0.0000090     0.0000077     0.0000066     0.0000056     0.0000046     0.0000037     0.0000029     0.0000021     0.0000014     0.0000008     0.0000003    -0.0000002    -0.0000006    -0.0000009    -0.0000012    -0.0000014    -0.0000015    -0.0000016    -0.0000016    -0.0000015    -0.0000015    -0.0000014    -0.0000013    -0.0000011    -0.0000010    -0.0000009    -0.0000008    -0.0000007    -0.0000006    -0.0000005    -0.0000004    -0.0000003    -0.0000003    -0.0000002    -0.0000002    -0.0000001    -0.0000001    -0.0000001    -0.0000001    -0.0000001    -0.0000000    -0.0000000    -0.0000000    -0.0000000    -0.0000000    -0.0000000    -0.0000000    -0.0000000    -0.0000000    -0.0000000    -0.0000000    -0.0000000
     0.0000013     0.0000103     0.0000327     0.0000718     0.0001271     0.0001955     0.0002716     0.0003494     0.0004229     0.0004876     0.0005402     0.0005791     0.0006041     0.0006160     0.0006164     0.0006070     0.0005900     0.0005670     0.0005400     0.0005102     0.0004790     0.0004472     0.0004156     0.0003847     0.0003550     0.0003266     0.0002998     0.0002747     0.0002512     0.0002293     0.0002091     0.0001904     0.0001732     0.0001574     0.0001429     0.0001295     0.0001173     0.0001062     0.0000959     0.0000865     0.0000780     0.0000701     0.0000629     0.0000563     0.0000502     0.0000446     0.0000394     0.0000346     0.0000302     0.0000261     0.0000223     0.0000188     0.0000155     0.0000125     0.0000097     0.0000071     0.0000048     0.0000027     0.0000009    -0.0000007    -0.0000021    -0.0000032    -0.0000040    -0.0000047    -0.0000051    -0.0000053    -0.0000053    -0.0000052    -0.0000049    -0.0000046    -0.0000042    -0.0000038    -0.0000034    -0.0000030    -0.0000026    -0.0000022    -0.0000019    -0.0000016    -0.0000013    -0.0000011    -0.0000009    -0.0000008    -0.0000006    -0.0000005    -0.0000004    -0.0000003    -0.0000003    -0.0000002    -0.0000002    -0.0000001    -0.0000001    -0.0000001    -0.0000001    -0.0000000    -0.0000000    -0.0000000    -0.0000000    -0.0000000    -0.0000000    -0.0000000
     0.0000029     0.0000225     0.0000718     0.0001579     0.0002807     0.0004336     0.0006051     0.0007820     0.0009513     0.0011020     0.0012264     0.0013205     0.0013831     0.0014156     0.0014212     0.0014040     0.0013682     0.0013182     0.0012580     0.0011909     0.0011199     0.0010471     0.0009744     0.0009030     0.0008341     0.0007682     0.0007057     0.0006470     0.0005920     0.0005409     0.0004934     0.0004495     0.0004091     0.0003718     0.0003376     0.0003062     0.0002775     0.0002511     0.0002269     0.0002048     0.0001846     0.0001660     0.0001489     0.0001333     0.0001189     0.0001056     0.0000934     0.0000821     0.0000716     0.0000619     0.0000529     0.0000445     0.0000368     0.0000296     0.0000230     0.0000169     0.0000114     0.0000065     0.0000021    -0.0000017    -0.0000049    -0.0000075    -0.0000096    -0.0000110    -0.0000120    -0.0000125    -0.0000126    -0.0000123    -0.0000117    -0.0000109    -0.0000100    -0.0000090    -0.0000080    -0.0000070    -0.0000061    -0.0000052    -0.0000045    -0.0000038    -0.0000032    -0.0000026    -0.0000022    -0.0000018    -0.0000015    -0.0000012    -0.0000010    -0.0000008    -0.0000006    -0.0000005    -0.0000004    -0.0000003    -0.0000002    -0.0000002    -0.0000001    -0.0000001    -0.0000001    -0.0000001    -0.0000000    -0.0000000    -0.0000000    -0.0000000
     0.0000051     0.0000397     0.0001271     0.0002807     0.0005013     0.0007783     0.0010924     0.0014201     0.0017378     0.0020250     0.0022666     0.0024538     0.0025832     0.0026565     0.0026785     0.0026563     0.0025977     0.0025107     0.0024026     0.0022801     0.0021487     0.0020130     0.0018763     0.0017416     0.0016108     0.0014853     0.0013659     0.0012534     0.0011479     0.0010494     0.0009580     0.0008734     0.0007952     0.0007232     0.0006569     0.0005961     0.0005403     0.0004891     0.0004422     0.0003992     0.0003598     0.0003237     0.0002905     0.0002600     0.0002320     0.0002062     0.0001823     0.0001603     0.0001399     0.0001209     0.0001033     0.0000870     0.0000719     0.0000579     0.0000450     0.0000332     0.0000224     0.0000128     0.0000042    -0.0000032    -0.0000094    -0.0000146    -0.0000186    -0.0000215    -0.0000234    -0.0000244    -0.0000245    -0.0000239    -0.0000228    -0.0000213    -0.0000195    -0.0000176    -0.0000156    -0.0000137    -0.0000119    -0.0000102    -0.0000087    -0.0000073    -0.0000062    -0.0000051    -0.0000042    -0.0000035    -0.0000028    -0.0000023    -0.0000019    -0.0000015    -0.0000012    -0.0000009    -0.0000007    -0.0000006    -0.0000004    -0.0000003    -0.0000003    -0.0000002    -0.0000001    -0.0000001    -0.0000001    -0.0000001    -0.0000000    -0.0000000
     0.0000078     0.0000608     0.0001955     0.0004336     0.0007783     0.0012154     0.0017170     0.0022474     0.0027694     0.0032496     0.0036620     0.0039901     0.0042262     0.0043708     0.0044299     0.0044140     0.0043350     0.0042058     0.0040385     0.0038442     0.0036324     0.0034109     0.0031861     0.0029629     0.0027448     0.0025346     0.0023340     0.0021441     0.0019656     0.0017987     0.0016434     0.0014993     0.0013660     0.0012430     0.0011298     0.0010256     0.0009300     0.0008423     0.0007618     0.0006880     0.0006203     0.0005582     0.0005012     0.0004487     0.0004005     0.0003560     0.0003149     0.0002769     0.0002417     0.0002090     0.0001787     0.0001505     0.0001244     0.0001002     0.0000779     0.0000575     0.0000389     0.0000223     0.0000075    -0.0000053    -0.0000161    -0.0000250    -0.0000319    -0.0000370    -0.0000403    -0.0000420    -0.0000422    -0.0000413    -0.0000394    -0.0000368    -0.0000337    -0.0000304    -0.0000270    -0.0000237    -0.0000205    -0.0000176    -0.0000150    -0.0000127    -0.0000106    -0.0000088    -0.0000073    -0.0000060    -0.0000049    -0.0000040    -0.0000032    -0.0000026    -0.0000020    -0.0000016    -0.0000013    -0.0000010    -0.0000008    -0.0000006    -0.0000004    -0.0000003    -0.0000002    -0.0000002    -0.0000001    -0.0000001    -0.0000001    -0.0000000
     0.0000108     0.0000842     0.0002716     0.0006051     0.0010924     0.0017170     0.0024430     0.0032219     0.0040012     0.0047316     0.0053731     0.0058977     0.0062906     0.0065483     0.0066771     0.0066898     0.0066031     0.0064352     0.0062042     0.0059270     0.0056184     0.0052908     0.0049545     0.0046176     0.0042861     0.0039648     0.0036566     0.0033638     0.0030876     0.0028286     0.0025868     0.0023621     0.0021538     0.0019613     0.0017838     0.0016204     0.0014702     0.0013321     0.0012054     0.0010891     0.0009824     0.0008843     0.0007943     0.0007114     0.0006351     0.0005647     0.0004997     0.0004395     0.0003837     0.0003319     0.0002839     0.0002392     0.0001978     0.0001594     0.0001240     0.0000916     0.0000622     0.0000357     0.0000123    -0.0000081    -0.0000253    -0.0000394    -0.0000504    -0.0000584    -0.0000637    -0.0000664    -0.0000668    -0.0000653    -0.0000623    -0.0000582    -0.0000534    -0.0000481    -0.0000427    -0.0000375    -0.0000325    -0.0000279    -0.0000238    -0.0000201    -0.0000168    -0.0000140    -0.0000116    -0.0000095    -0.0000078    -0.0000063    -0.0000051    -0.0000041    -0.0000032    -0.0000026    -0.0000020    -0.0000016    -0.0000012    -0.0000009    -0.0000007    -0.0000005    -0.0000004    -0.0000003    -0.0000002    -0.0000002    -0.0000001    -0.0000001
     0.0000138     0.0001079     0.0003494     0.0007820     0.0014201     0.0022474     0.0032219     0.0042835     0.0053642     0.0063972     0.0073256     0.0081066     0.0087141     0.0091379     0.0093814     0.0094584     0.0093894     0.0091982     0.0089094     0.0085469     0.0081320     0.0076832     0.0072160     0.0067428     0.0062733     0.0058149     0.0053727     0.0049505     0.0045506     0.0041742     0.0038219     0.0034935     0.0031884     0.0029060     0.0026451     0.0024045     0.0021829     0.0019792     0.0017919     0.0016198     0.0014617     0.0013165     0.0011829     0.0010599     0.0009465     0.0008419     0.0007452     0.0006557     0.0005727     0.0004956     0.0004240     0.0003574     0.0002957     0.0002385     0.0001857     0.0001374     0.0000934     0.0000539     0.0000189    -0.0000114    -0.0000372    -0.0000582    -0.0000747    -0.0000867    -0.0000946    -0.0000986    -0.0000993    -0.0000972    -0.0000927    -0.0000866    -0.0000794    -0.0000716    -0.0000636    -0.0000558    -0.0000484    -0.0000416    -0.0000354    -0.0000299    -0.0000251    -0.0000209    -0.0000173    -0.0000142    -0.0000116    -0.0000094    -0.0000076    -0.0000061    -0.0000048    -0.0000038    -0.0000030    -0.0000023    -0.0000018    -0.0000014    -0.0000010    -0.0000008    -0.0000006    -0.0000004    -0.0000003    -0.0000002    -0.0000002    -0.0000001
     0.0000166     0.0001301     0.0004229     0.0009513     0.0017378     0.0027694     0.0040012     0.0053642     0.0067764     0.0081538     0.0094208     0.0105168     0.0114008     0.0120516     0.0124663     0.0126567     0.0126452     0.0124602     0.0121329     0.0116946     0.0111742     0.0105976     0.0099868     0.0093599     0.0087314     0.0081125     0.0075114     0.0069342     0.0063847     0.0058654     0.0053775     0.0049213     0.0044966     0.0041023     0.0037373     0.0034001     0.0030892     0.0028027     0.0025391     0.0022967     0.0020737     0.0018685     0.0016797     0.0015057     0.0013453     0.0011971     0.0010601     0.0009331     0.0008153     0.0007058     0.0006041     0.0005095     0.0004217     0.0003404     0.0002654     0.0001966     0.0001341     0.0000778     0.0000280    -0.0000153    -0.0000519    -0.0000820    -0.0001055    -0.0001227    -0.0001339    -0.0001398    -0.0001408    -0.0001378    -0.0001316    -0.0001229    -0.0001127    -0.0001016    -0.0000903    -0.0000792    -0.0000687    -0.0000590    -0.0000502    -0.0000424    -0.0000356    -0.0000296    -0.0000245    -0.0000202    -0.0000165    -0.0000134    -0.0000108    -0.0000086    -0.0000068    -0.0000054    -0.0000042    -0.0000033    -0.0000025    -0.0000019    -0.0000015    -0.0000011    -0.0000008    -0.0000006    -0.0000004    -0.0000003    -0.0000002    -0.0000002
     0.0000191     0.0001495     0.0004876     0.0011020     0.0020250     0.0032496     0.0047316     0.0063972     0.0081538     0.0099020     0.0115474     0.0130100     0.0142307     0.0151731     0.0158237     0.0161884     0.0162881     0.0161539     0.0158225     0.0153321     0.0147201     0.0140204     0.0132629     0.0124728     0.0116706     0.0108726     0.0100913     0.0093357     0.0086124     0.0079254     0.0072774     0.0066693     0.0061012     0.0055725     0.0050819     0.0046278     0.0042081     0.0038209     0.0034641     0.0031354     0.0028327     0.0025539     0.0022971     0.0020602     0.0018416     0.0016395     0.0014525     0.0012791     0.0011181     0.0009685     0.0008293     0.0006999     0.0005797     0.0004683     0.0003655     0.0002713     0.0001855     0.0001084     0.0000400    -0.0000194    -0.0000697    -0.0001110    -0.0001433    -0.0001670    -0.0001825    -0.0001906    -0.0001921    -0.0001881    -0.0001797    -0.0001679    -0.0001540    -0.0001389    -0.0001234    -0.0001083    -0.0000939    -0.0000807    -0.0000687    -0.0000580    -0.0000487    -0.0000405    -0.0000336    -0.0000276    -0.0000225    -0.0000183    -0.0000147    -0.0000118    -0.0000094    -0.0000074    -0.0000058    -0.0000045    -0.0000035    -0.0000027    -0.0000020    -0.0000015    -0.0000011    -0.0000008    -0.0000006    -0.0000004    -0.0000003    -0.0000002
     0.0000210     0.0001651     0.0005402     0.0012264     0.0022666     0.0036620     0.0053731     0.0073256     0.0094208     0.0115474     0.0135944     0.0154624     0.0170720     0.0183683     0.0193226     0.0199304     0.0202068     0.0201822     0.0198963     0.0193934     0.0187184     0.0179141     0.0170189     0.0160664     0.0150846     0.0140961     0.0131187     0.0121659     0.0112476     0.0103706     0.0095392     0.0087558     0.0080213     0.0073356     0.0066975     0.0061054     0.0055572     0.0050503     0.0045824     0.0041507     0.0037526     0.0033855     0.0030469     0.0027343     0.0024455     0.0021783     0.0019308     0.0017012     0.0014878     0.0012894     0.0011048     0.0009330     0.0007734     0.0006254     0.0004887     0.0003634     0.0002493     0.0001466     0.0000556    -0.0000235    -0.0000905    -0.0001456    -0.0001887    -0.0002203    -0.0002412    -0.0002521    -0.0002543    -0.0002491    -0.0002380    -0.0002225    -0.0002041    -0.0001841    -0.0001636    -0.0001436    -0.0001245    -0.0001070    -0.0000911    -0.0000770    -0.0000646    -0.0000538    -0.0000445    -0.0000366    -0.0000299    -0.0000243    -0.0000196    -0.0000157    -0.0000124    -0.0000098    -0.0000077    -0.0000060    -0.0000046    -0.0000035    -0.0000027    -0.0000020    -0.0000015    -0.0000011    -0.0000008    -0.0000006    -0.0000004    -0.0000003
     0.0000224     0.0001764     0.0005791     0.0013205     0.0024538     0.0039901     0.0058977     0.0081066     0.0105168     0.0130100     0.0154624     0.0177570     0.0197938     0.0214975     0.0228203     0.0237423     0.0242684     0.0244236     0.0242469     0.0237861     0.0230926     0.0222172     0.0212076     0.0201062     0.0189496     0.0177684     0.0165868     0.0154241     0.0142946     0.0132088     0.0121736     0.0111936     0.0102710     0.0094064     0.0085994     0.0078485     0.0071514     0.0065056     0.0059083     0.0053562     0.0048463     0.0043754     0.0039405     0.0035385     0.0031667     0.0028224     0.0025031     0.0022067     0.0019311     0.0016745     0.0014357     0.0012133     0.0010066     0.0008148     0.0006377     0.0004751     0.0003271     0.0001938     0.0000757    -0.0000271    -0.0001143    -0.0001858    -0.0002420    -0.0002833    -0.0003105    -0.0003249    -0.0003280    -0.0003214    -0.0003073    -0.0002874    -0.0002637    -0.0002379    -0.0002115    -0.0001856    -0.0001610    -0.0001383    -0.0001178    -0.0000995    -0.0000835    -0.0000696    -0.0000576    -0.0000474    -0.0000387    -0.0000314    -0.0000253    -0.0000203    -0.0000161    -0.0000127    -0.0000099    -0.0000077    -0.0000060    -0.0000046    -0.0000035    -0.0000026    -0.0000019    -0.0000014    -0.0000011    -0.0000008    -0.0000006    -0.0000004
     0.0000233     0.0001835     0.0006041     0.0013831     0.0025832     0.0042262     0.0062906     0.0087141     0.0114008     0.0142307     0.0170720     0.0197938     0.0222779     0.0244275     0.0261736     0.0274770     0.0283273     0.0287389     0.0287458     0.0283955     0.0277430     0.0268458     0.0257600     0.0245373     0.0232239     0.0218588     0.0204747     0.0190973     0.0177471     0.0164390     0.0151839     0.0139891     0.0128588     0.0117954     0.0107992     0.0098692     0.0090036     0.0081996     0.0074543     0.0067641     0.0061255     0.0055349     0.0049885     0.0044829     0.0040146     0.0035804     0.0031774     0.0028029     0.0024543     0.0021297     0.0018272     0.0015455     0.0012833     0.0010400     0.0008152     0.0006087     0.0004206     0.0002513     0.0001011    -0.0000297    -0.0001407    -0.0002319    -0.0003036    -0.0003563    -0.0003912    -0.0004098    -0.0004140    -0.0004060    -0.0003883    -0.0003633    -0.0003335    -0.0003009    -0.0002676    -0.0002348    -0.0002038    -0.0001751    -0.0001491    -0.0001260    -0.0001057    -0.0000881    -0.0000729    -0.0000600    -0.0000490    -0.0000398    -0.0000321    -0.0000257    -0.0000204    -0.0000161    -0.0000126    -0.0000098    -0.0000076    -0.0000058    -0.0000044    -0.0000033    -0.0000025    -0.0000018    -0.0000013    -0.0000010    -0.0000007    -0.0000005
     0.0000236     0.0001866     0.0006160     0.0014156     0.0026565     0.0043708     0.0065483     0.0091379     0.0120516     0.0151731     0.0183683     0.0214975     0.0244275     0.0270422     0.0292506     0.0309917     0.0322354     0.0329808     0.0332515     0.0330898     0.0325506     0.0316953     0.0305868     0.0292856     0.0278472     0.0263202     0.0247463     0.0231595     0.0215872     0.0200504     0.0185647     0.0171414     0.0157877     0.0145079     0.0133042     0.0121764     0.0111234     0.0101426     0.0092311     0.0083852     0.0076009     0.0068742     0.0062008     0.0055767     0.0049980     0.0044607     0.0039614     0.0034969     0.0030642     0.0026608     0.0022847     0.0019341     0.0016076     0.0013045     0.0010242     0.0007666     0.0005319     0.0003205     0.0001328    -0.0000306    -0.0001694    -0.0002836    -0.0003735    -0.0004397    -0.0004837    -0.0005074    -0.0005130    -0.0005034    -0.0004817    -0.0004509    -0.0004140    -0.0003737    -0.0003324    -0.0002918    -0.0002532    -0.0002176    -0.0001854    -0.0001567    -0.0001315    -0.0001096    -0.0000907    -0.0000746    -0.0000610    -0.0000495    -0.0000399    -0.0000319    -0.0000254    -0.0000200    -0.0000157    -0.0000122    -0.0000094    -0.0000072    -0.0000055    -0.0000041    -0.0000031    -0.0000023    -0.0000017    -0.0000012    -0.0000009    -0.0000006
     0.0000236     0.0001863     0.0006164     0.0014212     0.0026785     0.0044299     0.0066771     0.0093814     0.0124663     0.0158237     0.0193226     0.0228203     0.0261736     0.0292506     0.0319400     0.0341581     0.0358528     0.0370031     0.0376172     0.0377270     0.0373824     0.0366448     0.0355811     0.0342587     0.0327417     0.0310886     0.0293506     0.0275708     0.0257850     0.0240214     0.0223016     0.0206418     0.0190534     0.0175438     0.0161170     0.0147750     0.0135173     0.0123423     0.0112472     0.0102284     0.0092816     0.0084025     0.0075865     0.0068289     0.0061253     0.0054712     0.0048626     0.0042956     0.0037670     0.0032738     0.0028134     0.0023839     0.0019837     0.0016118     0.0012678     0.0009515     0.0006631     0.0004031     0.0001723    -0.0000289    -0.0002000    -0.0003408    -0.0004517    -0.0005337    -0.0005883    -0.0006180    -0.0006255    -0.0006143    -0.0005881    -0.0005507    -0.0005059    -0.0004568    -0.0004063    -0.0003568    -0.0003097    -0.0002662    -0.0002268    -0.0001917    -0.0001609    -0.0001341    -0.0001110    -0.0000913    -0.0000746    -0.0000606    -0.0000488    -0.0000391    -0.0000311    -0.0000245    -0.0000192    -0.0000149    -0.0000115    -0.0000088    -0.0000067    -0.0000050    -0.0000038    -0.0000028    -0.0000020    -0.0000015    -0.0000011    -0.0000008
     0.0000231     0.0001830     0.0006070     0.0014040     0.0026563     0.0044140     0.0066898     0.0094584     0.0126567     0.0161884     0.0199304     0.0237423     0.0274770     0.0309917     0.0341581     0.0368717     0.0390570     0.0406705     0.0417004     0.0421632     0.0420983     0.0415622     0.0406218     0.0393485     0.0378136     0.0360842     0.0342211     0.0322775     0.0302979     0.0283191     0.0263701     0.0244732     0.0226448     0.0208964     0.0192352     0.0176653     0.0161883     0.0148034     0.0135086     0.0123005     0.0111751     0.0101278     0.0091536     0.0082474     0.0074044     0.0066195     0.0058881     0.0052059     0.0045692     0.0039743     0.0034186     0.0028996     0.0024158     0.0019658     0.0015493     0.0011660     0.0008163     0.0005010     0.0002207    -0.0000237    -0.0002316    -0.0004030    -0.0005382    -0.0006383    -0.0007053    -0.0007420    -0.0007519    -0.0007390    -0.0007080    -0.0006633    -0.0006095    -0.0005506    -0.0004899    -0.0004302    -0.0003735    -0.0003211    -0.0002736    -0.0002313    -0.0001941    -0.0001618    -0.0001340    -0.0001103    -0.0000901    -0.0000732    -0.0000590    -0.0000472    -0.0000375    -0.0000296    -0.0000232    -0.0000180    -0.0000139    -0.0000107    -0.0000081    -0.0000061    -0.0000045    -0.0000034    -0.0000025    -0.0000018    -0.0000013    -0.0000009
     0.0000224     0.0001775     0.0005900     0.0013682     0.0025977     0.0043350     0.0066031     0.0093894     0.0126452     0.0162881     0.0202068     0.0242684     0.0283273     0.0322354     0.0358528     0.0390570     0.0417508     0.0438673     0.0453718     0.0462608     0.0465581     0.0463101     0.0455786     0.0444353     0.0429553     0.0412128     0.0392774     0.0372118     0.0350704     0.0328992     0.0307356     0.0286092     0.0265426     0.0245524     0.0226501     0.0208431     0.0191350     0.0175270     0.0160183     0.0146062     0.0132870     0.0120562     0.0109088     0.0098393     0.0088423     0.0079125     0.0070448     0.0062343     0.0054767     0.0047683     0.0041056     0.0034862     0.0029082     0.0023703     0.0018719     0.0014130     0.0009942     0.0006161     0.0002799    -0.0000135    -0.0002634    -0.0004696    -0.0006325    -0.0007534    -0.0008347    -0.0008796    -0.0008924    -0.0008780    -0.0008417    -0.0007890    -0.0007253    -0.0006554    -0.0005834    -0.0005124    -0.0004450    -0.0003826    -0.0003261    -0.0002757    -0.0002314    -0.0001930    -0.0001598    -0.0001315    -0.0001075    -0.0000873    -0.0000704    -0.0000563    -0.0000448    -0.0000354    -0.0000277    -0.0000215    -0.0000166    -0.0000127    -0.0000097    -0.0000073    -0.0000054    -0.0000040    -0.0000029    -0.0000021    -0.0000015    -0.0000011
     0.0000215     0.0001703     0.0005670     0.0013182     0.0025107     0.0042058     0.0064352     0.0091982     0.0124602     0.0161539     0.0201822     0.0244236     0.0287389     0.0329808     0.0370031     0.0406705     0.0438673     0.0465043     0.0485231     0.0498970     0.0506303     0.0507534     0.0503184     0.0493918     0.0480490     0.0463682     0.0444258     0.0422932     0.0400346     0.0377054     0.0353524     0.0330136     0.0307189     0.0284912     0.0263471     0.0242982     0.0223515     0.0205106     0.0187764     0.0171475     0.0156209     0.0141926     0.0128575     0.0116103     0.0104453     0.0093567     0.0083390     0.0073869     0.0064957     0.0056612     0.0048798     0.0041486     0.0034655     0.0028293     0.0022394     0.0016958     0.0011992     0.0007507     0.0003515     0.0000029    -0.0002943    -0.0005398    -0.0007341    -0.0008787    -0.0009763    -0.0010309    -0.0010473    -0.0010314    -0.0009895    -0.0009282    -0.0008536    -0.0007717    -0.0006870    -0.0006037    -0.0005244    -0.0004509    -0.0003844    -0.0003251    -0.0002729    -0.0002276    -0.0001885    -0.0001551    -0.0001268    -0.0001030    -0.0000830    -0.0000665    -0.0000529    -0.0000417    -0.0000327    -0.0000254    -0.0000196    -0.0000150    -0.0000114    -0.0000086    -0.0000064    -0.0000047    -0.0000035    -0.0000025    -0.0000018    -0.0000013
     0.0000204     0.0001620     0.0005400     0.0012580     0.0024026     0.0040385     0.0062042     0.0089094     0.0121329     0.0158225     0.0198963     0.0242469     0.0287458     0.0332515     0.0376172     0.0417004     0.0453718     0.0485231     0.0510730     0.0529712     0.0541989     0.0547668     0.0547115     0.0540896     0.0529715     0.0514356     0.0495622     0.0474296     0.0451106     0.0426700     0.0401642     0.0376404     0.0351369     0.0326840     0.0303044     0.0280150     0.0258270     0.0237473     0.0217792     0.0199232     0.0181777     0.0165394     0.0150037     0.0135653     0.0122186     0.0109576     0.0097765     0.0086696     0.0076319     0.0066587     0.0057463     0.0048915     0.0040922     0.0033470     0.0026553     0.0020175     0.0014343     0.0009072     0.0004377     0.0000272    -0.0003230    -0.0006127    -0.0008423    -0.0010137    -0.0011299    -0.0011956    -0.0012165    -0.0011993    -0.0011516    -0.0010809    -0.0009946    -0.0008995    -0.0008011    -0.0007041    -0.0006118    -0.0005262    -0.0004486    -0.0003794    -0.0003186    -0.0002657    -0.0002201    -0.0001812    -0.0001481    -0.0001203    -0.0000970    -0.0000777    -0.0000618    -0.0000488    -0.0000382    -0.0000297    -0.0000229    -0.0000176    -0.0000133    -0.0000100    -0.0000075    -0.0000056    -0.0000041    -0.0000030    -0.0000021    -0.0000015
     0.0000192     0.0001528     0.0005102     0.0011909     0.0022801     0.0038442     0.0059270     0.0085469     0.0116946     0.0153321     0.0193934     0.0237861     0.0283955     0.0330898     0.0377270     0.0421632     0.0462608     0.0498970     0.0529712     0.0554101     0.0571709     0.0582416     0.0586390     0.0584047     0.0575992     0.0562959     0.0545753     0.0525196     0.0502082     0.0477145     0.0451041     0.0424338     0.0397508     0.0370938     0.0344929     0.0319711     0.0295448     0.0272252     0.0250190     0.0229291     0.0209557     0.0190970     0.0173491     0.0157074     0.0141663     0.0127199     0.0113623     0.0100876     0.0088905     0.0077661     0.0067103     0.0057200     0.0047929     0.0039275     0.0031236     0.0023816     0.0017026     0.0010883     0.0005407     0.0000615    -0.0003479    -0.0006869    -0.0009561    -0.0011576    -0.0012950    -0.0013735    -0.0013998    -0.0013817    -0.0013279    -0.0012473    -0.0011484    -0.0010390    -0.0009257    -0.0008139    -0.0007073    -0.0006085    -0.0005189    -0.0004390    -0.0003687    -0.0003075    -0.0002548    -0.0002098    -0.0001715    -0.0001393    -0.0001124    -0.0000900    -0.0000716    -0.0000565    -0.0000443    -0.0000345    -0.0000266    -0.0000204    -0.0000155    -0.0000116    -0.0000087    -0.0000064    -0.0000047    -0.0000034    -0.0000025    -0.0000018
     0.0000180     0.0001433     0.0004790     0.0011199     0.0021487     0.0036324     0.0056184     0.0081320     0.0111742     0.0147201     0.0187184     0.0230926     0.0277430     0.0325506     0.0373824     0.0420983     0.0465581     0.0506303     0.0541989     0.0571709     0.0594805     0.0610918     0.0619993     0.0622248     0.0618141     0.0608307     0.0593505     0.0574555     0.0552290     0.0527509     0.0500952     0.0473277     0.0445052     0.0416750     0.0388756     0.0361372     0.0334824     0.0309276     0.0284836     0.0261568     0.0239500     0.0218630     0.0198936     0.0180380     0.0162910     0.0146473     0.0131007     0.0116456     0.0102764     0.0089882     0.0077767     0.0066388     0.0055720     0.0045752     0.0036482     0.0027917     0.0020072     0.0012969     0.0006630     0.0001078    -0.0003671    -0.0007610    -0.0010744    -0.0013097    -0.0014709    -0.0015641    -0.0015968    -0.0015783    -0.0015184    -0.0014273    -0.0013149    -0.0011902    -0.0010609    -0.0009330    -0.0008111    -0.0006980    -0.0005953    -0.0005037    -0.0004231    -0.0003530    -0.0002925    -0.0002408    -0.0001970    -0.0001600    -0.0001291    -0.0001034    -0.0000823    -0.0000650    -0.0000509    -0.0000396    -0.0000306    -0.0000234    -0.0000178    -0.0000134    -0.0000100    -0.0000074    -0.0000054    -0.0000040    -0.0000029    -0.0000020
     0.0000168     0.0001336     0.0004472     0.0010471     0.0020130     0.0034109     0.0052908     0.0076832     0.0105976     0.0140204     0.0179141     0.0222172     0.0268458     0.0316953     0.0366448     0.0415622     0.0463101     0.0507534     0.0547668     0.0582416     0.0610918     0.0632589     0.0647134     0.0654550     0.0655102     0.0649280     0.0637746     0.0621273     0.0600693     0.0576842     0.0550523     0.0522476     0.0493358     0.0463734     0.0434077     0.0404768     0.0376107     0.0348317     0.0321560     0.0295940     0.0271519     0.0248322     0.0226345     0.0205564     0.0185938     0.0167419     0.0149950     0.0133475     0.0117941     0.0103297     0.0089503     0.0076525     0.0064343     0.0052945     0.0042333     0.0032517     0.0023518     0.0015361     0.0008074     0.0001685    -0.0003787    -0.0008332    -0.0011957    -0.0014686    -0.0016566    -0.0017665    -0.0018071    -0.0017887    -0.0017226    -0.0016206    -0.0014940    -0.0013530    -0.0012065    -0.0010615    -0.0009230    -0.0007945    -0.0006778    -0.0005736    -0.0004820    -0.0004022    -0.0003333    -0.0002745    -0.0002245    -0.0001824    -0.0001472    -0.0001179    -0.0000938    -0.0000741    -0.0000581    -0.0000452    -0.0000349    -0.0000267    -0.0000203    -0.0000153    -0.0000114    -0.0000085    -0.0000062    -0.0000045    -0.0000033    -0.0000023
     0.0000156     0.0001241     0.0004156     0.0009744     0.0018763     0.0031861     0.0049545     0.0072160     0.0099868     0.0132629     0.0170189     0.0212076     0.0257600     0.0305868     0.0355811     0.0406218     0.0455786     0.0503184     0.0547115     0.0586390     0.0619993     0.0647134     0.0667291     0.0680228     0.0685991     0.0684881     0.0677415     0.0664272     0.0646237     0.0624145     0.0598836     0.0571108     0.0541700     0.0511263     0.0480360     0.0449458     0.0418936     0.0389088     0.0360136     0.0332236     0.0305490     0.0279958     0.0255662     0.0232597     0.0210738     0.0190045     0.0170470     0.0151962     0.0134470     0.0117947     0.0102352     0.0087657     0.0073840     0.0060896     0.0048828     0.0037654     0.0027397     0.0018091     0.0009768     0.0002462    -0.0003804    -0.0009016    -0.0013182    -0.0016330    -0.0018510    -0.0019799    -0.0020298    -0.0020123    -0.0019402    -0.0018270    -0.0016854    -0.0015273    -0.0013625    -0.0011992    -0.0010431    -0.0008981    -0.0007663    -0.0006487    -0.0005452    -0.0004550    -0.0003772    -0.0003106    -0.0002541    -0.0002065    -0.0001666    -0.0001335    -0.0001063    -0.0000839    -0.0000658    -0.0000512    -0.0000395    -0.0000303    -0.0000230    -0.0000173    -0.0000129    -0.0000096    -0.0000070    -0.0000051    -0.0000037    -0.0000026
     0.0000144     0.0001148     0.0003847     0.0009030     0.0017416     0.0029629     0.0046176     0.0067428     0.0093599     0.0124728     0.0160664     0.0201062     0.0245373     0.0292856     0.0342587     0.0393485     0.0444353     0.0493918     0.0540896     0.0584047     0.0622248     0.0654550     0.0680228     0.0698822     0.0710145     0.0714284     0.0711571     0.0702544     0.0687894     0.0668411     0.0644932     0.0618289     0.0589280     0.0558634     0.0526997     0.0494926     0.0462881     0.0431236     0.0400281     0.0370232     0.0341243     0.0313413     0.0286799     0.0261422     0.0237277     0.0214339     0.0192573     0.0171934     0.0152378     0.0133864     0.0116354     0.0099823     0.0084255     0.0069648     0.0056011     0.0043368     0.0031749     0.0021194     0.0011744     0.0003438    -0.0003695    -0.0009640    -0.0014402    -0.0018012    -0.0020526    -0.0022032    -0.0022640    -0.0022482    -0.0021705    -0.0020458    -0.0018888    -0.0017126    -0.0015286    -0.0013459    -0.0011711    -0.0010086    -0.0008608    -0.0007289    -0.0006127    -0.0005114    -0.0004241    -0.0003493    -0.0002858    -0.0002323    -0.0001875    -0.0001503    -0.0001196    -0.0000945    -0.0000741    -0.0000576    -0.0000445    -0.0000341    -0.0000259    -0.0000195    -0.0000146    -0.0000108    -0.0000079    -0.0000058    -0.0000042    -0.0000030
     0.0000133     0.0001058     0.0003550     0.0008341     0.0016108     0.0027448     0.0042861     0.0062733     0.0087314     0.0116706     0.0150846     0.0189496     0.0232239     0.0278472     0.0327417     0.0378136     0.0429553     0.0480490     0.0529715     0.0575992     0.0618141     0.0655102     0.0685991     0.0710145     0.0727155     0.0736882     0.0739447     0.0735206     0.0724711     0.0708662     0.0687847     0.0663100     0.0635248     0.0605077     0.0573308     0.0540580     0.0507439     0.0474341     0.0441650     0.0409652     0.0378558     0.0348519     0.0319631     0.0291950     0.0265497     0.0240269     0.0216245     0.0193394     0.0171682     0.0151073     0.0131539     0.0113060     0.0095625     0.0079240     0.0063921     0.0049698     0.0036610     0.0024707     0.0014036     0.0004643    -0.0003434    -0.0010179    -0.0015594    -0.0019713    -0.0022599    -0.0024348    -0.0025084    -0.0024956    -0.0024127    -0.0022765    -0.0021034    -0.0019084    -0.0017043    -0.0015012    -0.0013067    -0.0011257    -0.0009611    -0.0008140    -0.0006843    -0.0005714    -0.0004739    -0.0003904    -0.0003195    -0.0002597    -0.0002097    -0.0001681    -0.0001338    -0.0001057    -0.0000829    -0.0000645    -0.0000498    -0.0000382    -0.0000290    -0.0000219    -0.0000163    -0.0000121    -0.0000089    -0.0000065    -0.0000047    -0.0000033
     0.0000122     0.0000973     0.0003266     0.0007682     0.0014853     0.0025346     0.0039648     0.0058149     0.0081125     0.0108726     0.0140961     0.0177684     0.0218588     0.0263202     0.0310886     0.0360842     0.0412128     0.0463682     0.0514356     0.0562959     0.0608307     0.0649280     0.0684881     0.0714284     0.0736882     0.0752317     0.0760486     0.0761540     0.0755855     0.0743991     0.0726651     0.0704619     0.0678721     0.0649772     0.0618550     0.0585763     0.0552038     0.0517913     0.0483833     0.0450157     0.0417163     0.0385059     0.0353992     0.0324058     0.0295311     0.0267775     0.0241452     0.0216328     0.0192381     0.0169588     0.0147931     0.0127397     0.0107986     0.0089710     0.0072596     0.0056683     0.0042020     0.0028665     0.0016677     0.0006111    -0.0002992    -0.0010606    -0.0016734    -0.0021413    -0.0024710    -0.0026732    -0.0027618    -0.0027532    -0.0026656    -0.0025180    -0.0023287    -0.0021143    -0.0018892    -0.0016648    -0.0014497    -0.0012493    -0.0010669    -0.0009038    -0.0007601    -0.0006347    -0.0005265    -0.0004339    -0.0003551    -0.0002887    -0.0002331    -0.0001869    -0.0001488    -0.0001176    -0.0000922    -0.0000718    -0.0000554    -0.0000425    -0.0000323    -0.0000243    -0.0000182    -0.0000135    -0.0000099    -0.0000072    -0.0000052    -0.0000037
     0.0000112     0.0000893     0.0002998     0.0007057     0.0013659     0.0023340     0.0036566     0.0053727     0.0075114     0.0100913     0.0131187     0.0165868     0.0204747     0.0247463     0.0293506     0.0342211     0.0392774     0.0444258     0.0495622     0.0545753     0.0593505     0.0637746     0.0677415     0.0711571     0.0739447     0.0760486     0.0774372     0.0781038     0.0780656     0.0773615     0.0760483     0.0741957     0.0718817     0.0691875     0.0661935     0.0629758     0.0596041     0.0561398     0.0526355     0.0491348     0.0456729     0.0422768     0.0389671     0.0357581     0.0326595     0.0296770     0.0268135     0.0240699     0.0214459     0.0189409     0.0165540     0.0142855     0.0121364     0.0101091     0.0082072     0.0064360     0.0048014     0.0033106     0.0019704     0.0007873    -0.0002335    -0.0010891    -0.0017796    -0.0023086    -0.0026838    -0.0029166    -0.0030224    -0.0030196    -0.0029283    -0.0027695    -0.0025636    -0.0023293    -0.0020826    -0.0018362    -0.0015995    -0.0013789    -0.0011779    -0.0009982    -0.0008396    -0.0007013    -0.0005819    -0.0004796    -0.0003926    -0.0003193    -0.0002579    -0.0002068    -0.0001646    -0.0001301    -0.0001021    -0.0000795    -0.0000614    -0.0000470    -0.0000358    -0.0000270    -0.0000201    -0.0000149    -0.0000110    -0.0000080    -0.0000058    -0.0000041
     0.0000102     0.0000817     0.0002747     0.0006470     0.0012534     0.0021441     0.0033638     0.0049505     0.0069342     0.0093357     0.0121659     0.0154241     0.0190973     0.0231595     0.0275708     0.0322775     0.0372118     0.0422932     0.0474296     0.0525196     0.0574555     0.0621273     0.0664272     0.0702544     0.0735206     0.0761540     0.0781038     0.0793419     0.0798645     0.0796907     0.0788602     0.0774299     0.0754689     0.0730539     0.0702649     0.0671806     0.0638756     0.0604180     0.0568679     0.0532765     0.0496865     0.0461323     0.0426405     0.0392312     0.0359188     0.0327132     0.0296206     0.0266449     0.0237882     0.0210517     0.0184366     0.0159445     0.0135780     0.0113408     0.0092380     0.0072762     0.0054629     0.0038065     0.0023151     0.0009965    -0.0001433    -0.0011006    -0.0018752    -0.0024709    -0.0028958    -0.0031628    -0.0032885    -0.0032931    -0.0031991    -0.0030296    -0.0028073    -0.0025528    -0.0022838    -0.0020146    -0.0017557    -0.0015141    -0.0012938    -0.0010967    -0.0009227    -0.0007709    -0.0006398    -0.0005274    -0.0004319    -0.0003513    -0.0002837    -0.0002276    -0.0001812    -0.0001433    -0.0001124    -0.0000875    -0.0000676    -0.0000518    -0.0000394    -0.0000297    -0.0000222    -0.0000165    -0.0000121    -0.0000088    -0.0000064    -0.0000045
