     0.0091685     0.0180267     0.0262910     0.0337265     0.0401620     0.0454965     0.0496964     0.0527873     0.0548406     0.0559596     0.0562659     0.0558877     0.0549514     0.0535749     0.0518643     0.0499124     0.0477977     0.0455856     0.0433291     0.0410707     0.0388434     0.0366726     0.0345769     0.0325697     0.0306603     0.0288541     0.0271542     0.0255609     0.0240734     0.0226891     0.0214045     0.0202152     0.0191161     0.0181017     0.0171660     0.0163025     0.0155047     0.0147658     0.0140788     0.0134368     0.0128325     0.0122592     0.0117098     0.0111779     0.0106573     0.0101424     0.0096281     0.0091103     0.0085859     0.0080527     0.0075100     0.0069581     0.0063989     0.0058355     0.0052721     0.0047141     0.0041675     0.0036387     0.0031343     0.0026606     0.0022230     0.0018261     0.0014729     0.0011650     0.0009024     0.0006836     0.0005057     0.0003648     0.0002561     0.0001748     0.0001158     0.0000743     0.0000461     0.0000276     0.0000159     0.0000088     0.0000047     0.0000024     0.0000012     0.0000005     0.0000002     0.0000001     0.0000000     0.0000000     0.0000000     0.0000000     0.0000000     0.0000000     0.0000000     0.0000000     0.0000000     0.0000000     0.0000000     0.0000000     0.0000000     0.0000000     0.0000000     0.0000000     0.0000000     0.0000000
     0.0180267     0.0354552     0.0517371     0.0664159     0.0791558     0.0897542     0.0981383     0.1043496     0.1085200     0.1108452     0.1115582     0.1109078     0.1091403     0.1064876     0.1031594     0.0993396     0.0951850     0.0908264     0.0863705     0.0819029     0.0774905     0.0731846     0.0690237     0.0650352     0.0612381     0.0576441     0.0542594     0.0510858     0.0481214     0.0453616     0.0427997     0.0404270     0.0382337     0.0362087     0.0343402     0.0326156     0.0310218     0.0295452     0.0281721     0.0268884     0.0256800     0.0245331     0.0234340     0.0223697     0.0213279     0.0202972     0.0192677     0.0182313     0.0171814     0.0161141     0.0150277     0.0139230     0.0128038     0.0116761     0.0105486     0.0094318     0.0083379     0.0072797     0.0062705     0.0053227     0.0044472     0.0036531     0.0029464     0.0023305     0.0018051     0.0013674     0.0010115     0.0007296     0.0005123     0.0003497     0.0002316     0.0001485     0.0000921     0.0000551     0.0000318     0.0000176     0.0000093     0.0000048     0.0000023     0.0000011     0.0000005     0.0000002     0.0000001     0.0000000     0.0000000     0.0000000     0.0000000     0.0000000     0.0000000     0.0000000     0.0000000     0.0000000     0.0000000     0.0000000     0.0000000     0.0000000     0.0000000     0.0000000     0.0000000     0.0000000
     0.0262910     0.0517371     0.0755607     0.0971089     0.1158941     0.1316123     0.1441415     0.1535223     0.1599266     0.1636212     0.1649325     0.1642135     0.1618187     0.1580855     0.1533218     0.1477997     0.1417530     0.1353781     0.1288362     0.1222573     0.1157437     0.1093746     0.1032094     0.0972911     0.0916498     0.0863045     0.0812659     0.0765376     0.0721177     0.0680003     0.0641756     0.0606315     0.0573537     0.0543259     0.0515308     0.0489498     0.0465634     0.0443517     0.0422940     0.0403695     0.0385573     0.0368365     0.0351870     0.0335892     0.0320247     0.0304767     0.0289304     0.0273733     0.0257962     0.0241928     0.0225608     0.0209015     0.0192204     0.0175268     0.0158336     0.0141566     0.0125141     0.0109255     0.0094105     0.0079877     0.0066737     0.0054818     0.0044212     0.0034968     0.0027085     0.0020517     0.0015176     0.0010946     0.0007686     0.0005246     0.0003474     0.0002228     0.0001382     0.0000827     0.0000477     0.0000264     0.0000140     0.0000071     0.0000035     0.0000016     0.0000007     0.0000003     0.0000001     0.0000000     0.0000000     0.0000000     0.0000000     0.0000000     0.0000000     0.0000000     0.0000000     0.0000000     0.0000000     0.0000000     0.0000000     0.0000000     0.0000000     0.0000000     0.0000000     0.0000000
     0.0337265     0.0664159     0.0971089     0.1249911     0.1494414     0.1700574     0.1866565     0.1992571     0.2080441     0.2133281     0.2155015     0.2149998     0.2122679     0.2077356     0.2018005     0.1948179     0.1870963     0.1788973     0.1704375     0.1618930     0.1534037     0.1450786     0.1370003     0.1292297     0.1218097     0.1147683     0.1081221     0.1018778     0.0960348     0.0905864     0.0855212     0.0808239     0.0764762     0.0724574     0.0687450     0.0653147     0.0621412     0.0591981     0.0564584     0.0538944     0.0514788     0.0491839     0.0469829     0.0448500     0.0427609     0.0406932     0.0386274     0.0365470     0.0344397     0.0322974     0.0301169     0.0279002     0.0256546     0.0233926     0.0211313     0.0188921     0.0166992     0.0145785     0.0125562     0.0106572     0.0089035     0.0073130     0.0058979     0.0046646     0.0036129     0.0027366     0.0020242     0.0014600     0.0010251     0.0006996     0.0004633     0.0002972     0.0001843     0.0001103     0.0000636     0.0000352     0.0000187     0.0000095     0.0000046     0.0000021     0.0000009     0.0000004     0.0000002     0.0000001     0.0000000     0.0000000     0.0000000     0.0000000     0.0000000     0.0000000     0.0000000     0.0000000     0.0000000     0.0000000     0.0000000     0.0000000     0.0000000     0.0000000     0.0000000     0.0000000
     0.0401620     0.0791558     0.1158941     0.1494414     0.1790675     0.2042780     0.2248205     0.2406694     0.2519940     0.2591159     0.2624630     0.2625247     0.2598138     0.2548351     0.2480638     0.2399308     0.2308153     0.2210426     0.2108853     0.2005672     0.1902681     0.1801293     0.1702597     0.1607402     0.1516289     0.1429654     0.1347737     0.1270655     0.1198428     0.1130997     0.1068237     0.1009976     0.0956000     0.0906062     0.0859891     0.0817194     0.0777661     0.0740968     0.0706784     0.0674771     0.0644586     0.0615891     0.0588354     0.0561654     0.0535490     0.0509586     0.0483699     0.0457627     0.0431215     0.0404364     0.0377036     0.0349258     0.0321122     0.0292784     0.0264461     0.0236419     0.0208959     0.0182409     0.0157094     0.0133326     0.0111380     0.0091477     0.0073771     0.0058341     0.0045185     0.0034224     0.0025314     0.0018257     0.0012819     0.0008748     0.0005793     0.0003715     0.0002304     0.0001379     0.0000795     0.0000440     0.0000234     0.0000119     0.0000058     0.0000027     0.0000012     0.0000005     0.0000002     0.0000001     0.0000000     0.0000000     0.0000000     0.0000000     0.0000000     0.0000000     0.0000000     0.0000000     0.0000000     0.0000000     0.0000000     0.0000000     0.0000000     0.0000000     0.0000000     0.0000000
     0.0454965     0.0897542     0.1316123     0.1700574     0.2042780     0.2336990     0.2579935     0.2770746     0.2910684     0.3002753     0.3051247     0.3061294     0.3038427     0.2988232     0.2916077     0.2826920     0.2725196     0.2614766     0.2498909     0.2380351     0.2261312     0.2143557     0.2028463     0.1917072     0.1810146     0.1708218     0.1611629     0.1520566     0.1435093     0.1355171     0.1280682     0.1211444     0.1147221     0.1087737     0.1032681     0.0981715     0.0934477     0.0890592     0.0849667     0.0811305     0.0775103     0.0740659     0.0707579     0.0675484     0.0644016     0.0612848     0.0581690     0.0550304     0.0518507     0.0486181     0.0453284     0.0419850     0.0385989     0.0351893     0.0317821     0.0284093     0.0251073     0.0219151     0.0188720     0.0160153     0.0133780     0.0109866     0.0088595     0.0070059     0.0054257     0.0041093     0.0030392     0.0021918     0.0015389     0.0010502     0.0006954     0.0004460     0.0002766     0.0001655     0.0000954     0.0000528     0.0000281     0.0000143     0.0000069     0.0000032     0.0000014     0.0000006     0.0000002     0.0000001     0.0000000     0.0000000     0.0000000     0.0000000     0.0000000     0.0000000     0.0000000     0.0000000     0.0000000     0.0000000     0.0000000     0.0000000     0.0000000     0.0000000     0.0000000     0.0000000
     0.0496964     0.0981383     0.1441415     0.1866565     0.2248205     0.2579935     0.2857765     0.3080096     0.3247541     0.3362602     0.3429270     0.3452580     0.3438178     0.3391941     0.3319656     0.3226789     0.3118326     0.2998683     0.2871670     0.2740504     0.2607839     0.2475819     0.2346139     0.2220103     0.2098687     0.1982588     0.1872276     0.1768030     0.1669978     0.1578123     0.1492367     0.1412533     0.1338374     0.1269594     0.1205852     0.1146771     0.1091947     0.1040953     0.0993346     0.0948670     0.0906465     0.0866269     0.0827632     0.0790115     0.0753306     0.0716830     0.0680353     0.0643601     0.0606363     0.0568507     0.0529986     0.0490840     0.0451204     0.0411301     0.0371434     0.0331978     0.0293360     0.0256034     0.0220458     0.0187069     0.0156248     0.0128306     0.0103456     0.0081805     0.0063348     0.0047974     0.0035480     0.0025586     0.0017963     0.0012257     0.0008116     0.0005205     0.0003227     0.0001931     0.0001113     0.0000616     0.0000327     0.0000166     0.0000081     0.0000037     0.0000016     0.0000007     0.0000003     0.0000001     0.0000000     0.0000000     0.0000000     0.0000000     0.0000000     0.0000000     0.0000000     0.0000000     0.0000000     0.0000000     0.0000000     0.0000000     0.0000000     0.0000000     0.0000000     0.0000000
     0.0527873     0.1043496     0.1535223     0.1992571     0.2406694     0.2770746     0.3080096     0.3332387     0.3527443     0.3667046     0.3754600     0.3794745     0.3792946     0.3755097     0.3687185     0.3595007     0.3483973     0.3358974     0.3224309     0.3083666     0.2940142     0.2796276     0.2654107     0.2515234     0.2380874     0.2251922     0.2129003     0.2012516     0.1902677     0.1799551     0.1703079     0.1613101     0.1529378     0.1451602     0.1379413     0.1312405     0.1250137     0.1192140     0.1137922     0.1086977     0.1038789     0.0992844     0.0948632     0.0905664     0.0863475     0.0821642     0.0779791     0.0737612     0.0694871     0.0651421     0.0607212     0.0562293     0.0516821     0.0471053     0.0425339     0.0380109     0.0335849     0.0293080     0.0252327     0.0214086     0.0178795     0.0146806     0.0118361     0.0093581     0.0072461     0.0054871     0.0040578     0.0029260     0.0020541     0.0014015     0.0009279     0.0005951     0.0003690     0.0002208     0.0001272     0.0000704     0.0000374     0.0000190     0.0000092     0.0000043     0.0000019     0.0000008     0.0000003     0.0000001     0.0000000     0.0000000     0.0000000     0.0000000     0.0000000     0.0000000     0.0000000     0.0000000     0.0000000     0.0000000     0.0000000     0.0000000     0.0000000     0.0000000     0.0000000     0.0000000
     0.0548406     0.1085200     0.1599266     0.2080441     0.2519940     0.2910684     0.3247541     0.3527443     0.3749383     0.3914279     0.4024743     0.4084765     0.4099348     0.4074136     0.4015069     0.3928076     0.3818832     0.3692591     0.3554069     0.3407391     0.3256081     0.3103081     0.2950795     0.2801138     0.2655604     0.2515313     0.2381076     0.2253440     0.2132735     0.2019108     0.1912560     0.1812971     0.1720119     0.1633701     0.1553349     0.1478637     0.1409097     0.1344223     0.1283482     0.1226323     0.1172182     0.1120491     0.1070692     0.1022242     0.0974630     0.0927387     0.0880100     0.0832428     0.0784115     0.0734999     0.0685030     0.0634268     0.0582893     0.0531197     0.0479576     0.0428516     0.0378566     0.0330312     0.0284343     0.0241219     0.0201431     0.0165372     0.0133315     0.0105394     0.0081599     0.0061786     0.0045687     0.0032941     0.0023123     0.0015777     0.0010445     0.0006698     0.0004153     0.0002484     0.0001432     0.0000793     0.0000421     0.0000214     0.0000104     0.0000048     0.0000021     0.0000009     0.0000003     0.0000001     0.0000000     0.0000000     0.0000000     0.0000000     0.0000000     0.0000000     0.0000000     0.0000000     0.0000000     0.0000000     0.0000000     0.0000000     0.0000000     0.0000000     0.0000000     0.0000000
     0.0559596     0.1108452     0.1636212     0.2133281     0.2591159     0.3002753     0.3362602     0.3667046     0.3914279     0.4104316     0.4238853     0.4321038     0.4355182     0.4346429     0.4300427     0.4223015     0.4119951     0.3996710     0.3858322     0.3709285     0.3553518     0.3394357     0.3234575     0.3076428     0.2921706     0.2771786     0.2627694     0.2490154     0.2359634     0.2236391     0.2120509     0.2011922     0.1910446     0.1815798     0.1727614     0.1645460     0.1568849     0.1497249     0.1430093     0.1366791     0.1306734     0.1249309     0.1193911     0.1139950     0.1086870     0.1034160     0.0981372     0.0928136     0.0874173     0.0819313     0.0763505     0.0706823     0.0649470     0.0591775     0.0534182     0.0477232     0.0421537     0.0367749     0.0316524     0.0268481     0.0224165     0.0184012     0.0148323     0.0117245     0.0090765     0.0068719     0.0050808     0.0036630     0.0025711     0.0017541     0.0011612     0.0007446     0.0004616     0.0002761     0.0001591     0.0000881     0.0000468     0.0000238     0.0000115     0.0000053     0.0000023     0.0000010     0.0000004     0.0000001     0.0000000     0.0000000     0.0000000     0.0000000     0.0000000     0.0000000     0.0000000     0.0000000     0.0000000     0.0000000     0.0000000     0.0000000     0.0000000     0.0000000     0.0000000     0.0000000
     0.0562659     0.1115582     0.1649325     0.2155015     0.2624630     0.3051247     0.3429270     0.3754600     0.4024743     0.4238853     0.4397673     0.4503403     0.4559493     0.4570381     0.4541195     0.4477462     0.4384822     0.4268802     0.4134618     0.3987047     0.3830345     0.3668210     0.3503780     0.3339655     0.3177940     0.3020294     0.2867985     0.2721939     0.2582793     0.2450940     0.2326565     0.2209682     0.2100162     0.1997759     0.1902125     0.1812834     0.1729389     0.1651242     0.1577801     0.1508441     0.1442518     0.1379380     0.1318376     0.1258877     0.1200284     0.1142049     0.1083691     0.1024812     0.0965118     0.0904430     0.0842698     0.0780011     0.0716598     0.0652827     0.0589190     0.0526284     0.0464785     0.0405411     0.0348883     0.0295882     0.0247006     0.0202734     0.0163392     0.0129140     0.0099961     0.0075672     0.0055944     0.0040329     0.0028304     0.0019308     0.0012781     0.0008195     0.0005080     0.0003039     0.0001751     0.0000969     0.0000515     0.0000262     0.0000127     0.0000059     0.0000026     0.0000011     0.0000004     0.0000002     0.0000001     0.0000000     0.0000000     0.0000000     0.0000000     0.0000000     0.0000000     0.0000000     0.0000000     0.0000000     0.0000000     0.0000000     0.0000000     0.0000000     0.0000000     0.0000000
     0.0558877     0.1109078     0.1642135     0.2149998     0.2625247     0.3061294     0.3452580     0.3794745     0.4084765     0.4321038     0.4503403     0.4633089     0.4712594     0.4745498     0.4736223     0.4689777     0.4611480     0.4506726     0.4380762     0.4238526     0.4084524     0.3922763     0.3756715     0.3589317     0.3422999     0.3259716     0.3100998     0.2948004     0.2801562     0.2662225     0.2530308     0.2405924     0.2289021     0.2179404     0.2076761     0.1980684     0.1890682     0.1806198     0.1726625     0.1651314     0.1579591     0.1510768     0.1444160     0.1379099     0.1314949     0.1251130     0.1187130     0.1122529     0.1057017     0.0990410     0.0922663     0.0853881     0.0784322     0.0714392     0.0644633     0.0575700     0.0508333     0.0443316     0.0381436     0.0323435     0.0269964     0.0221542     0.0178524     0.0141080     0.0109189     0.0082648     0.0061093     0.0044036     0.0030903     0.0021079     0.0013952     0.0008945     0.0005544     0.0003316     0.0001911     0.0001058     0.0000562     0.0000285     0.0000138     0.0000064     0.0000028     0.0000012     0.0000005     0.0000002     0.0000001     0.0000000     0.0000000     0.0000000     0.0000000     0.0000000     0.0000000     0.0000000     0.0000000     0.0000000     0.0000000     0.0000000     0.0000000     0.0000000     0.0000000     0.0000000
     0.0549514     0.1091403     0.1618187     0.2122679     0.2598138     0.3038427     0.3438178     0.3792946     0.4099348     0.4355182     0.4559493     0.4712594     0.4816016     0.4872400     0.4885331     0.4859125     0.4798596     0.4708817     0.4594896     0.4461788     0.4314141     0.4156187     0.3991684     0.3823880     0.3655518     0.3488857     0.3325708     0.3167477     0.3015211     0.2869646     0.2731250     0.2600259     0.2476717     0.2360501     0.2251352     0.2148893     0.2052652     0.1962078     0.1876556     0.1795422     0.1717981     0.1643517     0.1571315     0.1500674     0.1430928     0.1361466     0.1291752     0.1221347     0.1149927     0.1077307     0.1003449     0.0928477     0.0852680     0.0776502     0.0700539     0.0625503     0.0552199     0.0481479     0.0414194     0.0351149     0.0293045     0.0240443     0.0193724     0.0153069     0.0118451     0.0089647     0.0066259     0.0047754     0.0033508     0.0022853     0.0015125     0.0009696     0.0006009     0.0003594     0.0002071     0.0001146     0.0000609     0.0000309     0.0000150     0.0000069     0.0000030     0.0000013     0.0000005     0.0000002     0.0000001     0.0000000     0.0000000     0.0000000     0.0000000     0.0000000     0.0000000     0.0000000     0.0000000     0.0000000     0.0000000     0.0000000     0.0000000     0.0000000     0.0000000     0.0000000
     0.0535749     0.1064876     0.1580855     0.2077356     0.2548351     0.2988232     0.3391941     0.3755097     0.4074136     0.4346429     0.4570381     0.4745498     0.4872400     0.4952785     0.4989327     0.4985534     0.4945555     0.4873970     0.4775578     0.4655191     0.4517464     0.4366754     0.4207027     0.4041795     0.3874089     0.3706463     0.3541013     0.3379407     0.3222929     0.3072522     0.2928828     0.2792228     0.2662882     0.2540762     0.2425675     0.2317296     0.2215184     0.2118805     0.2027549     0.1940748     0.1857692     0.1777646     0.1699872     0.1623643     0.1548266     0.1473107     0.1397607     0.1321313     0.1243894     0.1165164     0.1085096     0.1003835     0.0921701     0.0839185     0.0756930     0.0675712     0.0596399     0.0519912     0.0447167     0.0379030     0.0316254     0.0259440     0.0208995     0.0165108     0.0127748     0.0096669     0.0071439     0.0051481     0.0036119     0.0024631     0.0016300     0.0010448     0.0006475     0.0003873     0.0002231     0.0001235     0.0000656     0.0000333     0.0000162     0.0000075     0.0000033     0.0000014     0.0000005     0.0000002     0.0000001     0.0000000     0.0000000     0.0000000     0.0000000     0.0000000     0.0000000     0.0000000     0.0000000     0.0000000     0.0000000     0.0000000     0.0000000     0.0000000     0.0000000     0.0000000
     0.0518643     0.1031594     0.1533218     0.2018005     0.2480638     0.2916077     0.3319656     0.3687185     0.4015069     0.4300427     0.4541195     0.4736223     0.4885331     0.4989327     0.5049976     0.5069914     0.5052514     0.5001724     0.4921869     0.4817461     0.4693016     0.4552891     0.4401163     0.4241534     0.4077281     0.3911227     0.3745743     0.3582765     0.3423827     0.3270093     0.3122399     0.2981295     0.2847079     0.2719831     0.2599450     0.2485674     0.2378112     0.2276258     0.2179521     0.2087238     0.1998695     0.1913147     0.1829838     0.1748022     0.1666988     0.1586081     0.1504728     0.1422463     0.1338952     0.1254013     0.1167633     0.1079981     0.0991412     0.0902460     0.0813824     0.0726341     0.0640945     0.0558624     0.0480362     0.0407083     0.0339594     0.0278535     0.0224337     0.0177198     0.0137081     0.0103715     0.0076635     0.0055218     0.0038736     0.0026413     0.0017477     0.0011201     0.0006941     0.0004151     0.0002391     0.0001323     0.0000703     0.0000357     0.0000173     0.0000080     0.0000035     0.0000015     0.0000006     0.0000002     0.0000001     0.0000000     0.0000000     0.0000000     0.0000000     0.0000000     0.0000000     0.0000000     0.0000000     0.0000000     0.0000000     0.0000000     0.0000000     0.0000000     0.0000000     0.0000000
     0.0499124     0.0993396     0.1477997     0.1948179     0.2399308     0.2826920     0.3226789     0.3595007     0.3928076     0.4223015     0.4477462     0.4689777     0.4859125     0.4985534     0.5069914     0.5114027     0.5120421     0.5092306     0.5033403     0.4947776     0.4839652     0.4713250     0.4572643     0.4421633     0.4263673     0.4101812     0.3938673     0.3776453     0.3616933     0.3461513     0.3311240     0.3166848     0.3028792     0.2897285     0.2772330     0.2653750     0.2541215     0.2434267     0.2332344     0.2234799     0.2140925     0.2049976     0.1961187     0.1873802     0.1787095     0.1700398     0.1613128     0.1524814     0.1435120     0.1343874     0.1251079     0.1156933     0.1061826     0.0966341     0.0871232     0.0777399     0.0685843     0.0597620     0.0513781     0.0435311     0.0363067     0.0297728     0.0239750     0.0189339     0.0146447     0.0110784     0.0081846     0.0058964     0.0041358     0.0028198     0.0018655     0.0011955     0.0007408     0.0004430     0.0002551     0.0001412     0.0000750     0.0000381     0.0000185     0.0000085     0.0000037     0.0000016     0.0000006     0.0000002     0.0000001     0.0000000     0.0000000     0.0000000     0.0000000     0.0000000     0.0000000     0.0000000     0.0000000     0.0000000     0.0000000     0.0000000     0.0000000     0.0000000     0.0000000     0.0000000
     0.0477977     0.0951850     0.1417530     0.1870963     0.2308153     0.2725196     0.3118326     0.3483973     0.3818832     0.4119951     0.4384822     0.4611480     0.4798596     0.4945555     0.5052514     0.5120421     0.5150995     0.5146658     0.5110439     0.5045829     0.4956626     0.4846776     0.4720216     0.4580741     0.4431892     0.4276882     0.4118543     0.3959307     0.3801199     0.3645854     0.3494538     0.3348186     0.3207425     0.3072619     0.2943895     0.2821176     0.2704212     0.2592606     0.2485837     0.2383291     0.2284276     0.2188054     0.2093864     0.2000943     0.1908560     0.1816041     0.1722799     0.1628361     0.1532398     0.1434749     0.1335438     0.1234694     0.1132947     0.1030830     0.0929156     0.0828886     0.0731092     0.0636899     0.0547424     0.0463711     0.0386671     0.0317018     0.0255232     0.0201528     0.0155847     0.0117875     0.0087071     0.0062718     0.0043985     0.0029985     0.0019835     0.0012710     0.0007875     0.0004708     0.0002711     0.0001501     0.0000796     0.0000405     0.0000196     0.0000091     0.0000040     0.0000017     0.0000006     0.0000002     0.0000001     0.0000000     0.0000000     0.0000000     0.0000000     0.0000000     0.0000000     0.0000000     0.0000000     0.0000000     0.0000000     0.0000000     0.0000000     0.0000000     0.0000000     0.0000000
     0.0455856     0.0908264     0.1353781     0.1788973     0.2210426     0.2614766     0.2998683     0.3358974     0.3692591     0.3996710     0.4268802     0.4506726     0.4708817     0.4873970     0.5001724     0.5092306     0.5146658     0.5166424     0.5153887     0.5111881     0.5043664     0.4952777     0.4842894     0.4717679     0.4580662     0.4435135     0.4284081     0.4130127     0.3975516     0.3822111     0.3671400     0.3524524     0.3382299     0.3245251     0.3113650     0.2987536     0.2866755     0.2750985     0.2639765     0.2532521     0.2428592     0.2327258     0.2227769     0.2129367     0.2031324     0.1932965     0.1833706     0.1733079     0.1630765     0.1526620     0.1420696     0.1313252     0.1204765     0.1095919     0.0987586     0.0880794     0.0776685     0.0676453     0.0581282     0.0492277     0.0410398     0.0336399     0.0270779     0.0213761     0.0165276     0.0124984     0.0092307     0.0066479     0.0046616     0.0031774     0.0021016     0.0013465     0.0008341     0.0004987     0.0002871     0.0001589     0.0000843     0.0000428     0.0000208     0.0000096     0.0000042     0.0000017     0.0000007     0.0000003     0.0000001     0.0000000     0.0000000     0.0000000     0.0000000     0.0000000     0.0000000     0.0000000     0.0000000     0.0000000     0.0000000     0.0000000     0.0000000     0.0000000     0.0000000     0.0000000
     0.0433291     0.0863705     0.1288362     0.1704375     0.2108853     0.2498909     0.2871670     0.3224309     0.3554069     0.3858322     0.4134618     0.4380762     0.4594896     0.4775578     0.4921869     0.5033403     0.5110439     0.5153887     0.5165291     0.5146785     0.5101007     0.5030987     0.4940015     0.4831504     0.4708857     0.4575351     0.4434041     0.4287690     0.4138725     0.3989211     0.3840851     0.3694990     0.3552641     0.3414507     0.3281012     0.3152331     0.3028420     0.2909048     0.2793827     0.2682238     0.2573664     0.2467415     0.2362760     0.2258958     0.2155290     0.2051091     0.1945783     0.1838913     0.1730176     0.1619451     0.1506819     0.1392579     0.1277254     0.1161584     0.1046501     0.0933105     0.0822605     0.0716267     0.0615343     0.0520997     0.0434240     0.0355861     0.0286383     0.0226033     0.0174730     0.0132109     0.0097551     0.0070245     0.0049248     0.0033563     0.0022196     0.0014219     0.0008808     0.0005265     0.0003031     0.0001677     0.0000890     0.0000452     0.0000219     0.0000101     0.0000044     0.0000018     0.0000007     0.0000003     0.0000001     0.0000000     0.0000000     0.0000000     0.0000000     0.0000000     0.0000000     0.0000000     0.0000000     0.0000000     0.0000000     0.0000000     0.0000000     0.0000000     0.0000000     0.0000000
     0.0410707     0.0819029     0.1222573     0.1618930     0.2005672     0.2380351     0.2740504     0.3083666     0.3407391     0.3709285     0.3987047     0.4238526     0.4461788     0.4655191     0.4817461     0.4947776     0.5045829     0.5111881     0.5146785     0.5151979     0.5129441     0.5081616     0.5011310     0.4921572     0.4815565     0.4696443     0.4567243     0.4430792     0.4289643     0.4146029     0.4001842     0.3858628     0.3717594     0.3579626     0.3445313     0.3314977     0.3188700     0.3066358     0.2947650     0.2832126     0.2719224     0.2608296     0.2498645     0.2389553     0.2280320     0.2170299     0.2058930     0.1945775     0.1830555     0.1713174     0.1593750     0.1472624     0.1350370     0.1227785     0.1105868     0.0985787     0.0868824     0.0756317     0.0649585     0.0549853     0.0458180     0.0375392     0.0302034     0.0238334     0.0184202     0.0139243     0.0102800     0.0074012     0.0051881     0.0035352     0.0023376     0.0014973     0.0009273     0.0005543     0.0003191     0.0001765     0.0000937     0.0000476     0.0000231     0.0000106     0.0000047     0.0000019     0.0000008     0.0000003     0.0000001     0.0000000     0.0000000     0.0000000     0.0000000     0.0000000     0.0000000     0.0000000     0.0000000     0.0000000     0.0000000     0.0000000     0.0000000     0.0000000     0.0000000     0.0000000
     0.0388434     0.0774905     0.1157437     0.1534037     0.1902681     0.2261312     0.2607839     0.2940142     0.3256081     0.3553518     0.3830345     0.4084524     0.4314141     0.4517464     0.4693016     0.4839652     0.4956626     0.5043664     0.5101007     0.5129441     0.5130288     0.5105370     0.5056941     0.4987593     0.4900143     0.4797515     0.4682626     0.4558282     0.4427092     0.4291406     0.4153271     0.4014410     0.3876215     0.3739754     0.3605790     0.3474799     0.3347004     0.3222400     0.3100784     0.2981794     0.2864933     0.2749610     0.2635170     0.2520932     0.2406225     0.2290428     0.2173004     0.2053543     0.1931793     0.1807696     0.1681406     0.1553313     0.1424046     0.1294464     0.1165634     0.1038794     0.0915303     0.0796568     0.0683978     0.0578818     0.0482196     0.0394974     0.0317716     0.0250653     0.0193682     0.0146380     0.0108049     0.0077776     0.0054511     0.0037138     0.0024553     0.0015725     0.0009738     0.0005819     0.0003350     0.0001853     0.0000983     0.0000499     0.0000242     0.0000112     0.0000049     0.0000020     0.0000008     0.0000003     0.0000001     0.0000000     0.0000000     0.0000000     0.0000000     0.0000000     0.0000000     0.0000000     0.0000000     0.0000000     0.0000000     0.0000000     0.0000000     0.0000000     0.0000000     0.0000000
     0.0366726     0.0731846     0.1093746     0.1450786     0.1801293     0.2143557     0.2475819     0.2796276     0.3103081     0.3394357     0.3668210     0.3922763     0.4156187     0.4366754     0.4552891     0.4713250     0.4846776     0.4952777     0.5030987     0.5081616     0.5105370     0.5103453     0.5077533     0.5029679     0.4962274     0.4877916     0.4779298     0.4669112     0.4549941     0.4424185     0.4293997     0.4161243     0.4027481     0.3893952     0.3761589     0.3631031     0.3502647     0.3376564     0.3252694     0.3130771     0.3010379     0.2890996     0.2772021     0.2652820     0.2532763     0.2411262     0.2287817     0.2162049     0.2033745     0.1902884     0.1769669     0.1634543     0.1498191     0.1361540     0.1225726     0.1092064     0.0961985     0.0836972     0.0718481     0.0607858     0.0506260     0.0414584     0.0333410     0.0262975     0.0203159     0.0153511     0.0113290     0.0081534     0.0057134     0.0038918     0.0025726     0.0016474     0.0010200     0.0006095     0.0003508     0.0001940     0.0001029     0.0000523     0.0000253     0.0000117     0.0000051     0.0000021     0.0000008     0.0000003     0.0000001     0.0000000     0.0000000     0.0000000     0.0000000     0.0000000     0.0000000     0.0000000     0.0000000     0.0000000     0.0000000     0.0000000     0.0000000     0.0000000     0.0000000     0.0000000
     0.0345769     0.0690237     0.1032094     0.1370003     0.1702597     0.2028463     0.2346139     0.2654107     0.2950795     0.3234575     0.3503780     0.3756715     0.3991684     0.4207027     0.4401163     0.4572643     0.4720216     0.4842894     0.4940015     0.5011310     0.5056941     0.5077533     0.5074170     0.5048366     0.5002013     0.4937295     0.4856593     0.4762386     0.4657144     0.4543240     0.4422868     0.4297993     0.4170304     0.4041196     0.3911764     0.3782807     0.3654847     0.3528150     0.3402754     0.3278499     0.3155067     0.3032013     0.2908806     0.2784871     0.2659626     0.2532531     0.2403128     0.2271080     0.2136218     0.1998570     0.1858389     0.1716178     0.1572685     0.1428906     0.1286052     0.1145513     0.1008799     0.0877466     0.0753041     0.0636929     0.0530334     0.0434189     0.0349092     0.0275280     0.0212617     0.0160623     0.0118515     0.0085278     0.0059747     0.0040691     0.0026894     0.0017219     0.0010660     0.0006369     0.0003665     0.0002027     0.0001075     0.0000546     0.0000265     0.0000122     0.0000054     0.0000022     0.0000009     0.0000003     0.0000001     0.0000000     0.0000000     0.0000000     0.0000000     0.0000000     0.0000000     0.0000000     0.0000000     0.0000000     0.0000000     0.0000000     0.0000000     0.0000000     0.0000000     0.0000000
     0.0325697     0.0650352     0.0972911     0.1292297     0.1607402     0.1917072     0.2220103     0.2515234     0.2801138     0.3076428     0.3339655     0.3589317     0.3823880     0.4041795     0.4241534     0.4421633     0.4580741     0.4717679     0.4831504     0.4921572     0.4987593     0.5029679     0.5048366     0.5044621     0.5019808     0.4975644     0.4914120     0.4837415     0.4747795     0.4647521     0.4538759     0.4423509     0.4303548     0.4180394     0.4055285     0.3929171     0.3802726     0.3676357     0.3550237     0.3424326     0.3298410     0.3172138     0.3045059     0.2916666     0.2786441     0.2653900     0.2518636     0.2380366     0.2238972     0.2094536     0.1947373     0.1798045     0.1647374     0.1496426     0.1346491     0.1199037     0.1055654     0.0917973     0.0787591     0.0665973     0.0554372     0.0453753     0.0364731     0.0287543     0.0222038     0.0167703     0.0123713     0.0089000     0.0062343     0.0042452     0.0028053     0.0017958     0.0011116     0.0006640     0.0003821     0.0002113     0.0001121     0.0000569     0.0000276     0.0000127     0.0000056     0.0000023     0.0000009     0.0000003     0.0000001     0.0000000     0.0000000     0.0000000     0.0000000     0.0000000     0.0000000     0.0000000     0.0000000     0.0000000     0.0000000     0.0000000     0.0000000     0.0000000     0.0000000     0.0000000
     0.0306603     0.0612381     0.0916498     0.1218097     0.1516289     0.1810146     0.2098687     0.2380874     0.2655604     0.2921706     0.3177940     0.3422999     0.3655518     0.3874089     0.4077281     0.4263673     0.4431892     0.4580662     0.4708857     0.4815565     0.4900143     0.4962274     0.5002013     0.5019808     0.5016503     0.4993319     0.4951802     0.4893760     0.4821173     0.4736103     0.4640608     0.4536656     0.4426054     0.4310401     0.4191048     0.4069078     0.3945306     0.3820284     0.3694319     0.3567500     0.3439728     0.3310754     0.3180221     0.3047703     0.2912755     0.2774960     0.2633975     0.2489577     0.2341709     0.2190517     0.2036380     0.1879933     0.1722068     0.1563931     0.1406894     0.1252506     0.1102436     0.0958396     0.0822049     0.0694922     0.0578316     0.0473228     0.0380289     0.0299735     0.0231399     0.0174734     0.0128872     0.0092693     0.0064917     0.0044196     0.0029201     0.0018690     0.0011567     0.0006909     0.0003975     0.0002198     0.0001166     0.0000592     0.0000287     0.0000132     0.0000058     0.0000024     0.0000009     0.0000004     0.0000001     0.0000000     0.0000000     0.0000000     0.0000000     0.0000000     0.0000000     0.0000000     0.0000000     0.0000000     0.0000000     0.0000000     0.0000000     0.0000000     0.0000000     0.0000000
     0.0288541     0.0576441     0.0863045     0.1147683     0.1429654     0.1708218     0.1982588     0.2251922     0.2515313     0.2771786     0.3020294     0.3259716     0.3488857     0.3706463     0.3911227     0.4101812     0.4276882     0.4435135     0.4575351     0.4696443     0.4797515     0.4877916     0.4937295     0.4975644     0.4993319     0.4991047     0.4969905     0.4931277     0.4876788     0.4808227     0.4727462     0.4636351     0.4536670     0.4430041     0.4317889     0.4201403     0.4081521     0.3958930     0.3834072     0.3707166     0.3578236     0.3447146     0.3313641     0.3177390     0.3038031     0.2895226     0.2748704     0.2598315     0.2444071     0.2286189     0.2125121     0.1961579     0.1796534     0.1631216     0.1467079     0.1305759     0.1149008     0.0998614     0.0856313     0.0723691     0.0602096     0.0492557     0.0395721     0.0311821     0.0240671     0.0181694     0.0133976     0.0096344     0.0067461     0.0045920     0.0030334     0.0019412     0.0012012     0.0007173     0.0004126     0.0002281     0.0001210     0.0000614     0.0000297     0.0000137     0.0000060     0.0000025     0.0000010     0.0000004     0.0000001     0.0000000     0.0000000     0.0000000     0.0000000     0.0000000     0.0000000     0.0000000     0.0000000     0.0000000     0.0000000     0.0000000     0.0000000     0.0000000     0.0000000     0.0000000
     0.0271542     0.0542594     0.0812659     0.1081221     0.1347737     0.1611629     0.1872276     0.2129003     0.2381076     0.2627694     0.2867985     0.3100998     0.3325708     0.3541013     0.3745743     0.3938673     0.4118543     0.4284081     0.4434041     0.4567243     0.4682626     0.4779298     0.4856593     0.4914120     0.4951802     0.4969905     0.4969037     0.4950135     0.4914422     0.4863349     0.4798519     0.4721608     0.4634285     0.4538138     0.4434610     0.4324959     0.4210221     0.4091200     0.3968463     0.3842361     0.3713044     0.3580494     0.3444569     0.3305040     0.3161642     0.3014126     0.2862305     0.2706108     0.2545630     0.2381165     0.2213248     0.2042671     0.1870494     0.1698033     0.1526829     0.1358608     0.1195204     0.1038487     0.0890263     0.0752179     0.0625630     0.0511673     0.0410973     0.0323757     0.0249824     0.0188560     0.0139007     0.0099941     0.0069965     0.0047615     0.0031448     0.0020121     0.0012449     0.0007433     0.0004275     0.0002363     0.0001253     0.0000636     0.0000308     0.0000142     0.0000062     0.0000026     0.0000010     0.0000004     0.0000001     0.0000000     0.0000000     0.0000000     0.0000000     0.0000000     0.0000000     0.0000000     0.0000000     0.0000000     0.0000000     0.0000000     0.0000000     0.0000000     0.0000000     0.0000000
     0.0255609     0.0510858     0.0765376     0.1018778     0.1270655     0.1520566     0.1768030     0.2012516     0.2253440     0.2490154     0.2721939     0.2948004     0.3167477     0.3379407     0.3582765     0.3776453     0.3959307     0.4130127     0.4287690     0.4430792     0.4558282     0.4669112     0.4762386     0.4837415     0.4893760     0.4931277     0.4950135     0.4950828     0.4934152     0.4901175     0.4853177     0.4791580     0.4717875     0.4633548     0.4540005     0.4438519     0.4330191     0.4215913     0.4096366     0.3972022     0.3843154     0.3709870     0.3572145     0.3429862     0.3282862     0.3130994     0.2974168     0.2812403     0.2645882     0.2474990     0.2300348     0.2122841     0.1943618     0.1764088     0.1585885     0.1410825     0.1240829     0.1077848     0.0923758     0.0780268     0.0648818     0.0530497     0.0425980     0.0335495     0.0258817     0.0195302     0.0143945     0.0103468     0.0072420     0.0049276     0.0032539     0.0020815     0.0012876     0.0007687     0.0004421     0.0002443     0.0001295     0.0000657     0.0000318     0.0000147     0.0000064     0.0000027     0.0000011     0.0000004     0.0000001     0.0000000     0.0000000     0.0000000     0.0000000     0.0000000     0.0000000     0.0000000     0.0000000     0.0000000     0.0000000     0.0000000     0.0000000     0.0000000     0.0000000     0.0000000
