     0.0000001     0.0000004     0.0000014     0.0000031     0.0000055     0.0000086     0.0000121     0.0000158     0.0000194     0.0000227     0.0000256     0.0000279     0.0000295     0.0000305     0.0000310     0.0000309     0.0000304     0.0000295     0.0000284     0.0000270     0.0000256     0.0000240     0.0000225     0.0000209     0.0000194     0.0000180     0.0000166     0.0000153     0.0000141     0.0000130     0.0000119     0.0000110     0.0000101     0.0000093     0.0000085     0.0000078     0.0000072     0.0000066     0.0000061     0.0000056     0.0000052     0.0000048     0.0000045     0.0000041     0.0000038     0.0000035     0.0000033     0.0000031     0.0000029     0.0000027     0.0000025     0.0000023     0.0000022     0.0000020     0.0000019     0.0000017     0.0000016     0.0000015     0.0000014     0.0000013     0.0000012     0.0000011     0.0000011     0.0000010     0.0000009     0.0000008     0.0000008     0.0000007     0.0000007     0.0000006     0.0000006     0.0000005     0.0000005     0.0000004     0.0000004     0.0000004     0.0000003     0.0000003     0.0000003     0.0000002     0.0000002     0.0000002     0.0000002     0.0000002     0.0000002     0.0000001     0.0000001     0.0000001     0.0000001     0.0000001     0.0000001     0.0000001     0.0000001     0.0000001     0.0000001     0.0000000     0.0000000     0.0000000     0.0000000     0.0000000
     0.0000004     0.0000034     0.0000108     0.0000239     0.0000429     0.0000669     0.0000944     0.0001234     0.0001520     0.0001784     0.0002012     0.0002194     0.0002328     0.0002412     0.0002449     0.0002446     0.0002407     0.0002340     0.0002252     0.0002148     0.0002033     0.0001913     0.0001791     0.0001669     0.0001550     0.0001435     0.0001326     0.0001223     0.0001126     0.0001036     0.0000953     0.0000876     0.0000805     0.0000740     0.0000680     0.0000625     0.0000576     0.0000530     0.0000489     0.0000451     0.0000416     0.0000385     0.0000356     0.0000330     0.0000306     0.0000284     0.0000264     0.0000245     0.0000228     0.0000212     0.0000198     0.0000184     0.0000172     0.0000160     0.0000150     0.0000140     0.0000130     0.0000121     0.0000113     0.0000105     0.0000098     0.0000091     0.0000085     0.0000079     0.0000073     0.0000067     0.0000062     0.0000057     0.0000053     0.0000048     0.0000044     0.0000041     0.0000037     0.0000034     0.0000031     0.0000028     0.0000026     0.0000024     0.0000022     0.0000020     0.0000018     0.0000016     0.0000015     0.0000014     0.0000012     0.0000011     0.0000010     0.0000009     0.0000009     0.0000008     0.0000007     0.0000006     0.0000006     0.0000005     0.0000004     0.0000004     0.0000003     0.0000003     0.0000003     0.0000002
     0.0000014     0.0000108     0.0000348     0.0000771     0.0001385     0.0002165     0.0003062     0.0004014     0.0004958     0.0005834     0.0006596     0.0007214     0.0007671     0.0007966     0.0008107     0.0008111     0.0007998     0.0007788     0.0007505     0.0007168     0.0006794     0.0006400     0.0005996     0.0005593     0.0005198     0.0004816     0.0004452     0.0004108     0.0003785     0.0003484     0.0003205     0.0002947     0.0002709     0.0002490     0.0002290     0.0002107     0.0001940     0.0001787     0.0001647     0.0001520     0.0001404     0.0001298     0.0001201     0.0001113     0.0001032     0.0000957     0.0000889     0.0000827     0.0000769     0.0000717     0.0000668     0.0000622     0.0000580     0.0000541     0.0000505     0.0000471     0.0000439     0.0000410     0.0000382     0.0000356     0.0000331     0.0000308     0.0000286     0.0000265     0.0000245     0.0000227     0.0000209     0.0000193     0.0000178     0.0000163     0.0000150     0.0000137     0.0000126     0.0000115     0.0000105     0.0000096     0.0000087     0.0000080     0.0000073     0.0000066     0.0000061     0.0000055     0.0000051     0.0000046     0.0000042     0.0000038     0.0000035     0.0000032     0.0000029     0.0000026     0.0000023     0.0000021     0.0000019     0.0000017     0.0000015     0.0000013     0.0000012     0.0000010     0.0000009     0.0000008
     0.0000031     0.0000239     0.0000771     0.0001715     0.0003087     0.0004840     0.0006869     0.0009040     0.0011206     0.0013235     0.0015019     0.0016483     0.0017587     0.0018322     0.0018702     0.0018762     0.0018545     0.0018101     0.0017479     0.0016725     0.0015880     0.0014980     0.0014054     0.0013125     0.0012211     0.0011326     0.0010479     0.0009677     0.0008922     0.0008217     0.0007562     0.0006957     0.0006398     0.0005884     0.0005413     0.0004982     0.0004587     0.0004227     0.0003898     0.0003597     0.0003323     0.0003072     0.0002843     0.0002634     0.0002443     0.0002267     0.0002106     0.0001959     0.0001823     0.0001697     0.0001581     0.0001474     0.0001375     0.0001283     0.0001197     0.0001116     0.0001041     0.0000971     0.0000905     0.0000843     0.0000784     0.0000729     0.0000677     0.0000628     0.0000581     0.0000537     0.0000496     0.0000457     0.0000421     0.0000387     0.0000355     0.0000325     0.0000298     0.0000272     0.0000248     0.0000227     0.0000207     0.0000189     0.0000172     0.0000157     0.0000144     0.0000131     0.0000120     0.0000109     0.0000100     0.0000091     0.0000083     0.0000075     0.0000068     0.0000062     0.0000055     0.0000050     0.0000045     0.0000040     0.0000035     0.0000031     0.0000027     0.0000024     0.0000021     0.0000018
     0.0000055     0.0000429     0.0001385     0.0003087     0.0005578     0.0008778     0.0012512     0.0016539     0.0020597     0.0024440     0.0027862     0.0030714     0.0032910     0.0034422     0.0035268     0.0035505     0.0035208     0.0034466     0.0033370     0.0032007     0.0030457     0.0028786     0.0027054     0.0025305     0.0023576     0.0021895     0.0020280     0.0018745     0.0017299     0.0015945     0.0014685     0.0013517     0.0012438     0.0011445     0.0010534     0.0009698     0.0008933     0.0008234     0.0007595     0.0007011     0.0006477     0.0005990     0.0005545     0.0005138     0.0004765     0.0004423     0.0004110     0.0003821     0.0003556     0.0003312     0.0003086     0.0002877     0.0002683     0.0002503     0.0002336     0.0002179     0.0002032     0.0001895     0.0001766     0.0001645     0.0001530     0.0001423     0.0001321     0.0001225     0.0001134     0.0001049     0.0000968     0.0000893     0.0000822     0.0000755     0.0000693     0.0000635     0.0000581     0.0000531     0.0000485     0.0000443     0.0000404     0.0000369     0.0000337     0.0000307     0.0000281     0.0000256     0.0000234     0.0000213     0.0000195     0.0000177     0.0000162     0.0000147     0.0000133     0.0000120     0.0000108     0.0000097     0.0000087     0.0000077     0.0000069     0.0000061     0.0000053     0.0000047     0.0000041     0.0000035
     0.0000086     0.0000669     0.0002165     0.0004840     0.0008778     0.0013877     0.0019875     0.0026410     0.0033069     0.0039453     0.0045220     0.0050113     0.0053969     0.0056721     0.0058379     0.0059018     0.0058752     0.0057719     0.0056066     0.0053935     0.0051459     0.0048753     0.0045918     0.0043032     0.0040162     0.0037355     0.0034648     0.0032065     0.0029623     0.0027331     0.0025193     0.0023207     0.0021370     0.0019676     0.0018119     0.0016689     0.0015380     0.0014181     0.0013084     0.0012082     0.0011166     0.0010328     0.0009563     0.0008862     0.0008220     0.0007632     0.0007092     0.0006595     0.0006138     0.0005717     0.0005328     0.0004967     0.0004633     0.0004322     0.0004032     0.0003762     0.0003509     0.0003272     0.0003049     0.0002840     0.0002643     0.0002457     0.0002281     0.0002115     0.0001959     0.0001811     0.0001672     0.0001541     0.0001419     0.0001303     0.0001196     0.0001096     0.0001003     0.0000917     0.0000837     0.0000764     0.0000698     0.0000637     0.0000581     0.0000530     0.0000484     0.0000442     0.0000404     0.0000369     0.0000336     0.0000306     0.0000279     0.0000253     0.0000229     0.0000207     0.0000187     0.0000168     0.0000150     0.0000134     0.0000119     0.0000105     0.0000092     0.0000081     0.0000071     0.0000061
     0.0000121     0.0000944     0.0003062     0.0006869     0.0012512     0.0019875     0.0028623     0.0038254     0.0048190     0.0057848     0.0066713     0.0074377     0.0080567     0.0085147     0.0088097     0.0089499     0.0089501     0.0088296     0.0086095     0.0083112     0.0079547     0.0075580     0.0071366     0.0067036     0.0062693     0.0058419     0.0054275     0.0050303     0.0046533     0.0042983     0.0039661     0.0036568     0.0033701     0.0031053     0.0028613     0.0026371     0.0024314     0.0022429     0.0020704     0.0019124     0.0017680     0.0016358     0.0015149     0.0014042     0.0013028     0.0012097     0.0011243     0.0010457     0.0009734     0.0009066     0.0008450     0.0007879     0.0007349     0.0006856     0.0006397     0.0005968     0.0005567     0.0005191     0.0004838     0.0004506     0.0004193     0.0003898     0.0003619     0.0003356     0.0003108     0.0002874     0.0002653     0.0002445     0.0002250     0.0002068     0.0001897     0.0001738     0.0001591     0.0001454     0.0001328     0.0001213     0.0001107     0.0001010     0.0000922     0.0000841     0.0000768     0.0000701     0.0000640     0.0000585     0.0000533     0.0000486     0.0000442     0.0000402     0.0000364     0.0000329     0.0000296     0.0000266     0.0000238     0.0000212     0.0000188     0.0000166     0.0000146     0.0000128     0.0000112     0.0000097
     0.0000158     0.0001234     0.0004014     0.0009040     0.0016539     0.0026410     0.0038254     0.0051447     0.0065236     0.0078838     0.0091534     0.0102731     0.0112006     0.0119111     0.0123969     0.0126643     0.0127304     0.0126192     0.0123589     0.0119787     0.0115067     0.0109690     0.0103884     0.0097843     0.0091724     0.0085655     0.0079732     0.0074024     0.0068582     0.0063436     0.0058604     0.0054093     0.0049900     0.0046019     0.0042436     0.0039137     0.0036106     0.0033325     0.0030775     0.0028440     0.0026302     0.0024344     0.0022551     0.0020908     0.0019402     0.0018020     0.0016750     0.0015582     0.0014506     0.0013513     0.0012595     0.0011745     0.0010956     0.0010222     0.0009538     0.0008899     0.0008301     0.0007741     0.0007214     0.0006719     0.0006252     0.0005812     0.0005397     0.0005004     0.0004634     0.0004285     0.0003956     0.0003646     0.0003356     0.0003083     0.0002829     0.0002591     0.0002371     0.0002168     0.0001980     0.0001808     0.0001650     0.0001505     0.0001374     0.0001254     0.0001145     0.0001045     0.0000955     0.0000871     0.0000795     0.0000724     0.0000659     0.0000599     0.0000543     0.0000490     0.0000442     0.0000397     0.0000355     0.0000316     0.0000281     0.0000248     0.0000218     0.0000191     0.0000167     0.0000145
     0.0000194     0.0001520     0.0004958     0.0011206     0.0020597     0.0033069     0.0048190     0.0065236     0.0083294     0.0101382     0.0118562     0.0134026     0.0147159     0.0157565     0.0165063     0.0169666     0.0171538     0.0170955     0.0168260     0.0163825     0.0158023     0.0151206     0.0143690     0.0135749     0.0127612     0.0119464     0.0111449     0.0103676     0.0096223     0.0089144     0.0082470     0.0076216     0.0070388     0.0064977     0.0059971     0.0055353     0.0051102     0.0047195     0.0043608     0.0040318     0.0037303     0.0034539     0.0032006     0.0029683     0.0027552     0.0025596     0.0023797     0.0022141     0.0020616     0.0019207     0.0017904     0.0016697     0.0015577     0.0014534     0.0013563     0.0012655     0.0011805     0.0011008     0.0010260     0.0009555     0.0008892     0.0008266     0.0007675     0.0007117     0.0006591     0.0006094     0.0005626     0.0005185     0.0004772     0.0004384     0.0004022     0.0003685     0.0003372     0.0003082     0.0002815     0.0002570     0.0002345     0.0002140     0.0001953     0.0001783     0.0001628     0.0001486     0.0001357     0.0001239     0.0001130     0.0001030     0.0000937     0.0000851     0.0000771     0.0000697     0.0000628     0.0000564     0.0000505     0.0000450     0.0000399     0.0000353     0.0000311     0.0000272     0.0000237     0.0000206
     0.0000227     0.0001784     0.0005834     0.0013235     0.0024440     0.0039453     0.0057848     0.0078838     0.0101382     0.0124318     0.0146490     0.0166860     0.0184591     0.0199094     0.0210043     0.0217352     0.0221145     0.0221700     0.0219404     0.0214703     0.0208060     0.0199926     0.0190717     0.0180802     0.0170495     0.0160056     0.0149694     0.0139567     0.0129796     0.0120463     0.0111623     0.0103307     0.0095528     0.0088285     0.0081566     0.0075352     0.0069621     0.0064343     0.0059490     0.0055033     0.0050943     0.0047189     0.0043745     0.0040584     0.0037682     0.0035015     0.0032562     0.0030302     0.0028219     0.0026295     0.0024515     0.0022865     0.0021332     0.0019906     0.0018577     0.0017334     0.0016171     0.0015080     0.0014055     0.0013090     0.0012181     0.0011324     0.0010514     0.0009750     0.0009029     0.0008348     0.0007707     0.0007103     0.0006536     0.0006005     0.0005509     0.0005047     0.0004618     0.0004221     0.0003856     0.0003520     0.0003212     0.0002931     0.0002675     0.0002441     0.0002229     0.0002035     0.0001858     0.0001696     0.0001548     0.0001410     0.0001284     0.0001166     0.0001057     0.0000955     0.0000860     0.0000772     0.0000691     0.0000616     0.0000547     0.0000483     0.0000425     0.0000373     0.0000325     0.0000282
     0.0000256     0.0002012     0.0006596     0.0015019     0.0027862     0.0045220     0.0066713     0.0091534     0.0118562     0.0146490     0.0173966     0.0199724     0.0222688     0.0242045     0.0257274     0.0268146     0.0274691     0.0277153     0.0275930     0.0271520     0.0264466     0.0255316     0.0244595     0.0232775     0.0220273     0.0207438     0.0194557     0.0181856     0.0169508     0.0157640     0.0146336     0.0135653     0.0125620     0.0116244     0.0107520     0.0099431     0.0091950     0.0085048     0.0078690     0.0072841     0.0067464     0.0062524     0.0057986     0.0053817     0.0049985     0.0046461     0.0043217     0.0040228     0.0037470     0.0034921     0.0032561     0.0030374     0.0028341     0.0026449     0.0024684     0.0023035     0.0021490     0.0020041     0.0018679     0.0017397     0.0016189     0.0015050     0.0013974     0.0012958     0.0011999     0.0011095     0.0010242     0.0009440     0.0008686     0.0007980     0.0007320     0.0006706     0.0006136     0.0005609     0.0005122     0.0004676     0.0004267     0.0003894     0.0003553     0.0003243     0.0002961     0.0002703     0.0002469     0.0002253     0.0002056     0.0001874     0.0001705     0.0001549     0.0001404     0.0001269     0.0001143     0.0001026     0.0000918     0.0000818     0.0000726     0.0000642     0.0000565     0.0000495     0.0000432     0.0000375
     0.0000279     0.0002194     0.0007214     0.0016483     0.0030714     0.0050113     0.0074377     0.0102731     0.0134026     0.0166860     0.0199724     0.0231146     0.0259814     0.0284667     0.0304957     0.0320261     0.0330465     0.0335725     0.0336408     0.0333027     0.0326186     0.0316518     0.0304649     0.0291167     0.0276596     0.0261391     0.0245933     0.0230530     0.0215424     0.0200796     0.0186778     0.0173458     0.0160888     0.0149095     0.0138084     0.0127841     0.0118343     0.0109559     0.0101450     0.0093976     0.0087094     0.0080761     0.0074936     0.0069579     0.0064650     0.0060112     0.0055931     0.0052076     0.0048516     0.0045224     0.0042176     0.0039348     0.0036719     0.0034271     0.0031987     0.0029852     0.0027852     0.0025975     0.0024211     0.0022550     0.0020984     0.0019507     0.0018113     0.0016796     0.0015553     0.0014380     0.0013274     0.0012234     0.0011257     0.0010342     0.0009486     0.0008690     0.0007951     0.0007267     0.0006637     0.0006058     0.0005528     0.0005044     0.0004603     0.0004201     0.0003835     0.0003502     0.0003198     0.0002919     0.0002663     0.0002427     0.0002209     0.0002006     0.0001818     0.0001643     0.0001481     0.0001330     0.0001190     0.0001060     0.0000941     0.0000832     0.0000732     0.0000642     0.0000560     0.0000486
     0.0000295     0.0002328     0.0007671     0.0017587     0.0032910     0.0053969     0.0080567     0.0112006     0.0147159     0.0184591     0.0222688     0.0259814     0.0294438     0.0325255     0.0351266     0.0371812     0.0386588     0.0395604     0.0399142     0.0397687     0.0391863     0.0382365     0.0369912     0.0355195     0.0338857     0.0321466     0.0303511     0.0285396     0.0267448     0.0249919     0.0232998     0.0216820     0.0201473     0.0187007     0.0173444     0.0160784     0.0149009     0.0138088     0.0127982     0.0118647     0.0110036     0.0102099     0.0094788     0.0088054     0.0081851     0.0076134     0.0070863     0.0065997     0.0061501     0.0057341     0.0053485     0.0049907     0.0046579     0.0043479     0.0040585     0.0037879     0.0035343     0.0032963     0.0030725     0.0028618     0.0026632     0.0024757     0.0022987     0.0021316     0.0019738     0.0018249     0.0016846     0.0015525     0.0014285     0.0013122     0.0012037     0.0011026     0.0010087     0.0009219     0.0008419     0.0007685     0.0007012     0.0006398     0.0005838     0.0005329     0.0004865     0.0004442     0.0004056     0.0003702     0.0003378     0.0003078     0.0002802     0.0002545     0.0002307     0.0002085     0.0001878     0.0001687     0.0001509     0.0001345     0.0001194     0.0001056     0.0000929     0.0000814     0.0000711     0.0000617
     0.0000305     0.0002412     0.0007966     0.0018322     0.0034422     0.0056721     0.0085147     0.0119111     0.0157565     0.0199094     0.0242045     0.0284667     0.0325255     0.0362279     0.0394482     0.0420951     0.0441140     0.0454867     0.0462267     0.0463742     0.0459889     0.0451428     0.0439139     0.0423811     0.0406195     0.0386976     0.0366762     0.0346066     0.0325313     0.0304844     0.0284919     0.0265733     0.0247419     0.0230067     0.0213723     0.0198405     0.0184108     0.0170807     0.0158465     0.0147038     0.0136474     0.0126718     0.0117716     0.0109412     0.0101753     0.0094686     0.0088163     0.0082135     0.0076561     0.0071399     0.0066613     0.0062167     0.0058031     0.0054175     0.0050575     0.0047207     0.0044050     0.0041086     0.0038298     0.0035673     0.0033197     0.0030861     0.0028655     0.0026571     0.0024604     0.0022747     0.0020997     0.0019350     0.0017803     0.0016354     0.0015000     0.0013739     0.0012569     0.0011487     0.0010490     0.0009574     0.0008736     0.0007970     0.0007273     0.0006638     0.0006059     0.0005533     0.0005052     0.0004612     0.0004207     0.0003835     0.0003490     0.0003171     0.0002874     0.0002597     0.0002340     0.0002102     0.0001881     0.0001676     0.0001488     0.0001316     0.0001158     0.0001015     0.0000885     0.0000769
     0.0000310     0.0002449     0.0008107     0.0018702     0.0035268     0.0058379     0.0088097     0.0123969     0.0165063     0.0210043     0.0257274     0.0304957     0.0351266     0.0394482     0.0433114     0.0465986     0.0492290     0.0511599     0.0523854     0.0529310     0.0528480     0.0522061     0.0510857     0.0495723     0.0477506     0.0457004     0.0434942     0.0411953     0.0388576     0.0365249     0.0342322     0.0320064     0.0298669     0.0278274     0.0258965     0.0240785     0.0223749     0.0207844     0.0193041     0.0179297     0.0166560     0.0154774     0.0143877     0.0133809     0.0124508     0.0115915     0.0107972     0.0100627     0.0093827     0.0087525     0.0081676     0.0076240     0.0071179     0.0066460     0.0062051     0.0057924     0.0054055     0.0050420     0.0047002     0.0043781     0.0040744     0.0037877     0.0035169     0.0032611     0.0030196     0.0027916     0.0025768     0.0023746     0.0021846     0.0020067     0.0018405     0.0016857     0.0015420     0.0014092     0.0012868     0.0011744     0.0010715     0.0009775     0.0008919     0.0008140     0.0007431     0.0006785     0.0006195     0.0005656     0.0005160     0.0004703     0.0004280     0.0003889     0.0003524     0.0003186     0.0002871     0.0002578     0.0002307     0.0002056     0.0001826     0.0001614     0.0001421     0.0001245     0.0001086     0.0000944
     0.0000309     0.0002446     0.0008111     0.0018762     0.0035505     0.0059018     0.0089499     0.0126643     0.0169666     0.0217352     0.0268146     0.0320261     0.0371812     0.0420951     0.0465986     0.0505498     0.0538406     0.0564016     0.0582023     0.0592483     0.0595764     0.0592480     0.0583410     0.0569436     0.0551472     0.0530411     0.0507093     0.0482273     0.0456605     0.0430644     0.0404840     0.0379551     0.0355049     0.0331530     0.0309130     0.0287931     0.0267976     0.0249273     0.0231805     0.0215536     0.0200420     0.0186397     0.0173405     0.0161379     0.0150250     0.0139952     0.0130422     0.0121597     0.0113419     0.0105833     0.0098786     0.0092232     0.0086126     0.0080428     0.0075103     0.0070115     0.0065437     0.0061042     0.0056906     0.0053009     0.0049333     0.0045862     0.0042583     0.0039486     0.0036560     0.0033800     0.0031197     0.0028747     0.0026447     0.0024291     0.0022278     0.0020403     0.0018663     0.0017054     0.0015571     0.0014210     0.0012964     0.0011827     0.0010791     0.0009848     0.0008990     0.0008208     0.0007495     0.0006842     0.0006242     0.0005689     0.0005178     0.0004705     0.0004264     0.0003855     0.0003474     0.0003120     0.0002792     0.0002488     0.0002209     0.0001953     0.0001720     0.0001507     0.0001315     0.0001142
     0.0000304     0.0002407     0.0007998     0.0018545     0.0035208     0.0058752     0.0089501     0.0127304     0.0171538     0.0221145     0.0274691     0.0330465     0.0386588     0.0441140     0.0492290     0.0538406     0.0578155     0.0610564     0.0635055     0.0651437     0.0659877     0.0660843     0.0655033     0.0643304     0.0626595     0.0605870     0.0582064     0.0556044     0.0528587     0.0500368     0.0471951     0.0443795     0.0416262     0.0389626     0.0364085     0.0339772     0.0316768     0.0295110     0.0274803     0.0255827     0.0238139     0.0221688     0.0206410     0.0192236     0.0179096     0.0166917     0.0155629     0.0145162     0.0135451     0.0126433     0.0118048     0.0110243     0.0102967     0.0096172     0.0089817     0.0083863     0.0078276     0.0073024     0.0068080     0.0063420     0.0059023     0.0054871     0.0050949     0.0047242     0.0043741     0.0040437     0.0037322     0.0034390     0.0031636     0.0029056     0.0026645     0.0024401     0.0022318     0.0020393     0.0018618     0.0016990     0.0015499     0.0014139     0.0012899     0.0011772     0.0010745     0.0009811     0.0008958     0.0008178     0.0007461     0.0006801     0.0006190     0.0005624     0.0005098     0.0004608     0.0004153     0.0003730     0.0003338     0.0002975     0.0002642     0.0002336     0.0002056     0.0001802     0.0001573     0.0001366
     0.0000295     0.0002340     0.0007788     0.0018101     0.0034466     0.0057719     0.0088296     0.0126192     0.0170955     0.0221700     0.0277153     0.0335725     0.0395604     0.0454867     0.0511599     0.0564016     0.0610564     0.0650008     0.0681486     0.0704532     0.0719062     0.0725343     0.0723929     0.0715592     0.0701251     0.0681895     0.0658525     0.0632107     0.0603531     0.0573591     0.0542972     0.0512248     0.0481882     0.0452240     0.0423595     0.0396146     0.0370024     0.0345307     0.0322029     0.0300191     0.0279767     0.0260713     0.0242970     0.0226471     0.0211143     0.0196910     0.0183696     0.0171425     0.0160024     0.0149425     0.0139560     0.0130368     0.0121791     0.0113777     0.0106276     0.0099244     0.0092642     0.0086434     0.0080588     0.0075076     0.0069873     0.0064959     0.0060315     0.0055926     0.0051781     0.0047867     0.0044178     0.0040705     0.0037443     0.0034387     0.0031532     0.0028874     0.0026407     0.0024127     0.0022026     0.0020098     0.0018333     0.0016723     0.0015256     0.0013921     0.0012708     0.0011602     0.0010593     0.0009671     0.0008823     0.0008043     0.0007321     0.0006651     0.0006029     0.0005450     0.0004912     0.0004412     0.0003948     0.0003520     0.0003125     0.0002763     0.0002433     0.0002133     0.0001861     0.0001616
     0.0000284     0.0002252     0.0007505     0.0017479     0.0033370     0.0056066     0.0086095     0.0123589     0.0168260     0.0219404     0.0275930     0.0336408     0.0399142     0.0462267     0.0523854     0.0582023     0.0635055     0.0681486     0.0720186     0.0750399     0.0771765     0.0784299     0.0788355     0.0784560     0.0773751     0.0756893     0.0735016     0.0709150     0.0680282     0.0649319     0.0617065     0.0584215     0.0551346     0.0518924     0.0487317     0.0456798     0.0427563     0.0399742     0.0373410     0.0348599     0.0325306     0.0303501     0.0283135     0.0264147     0.0246465     0.0230012     0.0214707     0.0200472     0.0187228     0.0174897     0.0163408     0.0152691     0.0142683     0.0133322     0.0124556     0.0116333     0.0108607     0.0101339     0.0094492     0.0088033     0.0081935     0.0076174     0.0070729     0.0065582     0.0060719     0.0056128     0.0051799     0.0047725     0.0043897     0.0040311     0.0036962     0.0033843     0.0030949     0.0028274     0.0025810     0.0023548     0.0021479     0.0019591     0.0017871     0.0016307     0.0014885     0.0013589     0.0012408     0.0011327     0.0010335     0.0009420     0.0008575     0.0007791     0.0007063     0.0006385     0.0005755     0.0005169     0.0004626     0.0004125     0.0003662     0.0003238     0.0002851     0.0002499     0.0002181     0.0001895
     0.0000270     0.0002148     0.0007168     0.0016725     0.0032007     0.0053935     0.0083112     0.0119787     0.0163825     0.0214703     0.0271520     0.0333027     0.0397687     0.0463742     0.0529310     0.0592483     0.0651437     0.0704532     0.0750399     0.0788011     0.0816715     0.0836247     0.0846711     0.0848536     0.0842413     0.0829227     0.0809982     0.0785738     0.0757546     0.0726408     0.0693241     0.0658857     0.0623953     0.0589108     0.0554791     0.0521367     0.0489111     0.0458215     0.0428808     0.0400962     0.0374707     0.0350035     0.0326915     0.0305295     0.0285108     0.0266280     0.0248731     0.0232378     0.0217137     0.0202928     0.0189671     0.0177291     0.0165717     0.0154883     0.0144729     0.0135196     0.0126236     0.0117800     0.0109850     0.0102348     0.0095263     0.0088566     0.0082235     0.0076250     0.0070595     0.0065254     0.0060219     0.0055478     0.0051025     0.0046853     0.0042956     0.0039328     0.0035962     0.0032850     0.0029984     0.0027354     0.0024948     0.0022753     0.0020755     0.0018937     0.0017285     0.0015780     0.0014408     0.0013153     0.0012001     0.0010939     0.0009958     0.0009048     0.0008203     0.0007416     0.0006684     0.0006004     0.0005374     0.0004791     0.0004255     0.0003762     0.0003313     0.0002904     0.0002534     0.0002201
     0.0000256     0.0002033     0.0006794     0.0015880     0.0030457     0.0051459     0.0079547     0.0115067     0.0158023     0.0208060     0.0264466     0.0326186     0.0391863     0.0459889     0.0528480     0.0595764     0.0659877     0.0719062     0.0771765     0.0816715     0.0852982     0.0880010     0.0897623     0.0906001     0.0905638     0.0897276     0.0881839     0.0860363     0.0833925     0.0803592     0.0770375     0.0735194     0.0698866     0.0662087     0.0625439     0.0589387     0.0554297     0.0520439     0.0488007     0.0457126     0.0427866     0.0400253     0.0374280     0.0349910     0.0327089     0.0305748     0.0285811     0.0267195     0.0249813     0.0233581     0.0218415     0.0204234     0.0190962     0.0178526     0.0166858     0.0155898     0.0145587     0.0135876     0.0126717     0.0118071     0.0109903     0.0102180     0.0094877     0.0087971     0.0081443     0.0075280     0.0069466     0.0063994     0.0058853     0.0054036     0.0049537     0.0045348     0.0041462     0.0037871     0.0034563     0.0031528     0.0028752     0.0026220     0.0023916     0.0021820     0.0019915     0.0018181     0.0016600     0.0015153     0.0013826     0.0012604     0.0011474     0.0010426     0.0009452     0.0008546     0.0007703     0.0006920     0.0006194     0.0005523     0.0004904     0.0004337     0.0003819     0.0003348     0.0002922     0.0002538
     0.0000240     0.0001913     0.0006400     0.0014980     0.0028786     0.0048753     0.0075580     0.0109690     0.0151206     0.0199926     0.0255316     0.0316518     0.0382365     0.0451428     0.0522061     0.0592480     0.0660843     0.0725343     0.0784299     0.0836247     0.0880010     0.0914750     0.0940001     0.0955665     0.0961987     0.0959516     0.0949033     0.0931496     0.0907957     0.0879509     0.0847226     0.0812123     0.0775121     0.0737035     0.0698561     0.0660277     0.0622648     0.0586037     0.0550712     0.0516864     0.0484616     0.0454038     0.0425152     0.0397948     0.0372390     0.0348420     0.0325969     0.0304956     0.0285297     0.0266905     0.0249694     0.0233578     0.0218475     0.0204307     0.0191003     0.0178493     0.0166717     0.0155617     0.0145143     0.0135251     0.0125900     0.0117057     0.0108691     0.0100779     0.0093299     0.0086234     0.0079571     0.0073297     0.0067403     0.0061881     0.0056723     0.0051921     0.0047466     0.0043350     0.0039559     0.0036081     0.0032901     0.0030001     0.0027362     0.0024962     0.0022781     0.0020797     0.0018988     0.0017334     0.0015816     0.0014418     0.0013125     0.0011927     0.0010813     0.0009777     0.0008814     0.0007918     0.0007088     0.0006320     0.0005613     0.0004964     0.0004371     0.0003832     0.0003344     0.0002906
     0.0000225     0.0001791     0.0005996     0.0014054     0.0027054     0.0045918     0.0071366     0.0103884     0.0143690     0.0190717     0.0244595     0.0304649     0.0369912     0.0439139     0.0510857     0.0583410     0.0655033     0.0723929     0.0788355     0.0846711     0.0897623     0.0940001     0.0973098     0.0996525     0.1010253     0.1014585     0.1010110     0.0997646     0.0978168     0.0952745     0.0922475     0.0888435     0.0851637     0.0813001     0.0773339     0.0733343     0.0693586     0.0654532     0.0616538     0.0579873     0.0544723     0.0511211     0.0479404     0.0449323     0.0420957     0.0394267     0.0369195     0.0345670     0.0323611     0.0302932     0.0283546     0.0265364     0.0248302     0.0232277     0.0217211     0.0203032     0.0189672     0.0177071     0.0165173     0.0153929     0.0143296     0.0133236     0.0123716     0.0114709     0.0106192     0.0098147     0.0090557     0.0083411     0.0076697     0.0070407     0.0064531     0.0059061     0.0053987     0.0049299     0.0044982     0.0041023     0.0037403     0.0034102     0.0031099     0.0028370     0.0025890     0.0023634     0.0021577     0.0019697     0.0017973     0.0016384     0.0014916     0.0013555     0.0012290     0.0011113     0.0010018     0.0009001     0.0008057     0.0007185     0.0006381     0.0005644     0.0004970     0.0004357     0.0003803     0.0003304
     0.0000209     0.0001669     0.0005593     0.0013125     0.0025305     0.0043032     0.0067036     0.0097843     0.0135749     0.0180802     0.0232775     0.0291167     0.0355195     0.0423811     0.0495723     0.0569436     0.0643304     0.0715592     0.0784560     0.0848536     0.0906001     0.0955665     0.0996525     0.1027914     0.1049513     0.1061352     0.1063783     0.1057430     0.1043134     0.1021884     0.0994756     0.0962850     0.0927240     0.0888933     0.0848845     0.0807780     0.0766425     0.0725349     0.0685011     0.0645766     0.0607877     0.0571532     0.0536850     0.0503895     0.0472691     0.0443222     0.0415451     0.0389319     0.0364753     0.0341672     0.0319992     0.0299622     0.0280477     0.0262471     0.0245522     0.0229554     0.0214495     0.0200279     0.0186847     0.0174145     0.0162126     0.0150750     0.0139982     0.0129790     0.0120150     0.0111042     0.0102449     0.0094357     0.0086754     0.0079631     0.0072977     0.0066783     0.0061037     0.0055729     0.0050843     0.0046362     0.0042265     0.0038531     0.0035134     0.0032048     0.0029244     0.0026695     0.0024371     0.0022248     0.0020300     0.0018506     0.0016848     0.0015311     0.0013883     0.0012555     0.0011319     0.0010170     0.0009104     0.0008119     0.0007211     0.0006378     0.0005617     0.0004925     0.0004299     0.0003735
     0.0000194     0.0001550     0.0005198     0.0012211     0.0023576     0.0040162     0.0062693     0.0091724     0.0127612     0.0170495     0.0220273     0.0276596     0.0338857     0.0406195     0.0477506     0.0551472     0.0626595     0.0701251     0.0773751     0.0842413     0.0905638     0.0961987     0.1010253     0.1049513     0.1079170     0.1098969     0.1108993     0.1109631     0.1101534     0.1085559     0.1062706     0.1034051     0.1000689     0.0963688     0.0924049     0.0882679     0.0840373     0.0797812     0.0755560     0.0714069     0.0673691     0.0634688     0.0597243     0.0561474     0.0527447     0.0495181     0.0464663     0.0435854     0.0408696     0.0383116     0.0359034     0.0336365     0.0315021     0.0294916     0.0275967     0.0258092     0.0241217     0.0225273     0.0210196     0.0195930     0.0182423     0.0169631     0.0157517     0.0146049     0.0135198     0.0124944     0.0115268     0.0106154     0.0097591     0.0089568     0.0082073     0.0075097     0.0068627     0.0062649     0.0057148     0.0052104     0.0047493     0.0043292     0.0039471     0.0036001     0.0032849     0.0029983     0.0027372     0.0024987     0.0022799     0.0020785     0.0018924     0.0017199     0.0015595     0.0014104     0.0012716     0.0011426     0.0010230     0.0009123     0.0008104     0.0007168     0.0006313     0.0005536     0.0004832     0.0004199
     0.0000180     0.0001435     0.0004816     0.0011326     0.0021895     0.0037355     0.0058419     0.0085655     0.0119464     0.0160056     0.0207438     0.0261391     0.0321466     0.0386976     0.0457004     0.0530411     0.0605870     0.0681895     0.0756893     0.0829227     0.0897276     0.0959516     0.1014585     0.1061352     0.1098969     0.1126905     0.1144959     0.1153256     0.1152218     0.1142517     0.1125020     0.1100728     0.1070714     0.1036067     0.0997846     0.0957039     0.0914543     0.0871146     0.0827519     0.0784219     0.0741694     0.0700290     0.0660268     0.0621808     0.0585027     0.0549990     0.0516717     0.0485194     0.0455383     0.0427227     0.0400654     0.0375585     0.0351937     0.0329624     0.0308561     0.0288667     0.0269864     0.0252081     0.0235249     0.0219310     0.0204211     0.0189903     0.0176347     0.0163507     0.0151357     0.0139870     0.0129029     0.0118818     0.0109222     0.0100230     0.0091831     0.0084013     0.0076764     0.0070067     0.0063904     0.0058254     0.0053092     0.0048389     0.0044113     0.0040230     0.0036704     0.0033500     0.0030582     0.0027917     0.0025473     0.0023223     0.0021144     0.0019217     0.0017427     0.0015761     0.0014211     0.0012770     0.0011434     0.0010198     0.0009059     0.0008013     0.0007058     0.0006189     0.0005403     0.0004695
     0.0000166     0.0001326     0.0004452     0.0010479     0.0020280     0.0034648     0.0054275     0.0079732     0.0111449     0.0149694     0.0194557     0.0245933     0.0303511     0.0366762     0.0434942     0.0507093     0.0582064     0.0658525     0.0735016     0.0809982     0.0881839     0.0949033     0.1010110     0.1063783     0.1108993     0.1144959     0.1171206     0.1187585     0.1194256     0.1191665     0.1180499     0.1161630     0.1136057     0.1104845     0.1069072     0.1029785     0.0987961     0.0944483     0.0900129     0.0855561     0.0811328     0.0767873     0.0725538     0.0684580     0.0645177     0.0607448     0.0571454     0.0537217     0.0504725     0.0473941     0.0444808     0.0417257     0.0391211     0.0366589     0.0343309     0.0321288     0.0300449     0.0280717     0.0262024     0.0244307     0.0227510     0.0211585     0.0196488     0.0182184     0.0168642     0.0155837     0.0143748     0.0132360     0.0121657     0.0111628     0.0102259     0.0093540     0.0085454     0.0077986     0.0071115     0.0064817     0.0059063     0.0053823     0.0049061     0.0044737     0.0040813     0.0037248     0.0034002     0.0031038     0.0028320     0.0025820     0.0023509     0.0021368     0.0019378     0.0017527     0.0015804     0.0014203     0.0012718     0.0011344     0.0010077     0.0008915     0.0007853     0.0006887     0.0006012     0.0005225
     0.0000153     0.0001223     0.0004108     0.0009677     0.0018745     0.0032065     0.0050303     0.0074024     0.0103676     0.0139567     0.0181856     0.0230530     0.0285396     0.0346066     0.0411953     0.0482273     0.0556044     0.0632107     0.0709150     0.0785738     0.0860363     0.0931496     0.0997646     0.1057430     0.1109631     0.1153256     0.1187585     0.1212198     0.1226983     0.1232133     0.1228113     0.1215617     0.1195519     0.1168811     0.1136548     0.1099796     0.1059584     0.1016877     0.0972544     0.0927352     0.0881952     0.0836887     0.0792591     0.0749405     0.0707581     0.0667297     0.0628669     0.0591761     0.0556596     0.0523162     0.0491423     0.0461328     0.0432809     0.0405792     0.0380199     0.0355952     0.0332974     0.0311189     0.0290529     0.0270930     0.0252334     0.0234690     0.0217956     0.0202091     0.0187066     0.0172855     0.0159435     0.0146790     0.0134905     0.0123767     0.0113363     0.0103680     0.0094701     0.0086410     0.0078782     0.0071792     0.0065409     0.0059596     0.0054315     0.0049522     0.0045174     0.0041225     0.0037630     0.0034349     0.0031342     0.0028575     0.0026019     0.0023650     0.0021449     0.0019401     0.0017495     0.0015724     0.0014080     0.0012560     0.0011159     0.0009872     0.0008697     0.0007627     0.0006659     0.0005787
